436.105806 5.898417308e-05 7.176e-06
436.1058057 5.006130567e-05 5.31e-06
436.1058044 5.216791875e-05 4.991e-06
436.1058065 5.147217358e-05 8.163e-06
436.1058036 4.654459324e-05 4.682e-06
436.1058062 4.326834303e-05 5.325e-06
436.1058052 3.838152792e-05 4.919e-06
436.1058049 4.95923621e-05 4.834e-06
436.1058039 4.654627128e-05 5.281e-06
436.1058054 5.467180242e-05 5.816e-06
436.1058065 5.179862458e-05 7.605e-06
436.105806 4.813090488e-05 6.984e-06
436.1058062 5.449991411e-05 6.472e-06
436.1058046 4.998221265e-05 4.824e-06
436.1058057 5.402596698e-05 5.659e-06
436.1058041 4.961279087e-05 5.079e-06
436.1058065 4.691382533e-05 4.204e-06
436.1058062 5.371692262e-05 5.472e-06
436.105806 5.224498509e-05 5.158e-06
436.1058052 5.120976262e-05 4.647e-06
436.1058054 5.032454308e-05 5.756e-06
436.1058044 5.473197013e-05 5.453e-06
436.1058065 4.384383593e-05 5.843e-06
436.1058049 5.05775445e-05 4.033e-06
436.1058057 5.584445852e-05 5.552e-06
436.1085829 2.53510148e-05 6.251e-06
436.1085803 2.303931519e-05 4.726e-06
436.1085795 2.790590911e-05 5.229e-06
436.1085827 3.723754901e-05 5.785e-06
436.1085813 3.160312982e-05 4.739e-06
436.1085834 3.189962177e-05 8.578e-06
436.1085806 3.21720143e-05 4.901e-06
436.1085832 3.515254214e-05 5.139e-06
436.1085821 4.299793062e-05 5.28e-06
436.1085792 3.296008174e-05 4.99e-06
436.1085819 2.750060606e-05 4.455e-06
436.1085808 3.138002695e-05 4.797e-06
436.1085824 3.598708783e-05 5.142e-06
436.1085834 3.943234154e-05 5.634e-06
436.1085829 2.701209806e-05 5.928e-06
436.1085832 3.406377002e-05 5.565e-06
436.1085816 2.594381444e-05 4.701e-06
436.1085827 2.767274147e-05 4.809e-06
436.1085811 4.155194012e-05 4.645e-06
436.108579 3.110241016e-05 4.617e-06
436.1085834 3.63458505e-05 5.597e-06
436.1085832 2.915416878e-05 6.349e-06
436.1085829 2.688965723e-05 5.499e-06
436.1085821 3.532313103e-05 4.671e-06
436.1085824 3.489985011e-05 4.984e-06
436.1085813 2.462062758e-05 4.961e-06
436.1085834 4.184218585e-05 6.329e-06
436.1085819 3.682666886e-05 5.043e-06
436.1085827 3.562126869e-05 4.74e-06
436.1085787 3.396599803e-05 5.224e-06
436.1085803 2.682055747e-05 4.397e-06
436.10858 3.477011642e-05 4.924e-06
436.1113583 1.131383155e-05 4.775e-06
436.111361 2.087267783e-05 7.293e-06
436.1113575 2.159834209e-05 5.688e-06
436.1113607 1.740112426e-05 5.89e-06
436.1113594 2.306662887e-05 5.932e-06
436.1113615 -1.089136999e-06 9.629e-06
436.1113586 8.497624885e-06 4.862e-06
436.1113612 1.26127631e-05 5.707e-06
436.1113602 2.654997125e-05 5.854e-06
436.1113573 5.568526039e-06 5.042e-06
436.1113599 1.672104244e-05 6.436e-06
436.1113589 1.468418813e-05 5.718e-06
436.1113604 8.38998424e-06 6.045e-06
436.1113615 1.192197877e-05 6.457e-06
436.111361 1.363326526e-05 6.099e-06
436.1113612 1.213365497e-05 6.612e-06
436.1113596 1.282227039e-05 4.234e-06
436.1113607 2.137179788e-05 5.763e-06
436.1113591 5.624393044e-06 4.679e-06
436.111357 1.539374207e-05 4.634e-06
436.1113615 1.663755677e-05 6.729e-06
436.1113612 1.336564728e-05 7.668e-06
436.111361 1.838137704e-05 4.834e-06
436.1113602 8.391744099e-06 4.697e-06
436.1113604 9.215916256e-06 5.043e-06
436.1113594 2.487533085e-05 6.255e-06
436.1113615 2.008738083e-05 6.257e-06
436.1113599 2.06097672e-05 6.162e-06
436.1113607 1.182708053e-05 5.289e-06
436.1113568 9.754071555e-06 5.507e-06
436.1113583 4.744434862e-06 6.203e-06
436.1113581 1.815723424e-06 4.896e-06
436.1141404 1.727120296e-06 6.6e-06
436.1141377 -1.390801413e-05 5.081e-06
436.1141369 -6.886978618e-06 4.85e-06
436.1141401 2.026981858e-06 4.92e-06
436.1141388 -2.729370153e-06 4.406e-06
436.1141409 -5.023645868e-06 6.21e-06
436.114138 -4.21320234e-06 5.224e-06
436.1141406 -6.271369535e-06 5.38e-06
436.1141396 -9.604330235e-06 4.803e-06
436.1141367 -7.282916238e-06 5.014e-06
436.1141393 -4.044550356e-06 4.988e-06
436.1141383 -4.077606729e-06 4.849e-06
436.1141398 -6.206762783e-06 5.311e-06
436.1141409 -4.434249377e-06 5.745e-06
436.1141404 2.54582884e-06 6.443e-06
436.1141406 -5.428409768e-06 5.819e-06
436.114139 -1.148663386e-06 4.724e-06
436.1141401 2.047644645e-07 5.846e-06
436.1141385 -3.052027612e-06 4.394e-06
436.1141364 2.015851202e-06 4.258e-06
436.1141409 -1.231865535e-05 6.856e-06
436.1141406 1.893306621e-06 6.288e-06
436.1141404 2.607531279e-06 5.503e-06
436.1141396 3.979116067e-07 4.399e-06
436.1141398 -6.920178066e-06 4.972e-06
436.1141388 -8.48550151e-06 4.53e-06
436.1141409 -9.446882347e-06 5.85e-06
436.1141393 -5.182822215e-06 5.213e-06
436.1141401 1.780172092e-06 4.586e-06
436.1141377 -2.076188828e-06 4.063e-06
436.1141375 -7.667578931e-06 4.488e-06
436.1169177 -2.253376515e-05 5.236e-06
436.1169151 -1.851824766e-05 4.231e-06
436.1169174 -2.832955354e-05 4.787e-06
436.1169143 -1.392692539e-05 4.572e-06
436.1169161 -1.612671919e-05 5.227e-06
436.116918 -2.144897672e-05 6.227e-06
436.1169153 -2.164864849e-05 4.698e-06
436.1169169 -2.459329708e-05 5.379e-06
436.116914 -1.225017427e-05 5.453e-06
436.1169167 -2.255917331e-05 3.99e-06
436.1169156 -2.2708424e-05 4.651e-06
436.1169172 -2.104593481e-05 4.908e-06
436.1169182 -3.618221936e-05 6.821e-06
436.1169177 -1.88426793e-05 6.053e-06
436.116918 -2.424077875e-05 6.012e-06
436.1169164 -2.405951963e-05 5.34e-06
436.1169174 -1.618906825e-05 6.493e-06
436.1169159 -2.505338548e-05 4.846e-06
436.1169138 -1.911459067e-05 4.411e-06
436.1169182 -1.671636174e-05 6.426e-06
436.116918 -2.038359092e-05 7.296e-06
436.1169177 -1.944844477e-05 5.465e-06
436.1169169 -2.769243356e-05 6.281e-06
436.1169172 -1.915894322e-05 5.673e-06
436.1169161 -2.996414498e-05 4.527e-06
436.1169182 -2.099325637e-05 5.522e-06
436.1169167 -2.062428547e-05 4.732e-06
436.1169174 -1.811259616e-05 5.517e-06
436.1169135 -1.800270717e-05 5.106e-06
436.1169151 -2.242056791e-05 4.3e-06
436.1169148 -1.373999856e-05 4.799e-06
436.1196962 -3.237447499e-05 6.073e-06
436.1196936 -3.631885303e-05 4.595e-06
436.1196959 -1.916990102e-05 5.824e-06
436.1196928 -3.982260542e-05 4.045e-06
436.1196967 -3.120624375e-05 8.826e-06
436.1196946 -3.216542477e-05 4.582e-06
436.1196964 -3.455049249e-05 5.666e-06
436.1196938 -3.497119551e-05 4.537e-06
436.1196954 -3.998103301e-05 4.8e-06
436.1196925 -3.544518027e-05 4.002e-06
436.1196951 -3.348540927e-05 5.145e-06
436.1196941 -2.983271207e-05 4.631e-06
436.1196957 -2.886935073e-05 5.584e-06
436.1196967 -3.904952401e-05 7.62e-06
436.1196962 -3.76721129e-05 6.67e-06
436.1196964 -3.019434292e-05 6.435e-06
436.1196949 -3.532776143e-05 4.714e-06
436.1196959 -3.231634613e-05 4.962e-06
436.1196943 -3.924553548e-05 4.726e-06
436.1196922 -3.972723604e-05 5.623e-06
436.1196967 -3.058441922e-05 5.883e-06
436.1196964 -3.11785146e-05 6.339e-06
436.1196954 -2.896353112e-05 5.034e-06
436.1196957 -2.952618166e-05 5.468e-06
436.1196946 -3.788835948e-05 4.353e-06
436.1196967 -3.355413041e-05 5.667e-06
436.1196951 -4.00638518e-05 4.657e-06
436.1196959 -4.35288402e-05 5.133e-06
436.119692 -3.422285077e-05 5.051e-06
436.1196936 -2.908757213e-05 5.286e-06
436.1196933 -3.292713384e-05 4.137e-06
436.1217939 -3.070700338e-05 8.362e-06
436.1217913 -4.224876286e-05 6.573e-06
436.1217936 -4.104433978e-05 5.46e-06
436.1217905 -4.869938166e-05 6.034e-06
436.1217923 -3.955918351e-05 7.193e-06
436.1217944 -3.200827145e-05 1.1721e-05
436.1217942 -4.562175472e-05 5.782e-06
436.1217915 -5.649128933e-05 6.174e-06
436.1217931 -4.576404128e-05 6.055e-06
436.1217902 -5.321527658e-05 6.32e-06
436.1217929 -5.108243446e-05 7.566e-06
436.1217918 -5.961601016e-05 6.639e-06
436.1217944 -5.162863059e-05 8.397e-06
436.1217939 -3.577700873e-05 9.66e-06
436.1217942 -4.180259019e-05 7.996e-06
436.1217926 -4.680135081e-05 6.426e-06
436.1217936 -3.471735155e-05 8.077e-06
436.1217921 -3.248564493e-05 6.675e-06
436.12179 -4.163303674e-05 6.792e-06
436.1217944 -3.310126009e-05 1.0353e-05
436.1217942 -3.142887207e-05 9.112e-06
436.1217939 -4.436859328e-05 8.091e-06
436.1217931 -4.368248002e-05 6.603e-06
436.1217934 -2.755123567e-05 6.936e-06
436.1217923 -4.487640841e-05 6.772e-06
436.1217944 -4.589558426e-05 9.118e-06
436.1217929 -5.121418273e-05 6.345e-06
436.1217936 -4.244689076e-05 7.877e-06
436.1217897 -3.220547681e-05 6.584e-06
436.1217913 -5.213356762e-05 7.452e-06
436.121791 -5.581620264e-05 7.361e-06
436.1239615 -5.503282248e-05 6.162e-06
436.1239589 -5.851977631e-05 5.082e-06
436.1239613 -4.456472717e-05 6.11e-06
436.1239581 -5.439468821e-05 4.397e-06
436.123962 -5.005036642e-05 1.0234e-05
436.1239599 -6.457907925e-05 4.463e-06
436.1239618 -4.839170989e-05 5.528e-06
436.1239592 -5.84876292e-05 5.559e-06
436.1239607 -6.021617542e-05 4.707e-06
436.1239578 -5.398387193e-05 4.934e-06
436.1239605 -5.212548014e-05 4.19e-06
436.1239594 -5.747178668e-05 4.463e-06
436.123961 -5.517260527e-05 5.917e-06
436.123962 -4.745200369e-05 5.698e-06
436.1239615 -4.844354674e-05 6.425e-06
436.1239618 -6.11286013e-05 5.899e-06
436.1239602 -4.50726525e-05 4.878e-06
436.1239613 -4.979953721e-05 5.812e-06
436.1239597 -5.274581091e-05 4.312e-06
436.1239576 -4.634960527e-05 5.046e-06
436.123962 -5.240332823e-05 5.012e-06
436.1239618 -4.462193403e-05 6.208e-06
436.1239615 -5.237149712e-05 4.457e-06
436.1239607 -5.998459559e-05 5.078e-06
436.123961 -5.208835498e-05 3.817e-06
436.1239599 -4.472187701e-05 5.249e-06
436.123962 -5.351577147e-05 5.399e-06
436.1239605 -5.509086909e-05 4.844e-06
436.1239613 -5.224648227e-05 6.346e-06
436.1239573 -5.471283122e-05 5.117e-06
436.1239589 -5.942213904e-05 5.085e-06
436.1239586 -4.949764081e-05 4.224e-06
436.1267338 -6.870438902e-05 5.01e-06
436.1267312 -6.552197551e-05 4.984e-06
436.1267336 -7.019510193e-05 5.24e-06
436.1267304 -7.224432923e-05 4.772e-06
436.1267344 -6.10893295e-05 1.0402e-05
436.1267323 -7.168496225e-05 4.605e-06
436.1267341 -6.062594959e-05 5.721e-06
436.1267315 -7.092105983e-05 4.951e-06
436.1267331 -6.71041207e-05 5.574e-06
436.1267302 -6.046853494e-05 4.62e-06
436.1267328 -6.726079566e-05 5.322e-06
436.1267317 -6.502445903e-05 4.363e-06
436.1267333 -5.974876283e-05 6.06e-06
436.1267344 -6.659715389e-05 6.006e-06
436.1267338 -6.458250546e-05 5.388e-06
436.1267341 -5.852400089e-05 6.355e-06
436.1267325 -6.59133699e-05 4.486e-06
436.1267336 -6.278130204e-05 6.448e-06
436.126732 -5.890556822e-05 4.813e-06
436.1267299 -5.964121768e-05 4.911e-06
436.1267344 -6.020990832e-05 6.386e-06
436.1267341 -6.213752192e-05 6.246e-06
436.1267338 -6.981080713e-05 5.226e-06
436.1267331 -6.604531362e-05 5.266e-06
436.1267333 -7.573254174e-05 5.678e-06
436.1267323 -6.69763886e-05 5.669e-06
436.1267344 -6.164591741e-05 5.805e-06
436.1267328 -6.136594026e-05 4.205e-06
436.1267336 -6.231502145e-05 6.435e-06
436.1267296 -6.145687057e-05 4.894e-06
436.1267312 -6.420944799e-05 4.683e-06
436.126731 -6.748580016e-05 4.253e-06
436.1295109 -6.537340764e-05 7.759e-06
436.1295083 -7.657081429e-05 4.134e-06
436.1295106 -7.401849125e-05 6.472e-06
436.1295075 -7.220482385e-05 4.108e-06
436.1295114 -6.000987519e-05 1.0164e-05
436.1295093 -7.010277567e-05 4.822e-06
436.1295111 -7.045944029e-05 6.038e-06
436.1295085 -7.592040794e-05 4.794e-06
436.1295101 -7.784537228e-05 4.405e-06
436.1295072 -7.562638678e-05 4.085e-06
436.1295098 -7.424980341e-05 5.051e-06
436.1295088 -7.989741271e-05 4.761e-06
436.1295104 -7.68571298e-05 6.759e-06
436.1295114 -8.019715287e-05 6.732e-06
436.1295109 -7.329717896e-05 6.089e-06
436.1295111 -7.924335589e-05 6.227e-06
436.1295096 -6.963910001e-05 6.2e-06
436.1295106 -7.23547266e-05 5.258e-06
436.129509 -8.243136125e-05 4.84e-06
436.1295069 -7.179861345e-05 4.422e-06
436.1295114 -6.947023285e-05 5.261e-06
436.1295111 -7.555149404e-05 5.665e-06
436.1295109 -8.144397341e-05 5.294e-06
436.1295101 -7.180408812e-05 5.418e-06
436.1295104 -8.418985906e-05 4.269e-06
436.1295093 -7.358052287e-05 5.308e-06
436.1295114 -7.185805464e-05 4.943e-06
436.1295098 -8.114447342e-05 5.675e-06
436.1295106 -7.787869555e-05 5.062e-06
436.1295067 -7.195283572e-05 4.805e-06
436.1295083 -8.280194424e-05 4.848e-06
436.129508 -7.229703816e-05 5.352e-06
436.132288 -8.261427882e-05 6.985e-06
436.1322854 -8.067868845e-05 4.026e-06
436.1322877 -8.40188078e-05 5.754e-06
436.1322846 -8.492640454e-05 4.726e-06
436.1322885 -7.354904662e-05 7.035e-06
436.1322864 -8.85610419e-05 4.715e-06
436.1322882 -8.784178153e-05 6.135e-06
436.1322856 -7.449989522e-05 4.273e-06
436.1322872 -8.254585355e-05 4.195e-06
436.1322843 -7.632983948e-05 4.515e-06
436.1322869 -7.642080341e-05 4.654e-06
436.1322859 -7.785385472e-05 4.065e-06
436.1322875 -7.580125109e-05 5.968e-06
436.1322885 -8.38677754e-05 5.576e-06
436.132288 -8.050064141e-05 6.522e-06
436.1322882 -8.027416082e-05 4.904e-06
436.1322867 -8.630121346e-05 5.03e-06
436.1322877 -8.084251463e-05 6.815e-06
436.1322861 -8.367432114e-05 5.156e-06
436.132284 -7.664391714e-05 4.862e-06
436.1322885 -7.843376103e-05 4.893e-06
436.1322882 -7.233296696e-05 5.15e-06
436.132288 -8.390642402e-05 5.787e-06
436.1322872 -7.347380243e-05 4.552e-06
436.1322875 -7.356779996e-05 5.447e-06
436.1322864 -7.383531826e-05 5.269e-06
436.1322885 -8.964126206e-05 5.963e-06
436.1322869 -8.274543311e-05 6.34e-06
436.1322877 -7.384324126e-05 5.469e-06
436.1322838 -8.369816541e-05 5.176e-06
436.1322854 -8.386296906e-05 4.923e-06
436.1322851 -8.353944243e-05 4.858e-06
436.1350665 -8.861301279e-05 6.557e-06
436.1350639 -8.377664805e-05 5.235e-06
436.1350662 -8.43161462e-05 5.104e-06
436.1350631 -8.520533836e-05 4.529e-06
436.135067 -7.525656274e-05 6.926e-06
436.1350649 -8.894604855e-05 4.882e-06
436.1350668 -8.461278475e-05 5.5e-06
436.1350641 -8.338833954e-05 4.534e-06
436.1350657 -8.805004759e-05 5.379e-06
436.1350628 -8.003373455e-05 4.478e-06
436.1350654 -7.507589399e-05 6.281e-06
436.1350644 -9.251544401e-05 4.979e-06
436.135066 -8.208501039e-05 6.274e-06
436.135067 -7.28638653e-05 6.937e-06
436.1350665 -7.339505159e-05 7.773e-06
436.1350668 -8.135462395e-05 5.912e-06
436.1350652 -7.730795145e-05 5.798e-06
436.1350662 -8.464180866e-05 5.414e-06
436.1350647 -8.949833587e-05 4.858e-06
436.1350626 -7.781667409e-05 5.788e-06
436.135067 -9.150681262e-05 5.789e-06
436.1350668 -7.751795142e-05 5.904e-06
436.1350665 -8.088129431e-05 5.118e-06
436.1350657 -8.864146291e-05 5.215e-06
436.135066 -9.365125071e-05 5.065e-06
436.1350649 -7.962595766e-05 5.116e-06
436.135067 -8.067146934e-05 7.146e-06
436.1350654 -8.592506237e-05 4.997e-06
436.1350662 -9.278521364e-05 6.207e-06
436.1350623 -8.517677933e-05 4.674e-06
436.1350639 -8.237414889e-05 5.865e-06
436.1350636 -8.357991774e-05 4.703e-06
436.1378449 -8.548380259e-05 5.587e-06
436.1378423 -8.970395398e-05 4.628e-06
436.1378446 -7.760338445e-05 5.604e-06
436.1378415 -9.104154841e-05 4.322e-06
436.1378454 -8.883220178e-05 8.406e-06
436.1378433 -8.626396493e-05 4.669e-06
436.1378452 -8.240046321e-05 4.616e-06
436.1378425 -9.787313914e-05 4.597e-06
436.1378441 -9.074601942e-05 5.164e-06
436.1378412 -9.135995201e-05 4.092e-06
436.1378439 -8.553754467e-05 5.833e-06
436.1378428 -9.280839789e-05 5.641e-06
436.1378444 -8.904226172e-05 6.172e-06
436.1378454 -8.240297499e-05 5.564e-06
436.1378449 -9.059222052e-05 7.362e-06
436.1378452 -9.457224365e-05 5.247e-06
436.1378436 -9.26765592e-05 6.384e-06
436.1378446 -9.049317609e-05 5.44e-06
436.1378431 -9.25967309e-05 5.277e-06
436.137841 -9.124450769e-05 4.911e-06
436.1378454 -8.587904647e-05 5.751e-06
436.1378452 -9.7412336e-05 6.36e-06
436.1378449 -8.975192924e-05 5.146e-06
436.1378441 -7.668504305e-05 5.618e-06
436.1378444 -9.068628314e-05 4.768e-06
436.1378433 -8.230123119e-05 4.758e-06
436.1378454 -8.101703204e-05 5.894e-06
436.1378439 -8.268485565e-05 4.639e-06
436.1378446 -7.691855475e-05 6.144e-06
436.1378407 -9.106082662e-05 5.437e-06
436.1378423 -0.000100703935 6.481e-06
436.137842 -9.517572277e-05 4.307e-06
436.1406214 -8.112163694e-05 6.793e-06
436.1406188 -9.049805669e-05 4.769e-06
436.1406212 -8.519847247e-05 6.831e-06
436.140618 -8.630997336e-05 4.544e-06
436.140622 -8.448910552e-05 6.868e-06
436.1406199 -8.339572117e-05 4.373e-06
436.1406217 -8.223927896e-05 4.236e-06
436.1406191 -8.712281924e-05 5.42e-06
436.1406207 -9.710509257e-05 4.998e-06
436.1406178 -9.257084318e-05 5.168e-06
436.1406204 -8.953921064e-05 5.16e-06
436.1406193 -8.61339094e-05 5.036e-06
436.1406209 -8.88547147e-05 5.487e-06
436.140622 -8.125635352e-05 5.945e-06
436.1406214 -8.885818208e-05 5.006e-06
436.1406217 -8.96489235e-05 4.922e-06
436.1406201 -9.389415481e-05 4.913e-06
436.1406212 -8.684434326e-05 5.929e-06
436.1406196 -8.075459168e-05 4.759e-06
436.1406175 -9.294782403e-05 5.122e-06
436.140622 -8.679215711e-05 5.227e-06
436.1406217 -8.534206953e-05 6.716e-06
436.1406214 -8.586507527e-05 4.809e-06
436.1406207 -9.118739286e-05 6.977e-06
436.1406209 -9.211941938e-05 4.914e-06
436.1406199 -9.376897778e-05 4.944e-06
436.140622 -9.527989771e-05 6.911e-06
436.1406204 -8.953613826e-05 4.921e-06
436.1406212 -8.228217501e-05 5.762e-06
436.1406172 -8.939709647e-05 5.493e-06
436.1406188 -8.867214477e-05 5.509e-06
436.1406186 -9.180590828e-05 4.651e-06
436.1434011 -9.470825478e-05 5.851e-06
436.1433985 -8.394639568e-05 4.945e-06
436.1433977 -7.975179753e-05 4.832e-06
436.1434017 -0.0001060689003 8.575e-06
436.1433996 -9.324718862e-05 4.991e-06
436.1434014 -8.006575942e-05 4.983e-06
436.1433988 -8.486123277e-05 4.958e-06
436.1434004 -8.640295451e-05 4.887e-06
436.1433975 -8.724829101e-05 4.925e-06
436.1434001 -8.873950588e-05 4.316e-06
436.143399 -9.359088489e-05 4.507e-06
436.1434006 -8.426677784e-05 5.474e-06
436.1434017 -8.323909802e-05 7.961e-06
436.1434011 -9.244272533e-05 5.017e-06
436.1434014 -7.689696761e-05 7.038e-06
436.1433998 -8.575424223e-05 3.981e-06
436.1434009 -6.962201306e-05 6.784e-06
436.1433993 -8.438407913e-05 5.388e-06
436.1433972 -9.554979197e-05 4.569e-06
436.1434017 -7.961375934e-05 6.817e-06
436.1434014 -8.212728675e-05 6.855e-06
436.1434011 -9.687147595e-05 6.251e-06
436.1434004 -7.815653784e-05 4.63e-06
436.1434006 -8.518724519e-05 5.869e-06
436.1433996 -7.84598005e-05 5.903e-06
436.1434017 -8.008874015e-05 6.218e-06
436.1434001 -8.316631565e-05 4.2e-06
436.1434009 -8.69637286e-05 5.888e-06
436.1433969 -9.117034709e-05 4.28e-06
436.1433985 -7.716178918e-05 4.528e-06
436.1433983 -8.657001001e-05 5.441e-06
436.1461767 -8.456769215e-05 6.6e-06
436.1461741 -7.421684405e-05 4.679e-06
436.1461765 -7.802334164e-05 4.977e-06
436.1461733 -7.867082945e-05 4.499e-06
436.1461752 -8.397850677e-05 5.361e-06
436.146177 -8.094898683e-05 5.876e-06
436.1461744 -7.739220641e-05 4.935e-06
436.1461759 -8.946250898e-05 4.81e-06
436.1461731 -8.21782327e-05 4.559e-06
436.1461757 -9.239898427e-05 4.19e-06
436.1461746 -8.766845831e-05 5.242e-06
436.1461762 -8.02904839e-05 4.891e-06
436.1461773 -6.476322595e-05 6.355e-06
436.1461767 -8.224909952e-05 5.281e-06
436.146177 -9.510017449e-05 5.686e-06
436.1461754 -8.018007133e-05 4.236e-06
436.1461765 -9.167468177e-05 5.928e-06
436.1461749 -7.958224748e-05 4.48e-06
436.1461728 -8.814381023e-05 4.57e-06
436.1461773 -8.04219442e-05 6.745e-06
436.146177 -8.761259806e-05 7.175e-06
436.1461767 -9.199136676e-05 5.547e-06
436.1461759 -8.501119203e-05 4.056e-06
436.1461762 -8.898697286e-05 6.375e-06
436.1461752 -8.775055938e-05 5.41e-06
436.1461773 -8.059613818e-05 5.886e-06
436.1461757 -8.122291905e-05 5.233e-06
436.1461765 -8.35290391e-05 4.562e-06
436.1461741 -8.04101011e-05 4.451e-06
436.1461738 -8.540414116e-05 4.873e-06
436.1489564 -7.385148281e-05 5.81e-06
436.1489538 -7.996371877e-05 3.862e-06
436.1489561 -7.796805613e-05 5.388e-06
436.148953 -8.321249109e-05 4.295e-06
436.1489569 -7.635611812e-05 8.364e-06
436.1489548 -8.377268996e-05 5.115e-06
436.1489567 -7.700100972e-05 4.66e-06
436.148954 -8.15576412e-05 4.084e-06
436.1489556 -8.079979427e-05 4.766e-06
436.1489527 -7.311824705e-05 5.673e-06
436.1489553 -7.825358551e-05 4.323e-06
436.1489543 -7.568699639e-05 5.156e-06
436.1489559 -7.816702271e-05 4.539e-06
436.1489569 -8.017495233e-05 5.73e-06
436.1489564 -8.055648455e-05 5.987e-06
436.1489567 -8.328575841e-05 6.603e-06
436.1489551 -8.108725376e-05 4.665e-06
436.1489561 -7.703938296e-05 6.071e-06
436.1489546 -8.097993048e-05 4.812e-06
436.1489525 -8.095617555e-05 5.839e-06
436.1489569 -7.402475838e-05 5.852e-06
436.1489567 -7.303502549e-05 6.289e-06
436.1489564 -8.720281061e-05 6.115e-06
436.1489556 -8.317754165e-05 4.901e-06
436.1489559 -8.334123447e-05 4.407e-06
436.1489548 -8.820224296e-05 4.32e-06
436.1489569 -8.303070672e-05 5.055e-06
436.1489553 -7.457852191e-05 5.425e-06
436.1489561 -7.6749691e-05 6.111e-06
436.1489522 -7.947249724e-05 5.404e-06
436.1489538 -8.425072992e-05 4.823e-06
436.1489535 -7.257272424e-05 4.795e-06
436.1517349 -7.363946692e-05 6.449e-06
436.1517323 -7.544992389e-05 4.962e-06
436.1517347 -7.051903049e-05 5.414e-06
436.1517315 -7.435948114e-05 5.219e-06
436.1517354 -5.568568862e-05 8.436e-06
436.1517333 -6.633965358e-05 4.897e-06
436.1517352 -7.38114862e-05 6.884e-06
436.1517326 -7.554080309e-05 4.457e-06
436.1517341 -7.264626514e-05 4.818e-06
436.1517312 -6.835340656e-05 4.716e-06
436.1517339 -5.997437363e-05 5.151e-06
436.1517328 -6.566669426e-05 4.737e-06
436.1517344 -6.477885777e-05 5.026e-06
436.1517354 -6.703900399e-05 8.058e-06
436.1517349 -6.380207703e-05 5.399e-06
436.1517352 -7.864678215e-05 4.877e-06
436.1517336 -7.771303146e-05 4.959e-06
436.1517347 -7.162886625e-05 7.01e-06
436.1517331 -6.493532717e-05 5.201e-06
436.151731 -6.250448886e-05 4.493e-06
436.1517354 -7.36970968e-05 5.687e-06
436.1517352 -6.944463737e-05 7.37e-06
436.1517349 -6.120641912e-05 6.483e-06
436.1517341 -6.501441634e-05 4.619e-06
436.1517344 -6.815229158e-05 5.295e-06
436.1517333 -6.918412618e-05 4.847e-06
436.1517354 -7.32495378e-05 6.288e-06
436.1517339 -6.190376155e-05 5.115e-06
436.1517347 -7.16608128e-05 5.618e-06
436.1517307 -6.498490462e-05 6.171e-06
436.1517323 -6.207076534e-05 5.607e-06
436.151732 -6.314950329e-05 4.368e-06
436.1545134 -6.058426214e-05 6.105e-06
436.1545108 -5.355374059e-05 4.491e-06
436.1545132 -4.828255859e-05 6.801e-06
436.15451 -5.92472468e-05 4.651e-06
436.154514 -5.446674995e-05 7.555e-06
436.1545119 -6.415463561e-05 5.218e-06
436.1545137 -5.747041184e-05 5.306e-06
436.1545111 -5.74553277e-05 5.798e-06
436.1545127 -6.262289002e-05 5.494e-06
436.1545098 -5.56245456e-05 4.943e-06
436.1545124 -5.784455492e-05 4.861e-06
436.1545113 -6.385548995e-05 5.47e-06
436.1545129 -6.328566429e-05 6.927e-06
436.154514 -4.888586191e-05 5.543e-06
436.1545134 -6.267502195e-05 6.335e-06
436.1545137 -5.326432038e-05 6.115e-06
436.1545121 -5.366323847e-05 5.505e-06
436.1545132 -6.028868623e-05 5.631e-06
436.1545116 -6.269112041e-05 4.5e-06
436.1545095 -6.018635351e-05 5.1e-06
436.154514 -5.637107059e-05 4.891e-06
436.1545137 -6.151217885e-05 6.398e-06
436.1545134 -5.458780207e-05 6.255e-06
436.1545127 -5.818858706e-05 4.773e-06
436.1545129 -5.490388884e-05 5.462e-06
436.1545119 -6.077262333e-05 4.888e-06
436.154514 -5.413779392e-05 5.539e-06
436.1545124 -5.132409926e-05 4.873e-06
436.1545132 -5.759775824e-05 5.474e-06
436.1545092 -5.308043174e-05 4.936e-06
436.1545108 -5.678740028e-05 5.507e-06
436.1545105 -6.854754579e-05 4.761e-06
436.1572907 -3.618551983e-05 7.69e-06
436.157288 -4.826448826e-05 5.545e-06
436.1572904 -4.16878648e-05 7.167e-06
436.1572873 -5.053121878e-05 4.824e-06
436.1572912 -4.846355649e-05 8.241e-06
436.1572891 -4.424084205e-05 5.076e-06
436.1572909 -5.268654892e-05 3.946e-06
436.1572883 -5.053092549e-05 5.071e-06
436.1572899 -4.682319943e-05 4.622e-06
436.157287 -5.25903079e-05 5.25e-06
436.1572896 -5.867344964e-05 4.194e-06
436.1572886 -5.197425987e-05 5.64e-06
436.1572901 -4.022177698e-05 5.84e-06
436.1572912 -5.118764826e-05 5.882e-06
436.1572907 -3.995594548e-05 6.169e-06
436.1572909 -3.946994342e-05 4.423e-06
436.1572894 -4.394978951e-05 5.105e-06
436.1572904 -5.230322393e-05 5.143e-06
436.1572888 -5.421635505e-05 4.927e-06
436.1572867 -4.254204119e-05 5.181e-06
436.1572912 -5.270140794e-05 6.919e-06
436.1572909 -3.949113421e-05 6.254e-06
436.1572907 -4.574932411e-05 6.212e-06
436.1572899 -5.669473122e-05 5.639e-06
436.1572901 -5.769189737e-05 5.049e-06
436.1572891 -5.175651061e-05 5.221e-06
436.1572912 -4.636259687e-05 6.091e-06
436.1572896 -4.790084829e-05 6.074e-06
436.1572904 -4.835190871e-05 6.723e-06
436.1572865 -5.339093149e-05 4.813e-06
436.157288 -5.214578213e-05 4.685e-06
436.1572878 -4.845491484e-05 4.63e-06
436.1600669 -3.916201667e-05 5.773e-06
436.1600643 -3.515938956e-05 5.272e-06
436.1600667 -4.009115558e-05 5.435e-06
436.1600635 -3.844224151e-05 4.657e-06
436.1600675 -2.742889429e-05 7.808e-06
436.1600654 -3.461321103e-05 4.303e-06
436.1600672 -3.06316066e-05 5.743e-06
436.1600646 -3.671236469e-05 5.288e-06
436.1600662 -3.665364937e-05 5.144e-06
436.1600633 -3.421310953e-05 3.939e-06
436.1600659 -4.408502669e-05 5.335e-06
436.1600648 -3.461485932e-05 5.641e-06
436.1600664 -3.407984246e-05 4.471e-06
436.1600675 -2.652886563e-05 6.091e-06
436.1600669 -3.784590511e-05 5.749e-06
436.1600672 -3.540074527e-05 5.831e-06
436.1600656 -4.322391278e-05 5.771e-06
436.1600667 -3.101195097e-05 5.035e-06
436.1600651 -3.490237875e-05 5.419e-06
436.160063 -2.599817368e-05 5.486e-06
436.1600675 -2.840415565e-05 5.362e-06
436.1600672 -3.938899927e-05 4.923e-06
436.1600669 -3.44407812e-05 6.091e-06
436.1600662 -3.095285327e-05 5.367e-06
436.1600664 -4.09438281e-05 5.125e-06
436.1600654 -3.707285976e-05 5.163e-06
436.1600675 -3.317759327e-05 5.541e-06
436.1600659 -4.189468039e-05 5.074e-06
436.1600667 -3.68223717e-05 5.207e-06
436.1600627 -3.053011001e-05 5.887e-06
436.1600643 -2.864915045e-05 5.534e-06
436.1600641 -3.541721411e-05 4.222e-06
436.1628475 -3.7799331e-06 6.042e-06
436.1628449 -1.579787553e-05 4.833e-06
436.1628473 -2.12218315e-05 5.586e-06
436.1628441 -1.911860101e-05 4.59e-06
436.162846 -2.800693717e-05 5.4e-06
436.1628481 -1.638404848e-05 7.915e-06
436.1628478 -1.892527202e-05 5.33e-06
436.1628452 -1.922099276e-05 4.71e-06
436.1628468 -2.871798867e-05 4.954e-06
436.1628439 -2.278053396e-05 5.186e-06
436.1628465 -2.72670652e-05 5.494e-06
436.1628454 -2.984606339e-05 5.346e-06
436.162847 -2.086203229e-05 5.439e-06
436.1628481 -2.745359317e-05 5.859e-06
436.1628475 -1.698454263e-05 5.272e-06
436.1628478 -1.386792629e-05 5.214e-06
436.1628462 -1.685128942e-05 5.283e-06
436.1628473 -1.341874471e-05 5.018e-06
436.1628457 -1.871492841e-05 5.456e-06
436.1628436 -2.118097171e-05 4.659e-06
436.1628481 -2.648553763e-05 8.908e-06
436.1628475 -2.913666421e-05 5.711e-06
436.1628468 -6.222132475e-06 5.217e-06
436.162847 -1.643746863e-05 5.169e-06
436.162846 -2.541378842e-05 4.491e-06
436.1628481 -2.271217811e-05 4.343e-06
436.1628465 -2.02809765e-05 5.718e-06
436.1628473 -1.816722161e-05 5.814e-06
436.1628433 -1.93416459e-05 4.952e-06
436.1628449 -1.94293893e-05 4.963e-06
436.1628447 -2.608998004e-05 4.692e-06
436.1656209 -2.679391484e-06 4.918e-06
436.1656236 7.611092685e-06 6.579e-06
436.1656202 -6.315401618e-06 5.139e-06
436.1656233 -1.00047549e-05 5.93e-06
436.165622 -4.864195671e-06 4.711e-06
436.1656241 -1.043190158e-06 8e-06
436.1656212 -6.75415222e-06 5.543e-06
436.1656238 -2.917433782e-06 5.903e-06
436.1656228 -7.862292055e-07 4.934e-06
436.1656199 4.209705001e-07 4.899e-06
436.1656225 -5.371019918e-06 5.521e-06
436.1656215 4.453616683e-06 5.125e-06
436.1656231 -1.50004923e-05 7.442e-06
436.1656241 2.572085618e-06 8.338e-06
436.1656236 -8.021437626e-06 7.138e-06
436.1656238 -9.127284756e-06 5.447e-06
436.1656223 -4.368251175e-06 5.263e-06
436.1656233 -9.322343554e-06 5.732e-06
436.1656217 -1.000476087e-05 4.824e-06
436.1656196 -8.022754145e-06 4.92e-06
436.1656241 -6.484675975e-06 7.309e-06
436.1656238 -9.714226028e-06 6.178e-06
436.1656236 -5.764230896e-06 5.875e-06
436.1656228 -2.760402627e-06 5.536e-06
436.1656231 -4.369548655e-06 4.812e-06
436.165622 -1.014912355e-05 5.203e-06
436.1656241 3.912043057e-06 5.524e-06
436.1656225 -5.585597309e-06 4.629e-06
436.1656233 4.310534501e-06 4.573e-06
436.1656194 -4.250348233e-06 5.617e-06
436.1656209 -1.34956406e-06 4.137e-06
436.1656207 -1.83654016e-06 5.496e-06
436.1684006 9.932422146e-06 4.71e-06
436.1684032 1.526346939e-05 7.625e-06
436.1683998 1.6417054e-05 4.672e-06
436.168403 7.440707665e-06 5.131e-06
436.1684016 1.368326757e-06 4.635e-06
436.1684037 2.288637901e-05 8.368e-06
436.1684009 1.163351265e-05 5.77e-06
436.1684035 1.926248771e-05 5.818e-06
436.1684024 2.108981667e-05 5.118e-06
436.1683995 5.977840786e-06 4.125e-06
436.1684022 1.761139582e-05 5.797e-06
436.1684011 1.594310054e-05 6.311e-06
436.1684027 1.332947769e-05 5.861e-06
436.1684037 2.071856339e-05 6.139e-06
436.1684032 2.661542052e-05 7.868e-06
436.1684035 9.901256326e-06 5.889e-06
436.1684019 1.430816561e-05 4.868e-06
436.168403 5.053133202e-06 4.907e-06
436.1684014 1.583105348e-05 4.978e-06
436.1683993 2.049039511e-05 4.79e-06
436.1684037 1.506530051e-05 6.055e-06
436.1684035 1.325104253e-05 7.781e-06
436.1684032 1.005340692e-05 5.159e-06
436.1684024 1.648439745e-05 5.06e-06
436.1684027 1.238752292e-05 5.547e-06
436.1684016 1.067001563e-05 5.018e-06
436.1684037 2.426349076e-07 6.006e-06
436.1684022 1.248788604e-05 4.526e-06
436.168403 1.899768531e-05 5.738e-06
436.168399 1.645782124e-05 5.004e-06
436.1684006 7.020004422e-06 4.942e-06
436.1684003 1.478044796e-05 4.397e-06
436.1711799 2.662907843e-05 4.873e-06
436.1711826 2.923674078e-05 9.109e-06
436.1711791 4.145267434e-05 4.95e-06
436.1711823 2.338375622e-05 6.458e-06
436.171181 2.107344198e-05 5.305e-06
436.1711831 1.702305011e-05 8.299e-06
436.1711802 3.223012992e-05 5.103e-06
436.1711828 1.96306674e-05 5.736e-06
436.1711818 3.665758316e-05 4.822e-06
436.1711789 2.639323905e-05 5.286e-06
436.1711815 2.637254396e-05 4.895e-06
436.1711805 3.697585947e-05 4.835e-06
436.171182 4.077595785e-05 5.974e-06
436.1711831 2.474364502e-05 7.236e-06
436.1711826 4.035778569e-05 7.482e-06
436.1711828 2.879417503e-05 5.533e-06
436.1711812 2.769548723e-05 4.626e-06
436.1711823 3.03279651e-05 4.907e-06
436.1711807 2.574637012e-05 4.699e-06
436.1711786 3.161798502e-05 4.53e-06
436.1711831 2.698902811e-05 7.23e-06
436.1711828 1.891811039e-05 7.467e-06
436.1711826 3.497064598e-05 4.281e-06
436.1711818 4.124255943e-05 5.66e-06
436.171182 3.520991151e-05 5.602e-06
436.171181 2.364963352e-05 5.042e-06
436.1711831 2.508948987e-05 5.239e-06
436.1711815 2.676196469e-05 4.498e-06
436.1711823 2.528452204e-05 5.184e-06
436.1711784 3.401575553e-05 5.374e-06
436.1711799 2.365640791e-05 4.816e-06
436.1711797 3.376376588e-05 4.897e-06
436.1739556 4.774007322e-05 4.532e-06
436.1739582 4.5811307e-05 9.798e-06
436.1739548 5.151856619e-05 5.243e-06
436.1739579 5.985601123e-05 6.085e-06
436.1739566 5.706524465e-05 5.027e-06
436.1739587 4.040421189e-05 8.132e-06
436.1739558 4.297964889e-05 5.115e-06
436.1739584 4.364871189e-05 8.023e-06
436.1739574 4.950390855e-05 5.713e-06
436.1739545 4.836711219e-05 5.342e-06
436.1739571 5.196141569e-05 4.844e-06
436.1739561 4.340133258e-05 4.928e-06
436.1739577 5.164862134e-05 5.587e-06
436.1739587 4.651143946e-05 7.58e-06
436.1739582 3.891923679e-05 6.909e-06
436.1739584 4.231650477e-05 5.78e-06
436.1739569 5.381933699e-05 5.33e-06
436.1739579 4.636580298e-05 5.706e-06
436.1739563 4.544203713e-05 4.819e-06
436.1739542 5.514087918e-05 4.688e-06
436.1739587 4.142469111e-05 6.377e-06
436.1739584 4.331121124e-05 6.264e-06
436.1739582 3.450350093e-05 5.243e-06
436.1739574 5.362203039e-05 6.139e-06
436.1739577 5.011667512e-05 4.729e-06
436.1739566 4.820155611e-05 4.923e-06
436.1739587 4.920500143e-05 5.693e-06
436.1739571 4.662399588e-05 5.196e-06
436.1739579 4.913791068e-05 4.908e-06
436.173954 4.32366796e-05 5.245e-06
436.1739556 4.759832291e-05 4.78e-06
436.1739553 3.844199678e-05 4.743e-06
436.176734 6.270041323e-05 5.143e-06
436.1767366 7.027504393e-05 5.98e-06
436.1767332 5.726032065e-05 5.322e-06
436.1767364 6.627906542e-05 6e-06
436.1767351 6.273639352e-05 5.011e-06
436.1767372 6.306563213e-05 9.273e-06
436.1767343 5.799805704e-05 4.64e-06
436.1767369 6.352093017e-05 5.606e-06
436.1767358 6.599697358e-05 5.785e-06
436.176733 6.300245721e-05 4.794e-06
436.1767356 7.268435758e-05 5.993e-06
436.1767345 6.310608497e-05 4.355e-06
436.1767361 7.215022186e-05 4.859e-06
436.1767372 5.81800538e-05 6.964e-06
436.1767366 6.431608613e-05 6.628e-06
436.1767369 6.645792173e-05 4.965e-06
436.1767353 6.402933949e-05 4.486e-06
436.1767364 6.35123297e-05 6.141e-06
436.1767348 6.737966475e-05 5.482e-06
436.1767327 6.720795498e-05 5.333e-06
436.1767372 6.089985398e-05 5.069e-06
436.1767369 5.277210548e-05 5.923e-06
436.1767366 6.211993792e-05 6.373e-06
436.1767358 6.003402751e-05 5.775e-06
436.1767361 6.864632388e-05 4.68e-06
436.1767351 7.225630882e-05 4.943e-06
436.1767372 5.896568523e-05 5.102e-06
436.1767356 6.242543974e-05 5.041e-06
436.1767364 6.573025844e-05 4.977e-06
436.1767324 6.431818622e-05 5.177e-06
436.176734 5.711847177e-05 5.279e-06
436.1767337 7.214535477e-05 5.301e-06
436.1795116 8.697626808e-05 4.707e-06
436.1795142 8.339318608e-05 6.455e-06
436.1795108 7.355340937e-05 4.585e-06
436.179514 8.675083449e-05 5.396e-06
436.1795127 8.19446897e-05 5.558e-06
436.1795148 8.768484713e-05 1.0953e-05
436.1795119 7.011865499e-05 5.225e-06
436.1795145 7.923008703e-05 7.476e-06
436.1795134 7.905915955e-05 6.389e-06
436.1795105 7.989448783e-05 4.794e-06
436.1795132 7.732769429e-05 4.692e-06
436.1795121 7.863203059e-05 5.267e-06
436.1795137 7.364066304e-05 5.568e-06
436.1795142 7.997540103e-05 5.734e-06
436.1795145 7.430661177e-05 4.406e-06
436.1795129 7.616825944e-05 5.743e-06
436.179514 7.556320898e-05 6.357e-06
436.1795124 8.214003273e-05 4.793e-06
436.1795103 8.132650289e-05 5.853e-06
436.1795148 6.073179568e-05 8.691e-06
436.1795142 7.975854973e-05 6.734e-06
436.1795145 8.252487715e-05 6.253e-06
436.1795134 8.744612159e-05 7.102e-06
436.1795137 7.690294095e-05 4.888e-06
436.1795127 7.872596592e-05 5.247e-06
436.1795148 8.497466605e-05 7.097e-06
436.1795132 8.540026805e-05 5.773e-06
436.179514 8.367074854e-05 5.658e-06
436.17951 7.821751887e-05 5.505e-06
436.1795116 8.667813584e-05 5.045e-06
436.1795113 7.406451548e-05 4.621e-06
436.1822896 0.0001020868267 5.212e-06
436.1822922 9.822706575e-05 6.166e-06
436.1822888 9.100952002e-05 5.196e-06
436.182292 9.970336812e-05 5.749e-06
436.1822906 0.0001009115595 4.822e-06
436.1822927 9.859135427e-05 1.0557e-05
436.1822899 9.499752299e-05 5.181e-06
436.1822925 9.588229674e-05 6.425e-06
436.1822914 9.504617198e-05 5.4e-06
436.1822885 8.977910852e-05 4.984e-06
436.1822912 9.115818275e-05 5.807e-06
436.1822901 9.121765165e-05 5.495e-06
436.1822917 9.069065886e-05 5.417e-06
436.1822927 9.773387763e-05 6.23e-06
436.1822922 9.344868807e-05 5.537e-06
436.1822925 9.328103887e-05 4.671e-06
436.1822909 8.597574845e-05 5.841e-06
436.182292 0.0001015971158 5.473e-06
436.1822904 9.505422379e-05 5.315e-06
436.1822883 0.0001020512471 5.59e-06
436.1822927 8.892266103e-05 8.005e-06
436.1822922 0.0001030615658 4.703e-06
436.1822925 8.177410693e-05 4.864e-06
436.1822914 9.401266108e-05 5.109e-06
436.1822917 9.287851248e-05 4.422e-06
436.1822906 0.0001000853641 4.951e-06
436.1822927 9.241083679e-05 5.839e-06
436.1822912 9.725589712e-05 4.761e-06
436.182292 0.0001012744887 6.267e-06
436.182288 9.403043149e-05 5.281e-06
436.1822896 9.0626202e-05 5.014e-06
436.1822893 0.0001001278996 5.594e-06
436.1850671 0.0001069308154 4.79e-06
436.1850698 0.0001090332014 7.16e-06
436.1850663 0.0001013325129 4.99e-06
436.1850695 9.788325275e-05 6.091e-06
436.1850682 0.0001042839396 5.169e-06
436.1850703 0.0001109542461 1.3104e-05
436.1850674 9.878785762e-05 4.76e-06
436.18507 0.0001076502607 4.306e-06
436.185069 0.0001048719644 5.227e-06
436.1850661 9.868132418e-05 5.366e-06
436.1850687 0.0001086542878 6.414e-06
436.1850676 0.0001021516771 4.707e-06
436.1850692 0.0001000370376 5.182e-06
436.1850703 9.974135755e-05 7.48e-06
436.1850698 9.628952607e-05 5.988e-06
436.18507 0.0001005780392 6.421e-06
436.1850684 0.0001085232889 5.486e-06
436.1850695 9.337399468e-05 5.206e-06
436.1850679 0.0001015025135 5.428e-06
436.1850658 0.0001010598945 6.015e-06
436.1850703 0.0001077267766 5.52e-06
436.1850698 0.0001061556171 5.889e-06
436.18507 9.312925402e-05 5.472e-06
436.185069 0.0001108289075 5.47e-06
436.1850692 0.0001025444979 6.125e-06
436.1850682 0.0001042624743 5.624e-06
436.1850703 9.799714406e-05 5.178e-06
436.1850687 0.0001058279136 5.466e-06
436.1850695 9.532427563e-05 5.009e-06
436.1850655 0.000108501342 5.16e-06
436.1850671 8.955920787e-05 4.271e-06
436.1850669 9.401330942e-05 5.332e-06
436.1878467 0.0001181471678 5.08e-06
436.1878494 0.0001112730754 7.226e-06
436.1878459 0.0001100628045 4.615e-06
436.1878491 0.0001109284314 5.483e-06
436.1878478 0.0001036061334 6.123e-06
436.1878499 0.0001113408163 1.1604e-05
436.187847 0.0001073888993 4.685e-06
436.1878496 0.0001160495958 5.636e-06
436.1878486 0.0001095734421 4.181e-06
436.1878457 0.0001049861298 4.564e-06
436.1878483 0.0001041740409 4.908e-06
436.1878473 0.0001028578075 4.705e-06
436.1878488 0.0001147777216 5.01e-06
436.1878499 0.0001037303396 6.915e-06
436.1878494 0.0001110618095 7.367e-06
436.1878496 0.0001073285169 6.738e-06
436.1878481 0.0001064398958 6.495e-06
436.1878491 0.000111905651 6.016e-06
436.1878475 0.0001086317218 4.9e-06
436.1878454 0.000112449771 5.609e-06
436.1878499 0.0001184705022 6.251e-06
436.1878494 0.0001138692844 5.453e-06
436.1878496 0.0001155372225 6.433e-06
436.1878486 0.0001107515023 5.066e-06
436.1878488 0.0001068630709 5.553e-06
436.1878478 0.0001081509557 5.525e-06
436.1878499 0.0001137049088 7.046e-06
436.1878483 0.0001146717157 4.367e-06
436.1878491 0.0001060843414 5.45e-06
436.1878452 0.0001080275301 5.544e-06
436.1878467 0.0001056012257 5.963e-06
436.1878465 0.0001111240411 4.401e-06
436.1906239 0.0001053664386 4.902e-06
436.1906265 0.000109036837 7.476e-06
436.1906231 0.0001186585054 5.422e-06
436.1906262 0.0001038228692 7.574e-06
436.1906249 0.0001158699307 5.807e-06
436.190627 0.0001086401896 9.55e-06
436.1906241 0.0001172173183 5.434e-06
436.1906267 0.0001283867836 6.609e-06
436.1906257 0.0001281168833 5.259e-06
436.1906228 0.0001067134179 4.262e-06
436.1906254 0.0001176210614 5.094e-06
436.1906244 0.0001083840525 5.136e-06
436.190626 0.0001123174551 5.13e-06
436.190627 0.000109032047 6.912e-06
436.1906265 0.0001130664073 7.571e-06
436.1906252 0.0001142602154 6.487e-06
436.1906262 0.0001099736211 7.105e-06
436.1906246 0.0001121432518 5.408e-06
436.1906225 0.0001051286184 4.796e-06
436.190627 0.0001061158057 7.766e-06
436.1906265 0.000115272522 4.954e-06
436.1906267 0.0001282242762 6.824e-06
436.1906257 0.0001099237195 5.203e-06
436.1906249 0.0001034466996 6.703e-06
436.1906254 0.0001085598938 5.443e-06
436.1906262 0.0001228583119 5.644e-06
436.1906223 0.0001083803881 4.698e-06
436.1906239 0.0001042012912 4.607e-06
436.1906236 0.0001073688362 4.951e-06
436.1928918 0.000112105371 6.886e-06
436.1928944 0.000118169497 7.773e-06
436.192891 0.000118618733 5.363e-06
436.1928942 0.0001047223361 1.0411e-05
436.1928929 0.0001241034661 7.504e-06
436.192895 0.0001186256883 1.1835e-05
436.1928921 0.0001178387118 7.033e-06
436.1928947 0.0001132465055 7.573e-06
436.1928937 0.0001017396188 7.254e-06
436.1928908 0.000107956697 7.083e-06
436.1928934 0.0001164234578 6.732e-06
436.1928923 0.0001116032025 5.725e-06
436.1928939 0.0001080691043 7.721e-06
436.192895 0.0001204114422 9.83e-06
436.1928944 0.0001115158467 1.0309e-05
436.1928947 0.0001177890783 8.188e-06
436.1928931 0.0001154519563 7.517e-06
436.1928942 0.0001271380851 8.398e-06
436.1928926 0.0001021200306 6.747e-06
436.1928905 0.0001072402359 8.005e-06
436.192895 0.0001248519105 1.2417e-05
436.1928947 0.0001172822357 8.547e-06
436.1928944 0.0001160237714 5.441e-06
436.1928937 0.0001036152123 5.275e-06
436.1928939 0.0001246170697 8.293e-06
436.1928929 0.0001104199432 7.163e-06
436.192895 0.0001158164374 1.1469e-05
436.1928934 0.0001001201751 7.324e-06
436.1928942 0.0001193891889 7.08e-06
436.1928902 9.740526262e-05 7.749e-06
436.1928918 0.0001136516548 6.16e-06
436.1928915 0.0001144555031 6.807e-06
436.1971509 0.0001092022669 1.0969e-05
436.1971532 0.0001066566112 1.4401e-05
436.1971519 0.000109004493 1.3395e-05
436.1971511 0.0001106725922 1.2999e-05
436.1971538 0.0001015188006 1.3462e-05
436.1971527 9.722547344e-05 1.1136e-05
436.1971498 8.459193647e-05 1.1281e-05
436.1971524 0.0001084817025 1.1388e-05
436.1971514 9.593009803e-05 1.4141e-05
436.197153 0.0001174436086 1.4408e-05
436.1971538 9.385018888e-05 1.3045e-05
436.1971522 9.14944562e-05 1.206e-05
436.1971532 0.0001172619747 1.2728e-05
436.1971517 0.0001228512107 1.214e-05
436.1971535 9.019653439e-05 9.912e-06
436.1971527 0.0001021051365 1.3539e-05
436.197153 0.0001171302161 1.0048e-05
436.1971524 8.045484134e-05 1.2796e-05
436.1971532 0.0001041172729 1.1496e-05
436.1971493 0.0001224201033 1.2574e-05
436.1971509 9.543047429e-05 1.0424e-05
436.1971506 8.955014656e-05 9.351e-06
436.1989583 9.254488421e-05 6.529e-06
436.1989575 9.669232086e-05 5.443e-06
436.1989594 0.0001036261205 6.436e-06
436.1989615 9.298806851e-05 8.966e-06
436.1989586 9.703408875e-05 5.998e-06
436.1989612 0.0001006657198 6.702e-06
436.1989602 9.372224378e-05 5.409e-06
436.1989573 9.841341538e-05 5.943e-06
436.1989599 9.820345528e-05 6.049e-06
436.1989589 9.487869288e-05 6.843e-06
436.1989604 0.000103733369 6.488e-06
436.198961 9.356630046e-05 7.586e-06
436.1989612 9.052949604e-05 6.605e-06
436.1989596 9.155078602e-05 6.027e-06
436.1989607 9.73871754e-05 6.181e-06
436.1989591 9.83907128e-05 4.679e-06
436.198957 9.455066654e-05 7.253e-06
436.1989615 9.499028937e-05 5.708e-06
436.1989612 9.229129091e-05 7.557e-06
436.198961 9.745543574e-05 4.606e-06
436.1989602 9.99969319e-05 5.71e-06
436.1989604 9.405223755e-05 5.956e-06
436.1989594 9.591194353e-05 5.736e-06
436.1989615 0.0001004796068 6.77e-06
436.1989599 0.0001030496942 6.385e-06
436.1989607 0.0001009555383 5.861e-06
436.1989567 0.0001029072462 5.829e-06
436.1989583 8.655140902e-05 4.926e-06
436.1989581 0.0001033116129 5.802e-06
436.1989612 8.956288553e-05 1.2808e-05
436.2017349 8.317334033e-05 4.951e-06
436.2017341 8.077487551e-05 5.912e-06
436.2017372 7.978437826e-05 6.39e-06
436.2017359 7.700511841e-05 5.887e-06
436.2017351 7.981431373e-05 5.427e-06
436.2017378 8.83261414e-05 5.622e-06
436.2017367 8.395052608e-05 6.061e-06
436.2017338 7.318361811e-05 5.148e-06
436.2017365 9.356698959e-05 6.839e-06
436.2017354 7.202647567e-05 5.767e-06
436.201737 8.571030083e-05 6.352e-06
436.201738 8.545801887e-05 7.068e-06
436.2017375 9.004963435e-05 5.646e-06
436.2017378 8.468403594e-05 5.585e-06
436.2017362 8.540720763e-05 6.675e-06
436.2017372 8.264898996e-05 4.965e-06
436.2017357 7.674538455e-05 5.179e-06
436.2017336 8.759740907e-05 5.622e-06
436.201738 8.731909644e-05 7.836e-06
436.2017378 8.834791735e-05 6.651e-06
436.2017375 8.810421333e-05 4.954e-06
436.2017367 9.122737573e-05 5.458e-06
436.201737 7.721614448e-05 6.664e-06
436.2017359 8.933736304e-05 5.64e-06
436.201738 7.838696689e-05 5.586e-06
436.2017365 7.706817627e-05 5.524e-06
436.2017372 8.475205661e-05 4.937e-06
436.2017333 9.039387091e-05 4.896e-06
436.2017349 8.252864942e-05 5.448e-06
436.2017346 8.304206856e-05 5.645e-06
436.2045171 7.685746899e-05 9.195e-06
436.2045145 8.029040686e-05 5.035e-06
436.2045137 6.230112685e-05 5.381e-06
436.2045168 6.673355698e-05 7.512e-06
436.2045155 7.078305732e-05 5.648e-06
436.2045176 5.930223107e-05 9.226e-06
436.2045147 7.21059886e-05 5.085e-06
436.2045174 7.954029209e-05 6.58e-06
436.2045163 7.257363294e-05 5.51e-06
436.2045134 7.342127177e-05 6.036e-06
436.204516 6.436117898e-05 5.703e-06
436.204515 6.287988407e-05 5.466e-06
436.2045166 6.009619157e-05 6.542e-06
436.2045176 6.694120801e-05 8.137e-06
436.2045171 6.927830838e-05 6.699e-06
436.2045174 6.797124374e-05 5.578e-06
436.2045158 7.679114247e-05 6.158e-06
436.2045168 7.167528741e-05 5.596e-06
436.2045153 7.040538867e-05 6.093e-06
436.2045132 6.611993499e-05 4.837e-06
436.2045176 6.979643016e-05 6.355e-06
436.2045174 5.710189046e-05 9.093e-06
436.2045171 8.299674858e-05 5.733e-06
436.2045163 7.164694347e-05 4.941e-06
436.2045166 6.704222149e-05 6.805e-06
436.2045155 7.27588291e-05 6.178e-06
436.2045176 7.550380698e-05 6.742e-06
436.204516 6.142834953e-05 6.211e-06
436.2045168 7.211516584e-05 5.828e-06
436.2045129 7.703646667e-05 5.066e-06
436.2045145 6.748546787e-05 5.131e-06
436.2045142 6.036160131e-05 5.322e-06
436.2073396 4.857221898e-05 9.55e-06
436.207337 5.46238368e-05 5.936e-06
436.2073362 4.750274456e-05 5.761e-06
436.2073394 6.051704532e-05 6.888e-06
436.207338 4.761525845e-05 7.864e-06
436.2073401 5.055099834e-05 1.2672e-05
436.2073373 4.626770412e-05 5.692e-06
436.2073399 4.793307653e-05 6.341e-06
436.2073388 4.404628547e-05 5.319e-06
436.2073359 6.451889726e-05 5.373e-06
436.2073386 5.675983918e-05 5.616e-06
436.2073375 5.000818688e-05 6.039e-06
436.2073391 5.687337185e-05 5.647e-06
436.2073401 5.767982881e-05 6.53e-06
436.2073396 4.100282234e-05 8.993e-06
436.2073399 5.831614617e-05 6.697e-06
436.2073383 6.066120905e-05 6.157e-06
436.2073394 5.597454837e-05 6.2e-06
436.2073378 5.020395405e-05 4.776e-06
436.2073357 5.503854977e-05 4.994e-06
436.2073401 4.846536441e-05 8.026e-06
436.2073396 5.445052797e-05 7.108e-06
436.2073388 5.879789503e-05 5.087e-06
436.207338 5.825849422e-05 6.512e-06
436.2073401 4.481504486e-05 6.93e-06
436.2073386 5.55387709e-05 4.884e-06
436.2073394 4.981551648e-05 6.361e-06
436.2073354 5.278711183e-05 5.178e-06
436.207337 4.933857518e-05 5.71e-06
436.2073367 5.594477827e-05 4.847e-06
436.2100715 3.675485284e-05 1.0202e-05
436.2100689 3.314289201e-05 5.646e-06
436.2100681 2.96459114e-05 6.118e-06
436.2100712 3.809739745e-05 6.838e-06
436.2100699 3.753882038e-05 5.622e-06
436.210072 2.517152674e-05 8.056e-06
436.2100691 2.629715168e-05 5.099e-06
436.2100718 4.317057981e-05 6.783e-06
436.2100707 3.718515683e-05 5.485e-06
436.2100678 3.271795735e-05 5.911e-06
436.2100705 4.538335991e-05 4.612e-06
436.2100694 3.701520672e-05 4.953e-06
436.210071 4.614386217e-05 7.286e-06
436.210072 3.721279346e-05 8.686e-06
436.2100715 3.035878356e-05 7.9e-06
436.2100718 2.237261437e-05 6.394e-06
436.2100702 3.564815956e-05 5.156e-06
436.2100712 3.57797276e-05 6.016e-06
436.2100697 3.380154494e-05 4.95e-06
436.2100676 2.427906019e-05 5.853e-06
436.210072 3.090571168e-05 6.779e-06
436.2100718 4.512247952e-05 7.187e-06
436.2100715 4.300915549e-05 5.592e-06
436.2100707 2.642408685e-05 5.799e-06
436.210071 3.080268612e-05 5.147e-06
436.2100699 3.717397075e-05 5.816e-06
436.2100705 4.592127531e-05 6.091e-06
436.2100712 4.842488278e-05 6.485e-06
436.2100673 3.495418363e-05 5.287e-06
436.2100689 3.477228763e-05 5.934e-06
436.2100686 4.014090809e-05 5.671e-06
436.2128486 2.87665281e-05 6.808e-06
436.212846 6.355821751e-06 5.23e-06
436.2128484 1.362417697e-05 7.788e-06
436.2128471 2.408681265e-05 6.036e-06
436.2128492 1.045087858e-05 8.91e-06
436.2128463 1.901246765e-05 5.09e-06
436.2128489 1.613829338e-05 9.063e-06
436.2128478 1.223486902e-05 7.03e-06
436.212845 1.034994223e-05 6.352e-06
436.2128476 2.163716977e-05 6.903e-06
436.2128465 1.005911501e-05 6.076e-06
436.2128481 1.473702665e-05 7.084e-06
436.2128492 1.541912137e-05 8.701e-06
436.2128486 1.294997365e-05 9.506e-06
436.2128489 1.554319687e-05 5.878e-06
436.2128473 1.691958326e-05 6.074e-06
436.2128484 1.619116368e-05 7.451e-06
436.2128468 1.199343045e-05 4.914e-06
436.2128447 1.707496232e-05 6.854e-06
436.2128492 3.12068269e-05 8.104e-06
436.2128489 1.607875304e-05 7.827e-06
436.2128486 9.047625941e-06 5.518e-06
436.2128478 1.227538101e-05 5.368e-06
436.2128481 1.812100499e-05 5.171e-06
436.2128471 9.727463488e-06 5.843e-06
436.2128492 2.110675884e-05 8.442e-06
436.2128476 1.018516874e-05 5.825e-06
436.2128484 5.296815673e-06 6.153e-06
436.2128444 4.032667161e-06 7.106e-06
436.212846 1.975331735e-05 6.47e-06
436.2128457 1.319594623e-05 5.58e-06
436.2156258 -8.298388902e-06 7.555e-06
436.2156232 8.85520883e-07 5.071e-06
436.2156224 1.409536018e-06 6.513e-06
436.2156255 6.72227722e-06 5.892e-06
436.2156242 -8.526776726e-06 6.602e-06
436.2156263 -3.153604944e-06 9.786e-06
436.2156234 -1.752507219e-06 4.885e-06
436.215625 -2.058420423e-06 6.522e-06
436.2156221 1.055843034e-06 5.746e-06
436.2156247 1.232762914e-06 5.073e-06
436.2156237 -6.236241724e-06 5.035e-06
436.2156253 -5.510083966e-06 5.499e-06
436.2156263 4.944077231e-06 1.0088e-05
436.2156258 3.414702317e-06 8.154e-06
436.2156261 -3.524489594e-06 6.737e-06
436.2156245 3.017329841e-07 5.126e-06
436.2156255 4.086787329e-09 5.706e-06
436.215624 6.555956496e-06 4.521e-06
436.2156219 -3.781594736e-06 5.819e-06
436.2156263 3.62782017e-06 6.343e-06
436.2156261 -7.202826366e-06 6.235e-06
436.2156258 1.003589257e-05 5.277e-06
436.215625 1.155722633e-05 4.85e-06
436.2156253 -7.082631171e-07 4.976e-06
436.2156242 -6.453549349e-06 4.211e-06
436.2156263 4.085194947e-06 5.819e-06
436.2156247 9.227303725e-07 5.327e-06
436.2156255 3.484991777e-07 6.214e-06
436.2156216 -1.915823206e-06 5.528e-06
436.2156232 3.104555501e-06 4.979e-06
436.2156229 -1.481726103e-06 5.084e-06
436.2184014 -2.074383901e-05 7.98e-06
436.2183988 -1.311051648e-05 5.157e-06
436.2184012 -1.443388993e-05 5.186e-06
436.218398 -1.52009393e-05 5.503e-06
436.2183999 -1.169345321e-05 5.937e-06
436.218402 -2.324904085e-05 1.0288e-05
436.2184017 -1.900506762e-05 5.428e-06
436.2183991 -2.079470473e-05 6.581e-06
436.2184006 -1.644892903e-05 6.215e-06
436.2183978 -1.659039454e-05 4.873e-06
436.2184004 -2.292323592e-05 5.52e-06
436.2183993 -1.697258136e-05 5.181e-06
436.2184009 -1.389177548e-05 4.515e-06
436.218402 -1.464404964e-05 7.655e-06
436.2184014 -8.473713839e-06 8.633e-06
436.2184017 -1.599264532e-05 5.193e-06
436.2184001 -7.667047761e-06 6.191e-06
436.2184012 -2.139482031e-05 6.535e-06
436.2183996 -2.118006443e-05 5.554e-06
436.2183975 -1.682359578e-05 5.866e-06
436.218402 -1.549601376e-05 7.175e-06
436.2184017 -2.446009408e-05 7.585e-06
436.2184014 -1.494986907e-05 5.445e-06
436.2184006 -1.578639264e-05 6.471e-06
436.2184009 -1.563837859e-05 6.019e-06
436.2183999 -2.171838342e-05 4.736e-06
436.218402 -1.698687424e-05 5.89e-06
436.2184004 -2.183118686e-05 6.707e-06
436.2184012 -1.659895326e-05 5.303e-06
436.2183972 -1.043722866e-05 5.802e-06
436.2183988 -8.997449327e-06 5.241e-06
436.2183985 -1.695957874e-05 5.243e-06
436.221184 -2.650492067e-05 8.081e-06
436.2211813 -3.82524859e-05 5.284e-06
436.2211837 -3.769413295e-05 6.641e-06
436.2211806 -4.185613885e-05 4.761e-06
436.2211824 -3.567880285e-05 5.276e-06
436.2211845 -1.971752197e-05 9.396e-06
436.2211842 -3.151381344e-05 5.897e-06
436.2211816 -3.184000584e-05 5.72e-06
436.2211832 -3.223708865e-05 5.716e-06
436.2211803 -2.842411542e-05 5.957e-06
436.2211829 -3.258392852e-05 4.587e-06
436.2211819 -3.421039889e-05 5.835e-06
436.2211834 -3.177724111e-05 6.05e-06
436.2211845 -3.195423459e-05 8.562e-06
436.221184 -4.189576982e-05 5.741e-06
436.2211842 -3.082568836e-05 5.605e-06
436.2211827 -2.84234023e-05 5.19e-06
436.2211837 -3.732350959e-05 6.394e-06
436.2211821 -3.664188826e-05 5.886e-06
436.22118 -2.67414864e-05 6.03e-06
436.2211845 -3.688595127e-05 6.887e-06
436.2211842 -3.382199561e-05 8.462e-06
436.221184 -2.801197905e-05 4.868e-06
436.2211832 -3.485356053e-05 5.161e-06
436.2211834 -3.784631369e-05 4.615e-06
436.2211824 -3.299508459e-05 4.656e-06
436.2211845 -3.060838351e-05 7.532e-06
436.2211829 -3.46357141e-05 5.855e-06
436.2211837 -3.759341675e-05 6.023e-06
436.2211798 -3.634397424e-05 5.982e-06
436.2211813 -3.440070559e-05 4.595e-06
436.2211811 -2.9364079e-05 5.54e-06
436.2239598 -4.953283739e-05 8.879e-06
436.2239572 -4.358328395e-05 5.293e-06
436.2239595 -5.431144347e-05 6.137e-06
436.2239564 -5.071131548e-05 4.672e-06
436.2239582 -4.356012615e-05 5.187e-06
436.2239603 -3.465112948e-05 1.1487e-05
436.2239601 -5.103669093e-05 6.616e-06
436.2239574 -4.616112318e-05 5.484e-06
436.223959 -5.550413459e-05 6.164e-06
436.2239561 -4.524188834e-05 4.538e-06
436.2239588 -4.37332758e-05 5.843e-06
436.2239577 -4.512037906e-05 4.595e-06
436.2239593 -4.961437224e-05 5.375e-06
436.2239603 -4.688831579e-05 7.041e-06
436.2239598 -4.855778117e-05 9.12e-06
436.2239601 -4.612793536e-05 6.644e-06
436.2239585 -4.622129667e-05 4.46e-06
436.2239595 -4.768321093e-05 6.439e-06
436.223958 -3.508580492e-05 5.494e-06
436.2239559 -4.565353451e-05 5.659e-06
436.2239603 -3.888302717e-05 6.368e-06
436.2239598 -3.915701069e-05 6.147e-06
436.223959 -5.344346466e-05 5.053e-06
436.2239593 -4.773182278e-05 5.126e-06
436.2239582 -4.126728542e-05 5.185e-06
436.2239603 -4.23308875e-05 6.33e-06
436.2239588 -4.106146832e-05 4.69e-06
436.2239595 -4.740865965e-05 4.728e-06
436.2239556 -4.318610466e-05 5.335e-06
436.2239572 -5.394713229e-05 5.449e-06
436.2239569 -4.876415383e-05 5.197e-06
436.2260571 -5.234136322e-05 8.854e-06
436.2260594 -6.365938107e-05 1.0638e-05
436.2260563 -5.914858888e-05 7.992e-06
436.2260581 -5.905862782e-05 7.646e-06
436.2260602 -6.466947719e-05 1.3983e-05
436.2260599 -5.981786576e-05 9.37e-06
436.2260589 -5.207136728e-05 8.947e-06
436.226056 -4.526656943e-05 7.487e-06
436.2260586 -4.336674413e-05 7.177e-06
436.2260576 -5.75703241e-05 6.445e-06
436.2260592 -5.64964539e-05 7.908e-06
436.2260602 -5.243943647e-05 1.233e-05
436.2260597 -5.683367969e-05 1.2392e-05
436.2260599 -4.605062394e-05 7.825e-06
436.2260584 -5.938823392e-05 5.549e-06
436.2260594 -4.404432519e-05 8.28e-06
436.2260578 -5.393749437e-05 1.0228e-05
436.2260557 -5.198402046e-05 6.991e-06
436.2260602 -5.331906571e-05 7.536e-06
436.2260599 -5.865505979e-05 1.1276e-05
436.2260597 -5.05131874e-05 8.863e-06
436.2260592 -5.591382241e-05 6.257e-06
436.2260581 -5.237633318e-05 6.636e-06
436.2260602 -4.381022441e-05 7.863e-06
436.2260594 -5.047538532e-05 7.127e-06
436.2260555 -4.547760638e-05 7.296e-06
436.2260571 -6.423386307e-05 7.909e-06
436.2260568 -4.385703944e-05 8.562e-06
