299.3977303 1.566913476e-05 5.956e-06
299.3977301 1.900152063e-05 4.679e-06
299.3977306 1.770903073e-05 5.553e-06
299.3977309 2.805109068e-05 8.218e-06
299.3977298 2.150124551e-05 5.04e-06
299.3977309 1.279876823e-05 7.027e-06
299.3977303 3.018323329e-05 4.928e-06
299.3977306 1.868105561e-05 4.696e-06
299.3977301 1.465379586e-05 5.089e-06
299.3977309 1.648160118e-05 5.813e-06
299.3977306 3.269533477e-05 6.86e-06
299.3977303 1.810195836e-05 5.992e-06
299.3977298 1.687308181e-05 3.697e-06
299.3977309 1.034722817e-05 6.002e-06
299.3977301 1.456328218e-05 4.718e-06
299.4005075 -3.075472001e-06 7.881e-06
299.4005048 1.257549793e-05 3.272e-06
299.400504 1.291105716e-05 4.188e-06
299.4005072 2.843717451e-05 5.504e-06
299.4005059 9.147628318e-06 4.828e-06
299.4005051 1.441267512e-05 3.86e-06
299.4005077 1.51031345e-05 5.916e-06
299.400508 2.504485423e-05 9.74e-06
299.4005067 9.600686196e-06 4.983e-06
299.4005038 1.55757771e-05 3.568e-06
299.4005064 6.031673635e-06 4.527e-06
299.4005054 1.257135636e-05 3.831e-06
299.4005069 1.122384501e-05 4.151e-06
299.400508 1.371976663e-05 7.783e-06
299.4005075 6.536612925e-06 5.712e-06
299.4005077 8.743667058e-06 5.486e-06
299.4005061 1.742342064e-05 4.811e-06
299.4005072 1.312357251e-05 4.666e-06
299.4005056 1.783713296e-05 4.267e-06
299.4005035 9.261270176e-06 3.766e-06
299.400508 1.168638189e-05 5.024e-06
299.4005067 1.220578756e-05 4.248e-06
299.4005069 1.211348914e-05 3.915e-06
299.4005059 1.161954378e-05 4.044e-06
299.400508 2.85806734e-06 4.227e-06
299.4005064 6.822809368e-06 4.476e-06
299.4005072 1.973652234e-05 4.272e-06
299.4005032 1.665606522e-05 4.19e-06
299.4005048 1.148975786e-05 3.914e-06
299.4005046 1.475268304e-05 3.149e-06
299.4032851 7.07565137e-06 5.703e-06
299.4032825 5.698543022e-06 4.629e-06
299.4032817 1.037390164e-05 4.068e-06
299.4032849 5.110466921e-06 4.41e-06
299.4032836 3.640473772e-06 4.337e-06
299.4032828 -9.330790501e-06 4.175e-06
299.4032854 8.326661334e-06 5.662e-06
299.4032857 9.105667261e-06 9.663e-06
299.4032844 8.326607889e-06 5.334e-06
299.4032815 5.637884109e-06 4.481e-06
299.4032841 2.621618539e-06 4.494e-06
299.403283 3.911263702e-06 4.329e-06
299.4032846 1.244573198e-05 5.454e-06
299.4032857 3.421873632e-06 6.891e-06
299.4032851 1.526064542e-05 5.779e-06
299.4032854 8.62070358e-06 5.75e-06
299.4032838 1.034656057e-05 5.193e-06
299.4032849 1.498819873e-05 4.985e-06
299.4032833 2.158718302e-07 3.959e-06
299.4032812 1.044036517e-06 3.904e-06
299.4032857 4.494606036e-06 7.346e-06
299.4032854 5.617666742e-06 5.971e-06
299.4032851 1.988076463e-07 5.868e-06
299.4032844 1.471390426e-07 4.999e-06
299.4032846 4.185539504e-06 4.842e-06
299.4032836 -9.665967244e-07 4.81e-06
299.4032857 -8.030653062e-07 5.7e-06
299.4032841 1.275502541e-05 4.457e-06
299.4032849 1.465302743e-05 4.71e-06
299.4032809 -1.595506564e-06 4.164e-06
299.4032825 6.903256594e-06 4.357e-06
299.4032823 7.694623327e-06 4.002e-06
299.4060634 -4.160150567e-06 6.779e-06
299.4060608 -5.921481808e-06 3.636e-06
299.40606 -8.408128079e-06 3.787e-06
299.4060631 -6.139507383e-06 5.016e-06
299.4060618 -3.789654667e-06 3.893e-06
299.406061 -7.885150633e-06 3.385e-06
299.4060637 5.716812891e-07 4.921e-06
299.4060639 -4.836466889e-06 7.661e-06
299.4060626 -6.713264301e-06 4.756e-06
299.4060597 -5.50950497e-06 3.752e-06
299.4060624 -8.961401362e-06 4.09e-06
299.4060613 -5.228340599e-06 4.256e-06
299.4060629 -1.926620949e-06 4.48e-06
299.4060639 -7.927193336e-06 5.734e-06
299.4060634 -9.587647779e-06 5.607e-06
299.4060637 1.262704841e-06 4.41e-06
299.4060621 6.063648309e-07 4.626e-06
299.4060631 -1.883782851e-08 4.759e-06
299.4060616 -9.226921314e-06 4.358e-06
299.4060595 -4.83429233e-07 3.953e-06
299.4060639 -8.73902621e-07 7.34e-06
299.4060637 -4.937474059e-06 5.365e-06
299.4060634 -1.057644689e-05 5.982e-06
299.4060626 1.635810069e-06 4.812e-06
299.4060629 -3.133072502e-06 4.47e-06
299.4060618 -6.13778376e-06 3.972e-06
299.4060639 5.56648157e-07 5.068e-06
299.4060624 -6.760625054e-06 4.077e-06
299.4060631 -7.271361563e-06 4.543e-06
299.4060592 -3.788574977e-06 4.4e-06
299.4060608 -2.255465879e-06 4.016e-06
299.4060605 -3.742570283e-06 4.248e-06
299.4088394 -1.390575431e-05 6.186e-06
299.4088368 -4.321058114e-06 3.996e-06
299.408836 -1.290692973e-05 3.847e-06
299.4088391 -1.231482955e-05 3.965e-06
299.4088378 -1.727987232e-05 3.846e-06
299.408837 -9.402536442e-06 3.827e-06
299.4088396 -5.988430752e-06 6.176e-06
299.4088399 -1.690424055e-05 8.718e-06
299.4088386 -1.602705562e-05 4.434e-06
299.4088357 -1.008421417e-05 3.499e-06
299.4088383 -1.414684078e-05 4.015e-06
299.4088373 -1.908643163e-05 3.642e-06
299.4088389 -6.552520551e-06 4.122e-06
299.4088399 -1.022318197e-05 5.636e-06
299.4088394 -1.793311841e-05 4.957e-06
299.4088396 -4.310490291e-06 4.812e-06
299.4088381 -6.04149205e-06 3.415e-06
299.4088391 -1.708705789e-05 5.33e-06
299.4088375 -1.190124906e-05 4.178e-06
299.4088354 -1.146692013e-05 3.726e-06
299.4088399 -2.26670441e-06 5.774e-06
299.4088396 -1.292709072e-05 5.672e-06
299.4088394 -1.049061587e-05 4.714e-06
299.4088386 -1.421156405e-05 4.01e-06
299.4088389 -8.962122785e-06 4.671e-06
299.4088378 -5.57573981e-06 3.845e-06
299.4088399 -7.57317202e-06 5.32e-06
299.4088383 -1.535379109e-05 4.306e-06
299.4088391 -9.092201432e-06 4.484e-06
299.4088352 -9.313802668e-06 3.793e-06
299.4088368 -1.240833074e-05 3.752e-06
299.4088365 -1.231152613e-05 3.571e-06
299.4116157 -7.943667507e-06 3.921e-06
299.4116181 -2.338537088e-05 5.506e-06
299.4116149 -1.490850799e-05 3.082e-06
299.4116168 -1.94537441e-05 3.452e-06
299.4116186 -1.57199919e-05 4.851e-06
299.411616 -2.116987967e-05 3.532e-06
299.4116189 -2.738174501e-05 7.899e-06
299.4116176 -1.301359468e-05 3.609e-06
299.4116147 -1.318550413e-05 3.789e-06
299.4116173 -1.679611024e-05 3.923e-06
299.4116162 -2.283090163e-05 3.591e-06
299.4116178 -2.484051716e-05 4.381e-06
299.4116189 -2.326259004e-05 6.074e-06
299.4116183 -2.573432619e-05 6.279e-06
299.4116186 -1.761036894e-05 4.364e-06
299.411617 -2.419510195e-05 3.635e-06
299.4116181 -2.100673861e-05 4.114e-06
299.4116165 -1.795115563e-05 4.111e-06
299.4116144 -1.836656092e-05 3.857e-06
299.4116189 -2.256030083e-05 6.654e-06
299.4116186 -1.036668731e-05 4.98e-06
299.4116183 -1.678819985e-05 4.383e-06
299.4116176 -1.256034641e-05 4.002e-06
299.4116178 -1.848521473e-05 4.22e-06
299.4116168 -2.554925756e-05 3.535e-06
299.4116189 -2.296257405e-05 4.999e-06
299.4116173 -2.235423602e-05 3.943e-06
299.4116181 -2.526377181e-05 4.427e-06
299.4116141 -2.204447675e-05 4.47e-06
299.4116157 -2.634106238e-05 4.183e-06
299.4116155 -1.394090171e-05 3.313e-06
299.4116186 -2.000251273e-05 6.143e-06
299.4137013 -3.126427643e-05 7.916e-06
299.4136987 -3.102873976e-05 5.431e-06
299.4137011 -3.144475851e-05 8.648e-06
299.4136979 -2.87100309e-05 4.492e-06
299.4136997 -1.048520938e-05 5.09e-06
299.4137018 -2.987337507e-05 9.256e-06
299.4137016 -2.760243884e-05 6.426e-06
299.413699 -1.606522952e-05 5.789e-06
299.4137005 -2.662735295e-05 6.795e-06
299.4136976 -1.189708698e-05 5.274e-06
299.4137003 -2.406269248e-05 5.953e-06
299.4136992 -2.783899708e-05 5.887e-06
299.4137008 -1.500912684e-05 6.074e-06
299.4137018 -1.226986817e-05 9.643e-06
299.4137013 -1.533328733e-05 8.454e-06
299.4137016 -2.534487816e-05 6.539e-06
299.4137 -2.313004673e-05 5.854e-06
299.4137011 -1.41984204e-05 6.845e-06
299.4136995 -1.295172119e-05 5.315e-06
299.4136974 -1.709777171e-05 4.79e-06
299.4137018 -1.29258537e-05 1.2546e-05
299.4137016 -1.205564332e-05 9.106e-06
299.4137013 -2.877300559e-05 7.533e-06
299.4137005 -1.332030641e-05 5.032e-06
299.4137008 -2.4701804e-05 5.85e-06
299.4136997 -2.19846101e-05 4.439e-06
299.4137018 -2.410954712e-05 5.652e-06
299.4137003 -1.946710876e-05 5.34e-06
299.4137011 -2.243816346e-05 6.684e-06
299.4136971 -1.877717724e-05 5.683e-06
299.4136987 -1.887488969e-05 5.026e-06
299.4136984 -1.817893312e-05 5.075e-06
299.4158306 -1.981978287e-05 6.765e-06
299.415828 -2.2747412e-05 4.244e-06
299.4158303 -2.86080163e-05 5.237e-06
299.4158272 -2.651752474e-05 3.566e-06
299.415829 -2.472699926e-05 3.807e-06
299.4158311 -2.745642922e-05 6.809e-06
299.4158308 -2.593208382e-05 3.885e-06
299.4158282 -2.622351863e-05 3.395e-06
299.4158298 -2.284744717e-05 4.714e-06
299.4158269 -2.814046613e-05 4.008e-06
299.4158295 -2.078654905e-05 3.751e-06
299.4158285 -3.335186197e-05 3.606e-06
299.4158301 -2.48909032e-05 4.166e-06
299.4158311 -1.80706135e-05 7.656e-06
299.4158306 -3.247569157e-05 5.633e-06
299.4158308 -2.347129798e-05 4.914e-06
299.4158293 -2.8789076e-05 4.253e-06
299.4158303 -2.546169957e-05 4.536e-06
299.4158287 -1.837282015e-05 3.931e-06
299.4158266 -2.018446865e-05 3.81e-06
299.4158311 -2.250844364e-05 5.637e-06
299.4158308 -2.990214347e-05 6.271e-06
299.4158306 -3.94329707e-05 4.605e-06
299.4158298 -2.213181677e-05 4.124e-06
299.4158301 -2.938801069e-05 3.959e-06
299.415829 -2.992376579e-05 4.241e-06
299.4158311 -2.456042947e-05 4.954e-06
299.4158295 -2.862715535e-05 3.84e-06
299.4158303 -2.226900507e-05 4.868e-06
299.4158264 -2.291661276e-05 4.027e-06
299.415828 -2.224831358e-05 3.938e-06
299.4158277 -2.43391386e-05 3.878e-06
299.4185625 -3.788628342e-05 6.061e-06
299.4185598 -3.926583739e-05 3.41e-06
299.4185622 -3.759695969e-05 5.698e-06
299.418559 -3.362021387e-05 3.681e-06
299.4185609 -3.169672323e-05 3.653e-06
299.418563 -3.120776281e-05 7.683e-06
299.4185627 -2.921405797e-05 5.393e-06
299.4185601 -2.934208832e-05 3.471e-06
299.4185617 -3.323061724e-05 4.216e-06
299.4185588 -3.227005188e-05 3.928e-06
299.4185614 -3.066732696e-05 4.236e-06
299.4185604 -3.698143891e-05 4.084e-06
299.4185619 -3.279143547e-05 4.115e-06
299.418563 -3.142462406e-05 6.453e-06
299.4185625 -3.127477967e-05 4.56e-06
299.4185627 -3.561975858e-05 5.729e-06
299.4185611 -2.175588101e-05 3.683e-06
299.4185622 -3.355953149e-05 4.623e-06
299.4185606 -2.918381351e-05 4.031e-06
299.4185585 -3.103426068e-05 3.476e-06
299.418563 -3.517024189e-05 5.26e-06
299.4185627 -2.551574418e-05 6.3e-06
299.4185625 -3.720744012e-05 3.765e-06
299.4185617 -2.360609386e-05 4.029e-06
299.4185619 -3.52659882e-05 4.315e-06
299.4185609 -3.109927972e-05 4.481e-06
299.418563 -3.613321645e-05 5.492e-06
299.4185614 -2.935233689e-05 3.885e-06
299.4185622 -3.439073057e-05 4.198e-06
299.4185583 -2.539070014e-05 4.029e-06
299.4185598 -2.817335449e-05 3.604e-06
299.4185596 -3.009177193e-05 3.289e-06
299.42134 -3.272186315e-05 6.221e-06
299.4213374 -3.529737336e-05 3.629e-06
299.4213397 -3.388006821e-05 5.473e-06
299.4213366 -3.861767288e-05 3.413e-06
299.4213384 -3.314292899e-05 4.57e-06
299.4213403 -4.245755413e-05 6.091e-06
299.4213405 -2.171472852e-05 9.33e-06
299.4213376 -3.307342535e-05 3.463e-06
299.4213392 -3.808800835e-05 5.509e-06
299.4213363 -3.356721195e-05 3.834e-06
299.421339 -3.352575795e-05 4.299e-06
299.4213379 -2.911581446e-05 4.324e-06
299.4213395 -3.375035035e-05 4.887e-06
299.4213405 -2.722765062e-05 6.863e-06
299.42134 -3.639315096e-05 4.972e-06
299.4213403 -3.274988391e-05 5.771e-06
299.4213387 -3.372210428e-05 3.511e-06
299.4213397 -2.833458357e-05 4.913e-06
299.4213382 -3.942909373e-05 3.482e-06
299.4213361 -3.564627837e-05 3.737e-06
299.4213405 -4.410494584e-05 5.052e-06
299.4213403 -3.186731258e-05 5.216e-06
299.42134 -3.681431534e-05 5.255e-06
299.4213392 -4.297025887e-05 4.578e-06
299.4213395 -3.776047422e-05 4.778e-06
299.4213384 -3.604008519e-05 3.562e-06
299.4213405 -3.68625157e-05 5.234e-06
299.421339 -3.365324388e-05 4.022e-06
299.4213397 -3.118412465e-05 4.729e-06
299.4213358 -2.817633409e-05 3.949e-06
299.4213374 -3.042249576e-05 3.716e-06
299.4213371 -3.879970555e-05 3.613e-06
299.4241192 -4.634578447e-05 5.797e-06
299.4241166 -4.439284644e-05 3.309e-06
299.4241189 -3.705192676e-05 3.907e-06
299.4241158 -3.824345214e-05 4.004e-06
299.4241176 -3.587542622e-05 5e-06
299.4241195 -3.286106233e-05 6.398e-06
299.4241168 -3.861395391e-05 3.788e-06
299.4241184 -3.579631666e-05 4.808e-06
299.4241155 -3.961425711e-05 3.305e-06
299.4241181 -4.412887611e-05 4.814e-06
299.4241171 -3.210960831e-05 4.134e-06
299.4241187 -3.933965185e-05 4.915e-06
299.4241197 -4.565140566e-05 5.685e-06
299.4241192 -3.700736789e-05 4.595e-06
299.4241195 -4.696008375e-05 5.661e-06
299.4241179 -3.314762774e-05 3.609e-06
299.4241189 -4.2254614e-05 4.543e-06
299.4241174 -3.258937159e-05 4.047e-06
299.4241153 -4.29225491e-05 3.538e-06
299.4241197 -4.286988035e-05 5.247e-06
299.4241195 -4.0158342e-05 5.22e-06
299.4241192 -4.568465763e-05 5.869e-06
299.4241184 -4.410525539e-05 3.805e-06
299.4241187 -3.742754525e-05 4.364e-06
299.4241176 -4.268884191e-05 4.752e-06
299.4241197 -4.480164876e-05 5.041e-06
299.4241181 -4.433378856e-05 4.077e-06
299.4241189 -4.436487432e-05 5.356e-06
299.424115 -2.95102366e-05 3.888e-06
299.4241166 -4.425429245e-05 3.479e-06
299.4241163 -4.174409723e-05 3.213e-06
299.4268943 -5.210709786e-05 6.842e-06
299.4268917 -3.838517338e-05 3.708e-06
299.426894 -4.514143182e-05 5.089e-06
299.4268909 -4.00550619e-05 3.363e-06
299.4268927 -4.038569816e-05 4.045e-06
299.4268948 -3.825980296e-05 1.1675e-05
299.4268946 -3.794548297e-05 6.196e-06
299.4268919 -4.427098409e-05 3.361e-06
299.4268935 -3.898768261e-05 5.207e-06
299.4268906 -3.797183252e-05 3.238e-06
299.4268932 -3.319417909e-05 4.809e-06
299.4268922 -4.549513723e-05 3.713e-06
299.4268938 -4.122463067e-05 4.641e-06
299.4268948 -3.199909333e-05 6.718e-06
299.4268943 -3.687315513e-05 4.594e-06
299.4268946 -3.87762298e-05 4.021e-06
299.426893 -3.383858185e-05 4.38e-06
299.426894 -3.923434266e-05 3.705e-06
299.4268925 -3.539107401e-05 3.835e-06
299.4268904 -3.974056402e-05 4.156e-06
299.4268948 -4.721644581e-05 5.698e-06
299.4268946 -4.290169886e-05 4.867e-06
299.4268943 -3.993745572e-05 3.714e-06
299.4268935 -5.01763429e-05 4.101e-06
299.4268938 -4.711451499e-05 4.726e-06
299.4268927 -4.716961835e-05 4.282e-06
299.4268948 -4.301570566e-05 4.148e-06
299.4268932 -4.157968333e-05 4.419e-06
299.426894 -4.795165414e-05 4.322e-06
299.4268901 -4.069905871e-05 4.041e-06
299.4268917 -3.510734884e-05 4.089e-06
299.4268914 -4.055575033e-05 3.366e-06
299.4296709 -3.784090412e-05 9.625e-06
299.4296682 -4.119650059e-05 4.025e-06
299.4296706 -4.763769403e-05 4.307e-06
299.4296675 -3.917066788e-05 3.881e-06
299.4296693 -4.242348357e-05 4.8e-06
299.4296714 -5.405040363e-05 1.1206e-05
299.4296711 -4.373218476e-05 5.436e-06
299.4296685 -4.026681853e-05 3.554e-06
299.4296701 -3.869138954e-05 3.655e-06
299.4296672 -4.668399743e-05 3.74e-06
299.4296698 -4.766561852e-05 4.134e-06
299.4296688 -4.363073401e-05 3.251e-06
299.4296703 -3.985531441e-05 4.147e-06
299.4296714 -4.132467575e-05 5.949e-06
299.4296709 -3.998141947e-05 4.967e-06
299.4296711 -3.621411232e-05 3.978e-06
299.4296696 -5.031781627e-05 4.309e-06
299.4296706 -4.079523424e-05 4.742e-06
299.429669 -4.752368061e-05 4.301e-06
299.4296669 -3.88364038e-05 3.785e-06
299.4296711 -4.634031378e-05 5.974e-06
299.4296709 -4.682940953e-05 3.866e-06
299.4296701 -4.032312157e-05 4.218e-06
299.4296703 -4.457661473e-05 4.481e-06
299.4296693 -4.312644024e-05 4.088e-06
299.4296714 -3.838442428e-05 4.394e-06
299.4296698 -4.670704126e-05 3.693e-06
299.4296706 -4.502403477e-05 3.776e-06
299.4296667 -3.455548657e-05 3.772e-06
299.4296682 -4.399757397e-05 3.445e-06
299.429668 -4.602774668e-05 3.758e-06
299.4324535 -4.273441197e-05 7.718e-06
299.4324508 -3.935323731e-05 3.319e-06
299.4324532 -3.977324878e-05 4.033e-06
299.43245 -3.755729194e-05 3.479e-06
299.4324519 -3.485394403e-05 3.833e-06
299.4324537 -4.471642486e-05 5.147e-06
299.432454 -4.516349515e-05 1.024e-05
299.4324511 -4.365289724e-05 3.533e-06
299.4324527 -4.332616799e-05 4.267e-06
299.4324498 -3.92856895e-05 3.866e-06
299.4324524 -4.812002841e-05 4.346e-06
299.4324514 -4.651961727e-05 4.114e-06
299.4324529 -3.637182963e-05 4.228e-06
299.432454 -3.689112936e-05 5.363e-06
299.4324535 -4.314426659e-05 4.924e-06
299.4324537 -4.117950843e-05 3.334e-06
299.4324521 -4.246015297e-05 4.244e-06
299.4324532 -4.033057734e-05 3.269e-06
299.4324516 -4.344653263e-05 4.819e-06
299.4324495 -3.921430574e-05 3.18e-06
299.432454 -4.786810558e-05 5.523e-06
299.4324537 -3.210463868e-05 7.289e-06
299.4324535 -4.024701833e-05 4.286e-06
299.4324527 -3.911824515e-05 4.412e-06
299.4324529 -5.081075641e-05 3.987e-06
299.4324519 -4.638056793e-05 4.132e-06
299.432454 -4.440062479e-05 3.958e-06
299.4324524 -4.241493795e-05 3.974e-06
299.4324532 -4.362877035e-05 3.684e-06
299.4324493 -4.646993361e-05 3.603e-06
299.4324508 -4.034315607e-05 3.748e-06
299.4324506 -3.621986552e-05 3.247e-06
299.4352279 -4.130320521e-05 6.832e-06
299.4352253 -3.481261198e-05 3.841e-06
299.4352276 -4.338879318e-05 4.126e-06
299.4352245 -4.681413809e-05 3.423e-06
299.4352263 -3.909384901e-05 3.506e-06
299.4352282 -3.267087128e-05 5.043e-06
299.4352284 -4.448027658e-05 8.99e-06
299.4352255 -3.984842794e-05 3.494e-06
299.4352271 -4.609280946e-05 3.919e-06
299.4352242 -4.443949843e-05 3.903e-06
299.4352269 -3.69406465e-05 3.949e-06
299.4352258 -3.689750142e-05 3.854e-06
299.4352274 -3.927357831e-05 4.085e-06
299.4352284 -3.498312194e-05 5.356e-06
299.4352279 -4.145743565e-05 4.926e-06
299.4352282 -3.799765919e-05 4.719e-06
299.4352266 -4.608174985e-05 3.637e-06
299.4352276 -4.12298741e-05 3.71e-06
299.4352261 -4.077701628e-05 4.261e-06
299.435224 -4.420263892e-05 3.389e-06
299.4352284 -5.014501965e-05 6.847e-06
299.4352279 -3.642559043e-05 4.406e-06
299.4352271 -4.214457136e-05 3.902e-06
299.4352274 -5.03892311e-05 4.708e-06
299.4352263 -4.504278176e-05 3.316e-06
299.4352284 -4.691078871e-05 3.83e-06
299.4352269 -4.275746948e-05 5.043e-06
299.4352276 -3.791238326e-05 4.678e-06
299.4352237 -4.050118434e-05 3.798e-06
299.4352253 -4.713906624e-05 3.7e-06
299.435225 -3.827796492e-05 3.564e-06
299.4380061 -4.214212426e-05 6.764e-06
299.4380035 -4.097788583e-05 3.545e-06
299.4380059 -4.43442491e-05 4.623e-06
299.4380027 -3.983962849e-05 3.664e-06
299.4380045 -4.382125142e-05 3.877e-06
299.4380066 -3.040392269e-05 9.403e-06
299.4380038 -4.057451284e-05 2.871e-06
299.4380053 -3.832022528e-05 3.689e-06
299.4380024 -4.165509754e-05 3.75e-06
299.4380051 -4.58937948e-05 3.888e-06
299.438004 -4.324590408e-05 3.424e-06
299.4380056 -3.638855164e-05 3.653e-06
299.4380066 -3.602973807e-05 5.691e-06
299.4380061 -3.549510905e-05 7.453e-06
299.4380064 -4.891984212e-05 5.879e-06
299.4380048 -4.412859085e-05 3.791e-06
299.4380059 -3.933686783e-05 3.843e-06
299.4380043 -4.046332063e-05 3.692e-06
299.4380022 -4.316007184e-05 3.624e-06
299.4380066 -3.249793524e-05 4.889e-06
299.4380064 -4.472198598e-05 6.772e-06
299.4380061 -4.225671739e-05 5.409e-06
299.4380053 -4.243328873e-05 4.708e-06
299.4380056 -4.49848788e-05 3.641e-06
299.4380045 -3.212998822e-05 3.887e-06
299.4380066 -3.686169024e-05 4.249e-06
299.4380051 -3.28157399e-05 4.068e-06
299.4380059 -4.191598101e-05 4.855e-06
299.4380019 -3.571521285e-05 3.44e-06
299.4380035 -3.592288522e-05 4.1e-06
299.4380032 -4.313067532e-05 3.322e-06
299.4407834 -2.471021295e-05 6.341e-06
299.4407808 -3.617992254e-05 3.011e-06
299.4407832 -3.402909824e-05 3.858e-06
299.44078 -4.446306663e-05 3.863e-06
299.4407818 -3.219291715e-05 4.186e-06
299.4407839 -3.495816794e-05 7.721e-06
299.4407837 -4.283536321e-05 5.199e-06
299.4407811 -3.693161785e-05 3.749e-06
299.4407826 -3.743163566e-05 3.446e-06
299.4407797 -3.900624805e-05 3.366e-06
299.4407824 -3.624834819e-05 3.434e-06
299.4407813 -4.177600692e-05 3.452e-06
299.4407829 -3.852629094e-05 4.656e-06
299.4407839 -3.034706669e-05 5.077e-06
299.4407834 -2.80860552e-05 4.925e-06
299.4407837 -3.746885234e-05 6.421e-06
299.4407821 -3.434021326e-05 3.837e-06
299.4407832 -4.08612697e-05 4.833e-06
299.4407816 -3.655415106e-05 3.663e-06
299.4407795 -3.718930765e-05 3.256e-06
299.4407839 -3.326302759e-05 4.814e-06
299.4407837 -4.299541542e-05 6.043e-06
299.4407834 -3.693285702e-05 4.695e-06
299.4407826 -3.779259796e-05 5.062e-06
299.4407829 -3.903686059e-05 5.433e-06
299.4407818 -3.710722698e-05 3.869e-06
299.4407839 -4.461198916e-05 4.912e-06
299.4407824 -3.688640666e-05 3.708e-06
299.4407832 -3.399008359e-05 5.197e-06
299.4407792 -3.601794772e-05 4.075e-06
299.4407808 -3.55504657e-05 4.476e-06
299.4407805 -3.882480143e-05 3.93e-06
299.4435617 -3.906505044e-05 6.512e-06
299.4435591 -3.931752529e-05 3.657e-06
299.4435614 -3.238282567e-05 4.045e-06
299.4435583 -3.582915651e-05 3.204e-06
299.4435601 -3.543256233e-05 3.658e-06
299.4435622 -2.98552991e-05 5.807e-06
299.443562 -3.619486312e-05 5.099e-06
299.4435593 -3.230404491e-05 4.057e-06
299.4435609 -3.294269391e-05 5.15e-06
299.443558 -3.076119491e-05 3.548e-06
299.4435606 -3.37116363e-05 4.352e-06
299.4435596 -3.86978256e-05 4.227e-06
299.4435612 -3.273024253e-05 5.332e-06
299.4435622 -3.806154483e-05 7.053e-06
299.4435617 -4.66471117e-05 5.508e-06
299.443562 -3.257293371e-05 4.634e-06
299.4435604 -3.715260096e-05 4.12e-06
299.4435614 -3.389936081e-05 4.604e-06
299.4435599 -3.819873614e-05 3.322e-06
299.4435578 -3.443354719e-05 3.871e-06
299.4435622 -3.145600083e-05 5.219e-06
299.443562 -3.578324532e-05 4.856e-06
299.4435617 -3.486654891e-05 4.245e-06
299.4435609 -3.583630566e-05 4.609e-06
299.4435612 -3.419762928e-05 4.841e-06
299.4435601 -3.483878826e-05 3.975e-06
299.4435622 -4.161896694e-05 5.183e-06
299.4435606 -3.272129613e-05 3.788e-06
299.4435614 -3.490966749e-05 3.974e-06
299.4435575 -3.373157727e-05 4.189e-06
299.4435591 -4.076555996e-05 3.766e-06
299.4435588 -3.430734987e-05 3.579e-06
299.4463386 -3.666275721e-05 7.156e-06
299.446336 -2.852083604e-05 4.635e-06
299.4463384 -3.112887412e-05 4.811e-06
299.4463352 -2.472204697e-05 3.543e-06
299.4463371 -3.259063508e-05 4.561e-06
299.4463389 -2.071840101e-05 5.486e-06
299.4463363 -2.943987755e-05 3.926e-06
299.4463379 -3.423295391e-05 4.16e-06
299.446335 -2.762884361e-05 3.876e-06
299.4463376 -2.771813251e-05 3.825e-06
299.4463365 -2.876383245e-05 3.335e-06
299.4463381 -3.114106945e-05 5.37e-06
299.4463392 -2.61793449e-05 7.432e-06
299.4463386 -1.661435921e-05 5.684e-06
299.4463389 -3.653922926e-05 4.431e-06
299.4463373 -3.182990641e-05 4.037e-06
299.4463384 -2.425646271e-05 4.493e-06
299.4463368 -2.167878748e-05 3.79e-06
299.4463347 -2.659702258e-05 3.658e-06
299.4463392 -2.196713275e-05 5.473e-06
299.4463389 -2.891246527e-05 4.796e-06
299.4463386 -3.326632706e-05 6.507e-06
299.4463379 -2.586995853e-05 4.029e-06
299.4463381 -3.088798043e-05 3.596e-06
299.4463371 -2.610000689e-05 3.549e-06
299.4463392 -3.16302804e-05 6.089e-06
299.4463376 -2.803971531e-05 4.473e-06
299.4463384 -2.893553825e-05 4.619e-06
299.4463344 -2.701025506e-05 3.367e-06
299.446336 -3.141047415e-05 3.627e-06
299.4463358 -3.023949946e-05 3.594e-06
299.4491159 -2.31715078e-05 6.264e-06
299.4491133 -1.311029947e-05 4.168e-06
299.4491156 -3.42269625e-05 4.523e-06
299.4491125 -2.48254372e-05 3.589e-06
299.4491143 -2.817500551e-05 3.983e-06
299.4491162 -2.290941736e-05 5.834e-06
299.4491135 -2.817519804e-05 3.635e-06
299.4491164 -2.092655379e-05 7.496e-06
299.4491151 -2.828722337e-05 4.268e-06
299.4491122 -2.378491373e-05 3.492e-06
299.4491148 -1.89848393e-05 4.093e-06
299.4491138 -2.494487655e-05 3.894e-06
299.4491154 -2.086955849e-05 5.841e-06
299.4491164 -1.865946439e-05 6.222e-06
299.4491159 -2.309872262e-05 4.759e-06
299.4491162 -2.110452917e-05 5.516e-06
299.4491146 -2.146870793e-05 4.442e-06
299.4491156 -3.045595303e-05 4.455e-06
299.4491141 -2.463882798e-05 3.692e-06
299.449112 -2.453511842e-05 3.536e-06
299.4491164 -2.047602276e-05 4.828e-06
299.4491162 -2.086283323e-05 4.759e-06
299.4491159 -3.566813977e-05 4.778e-06
299.4491151 -2.593905667e-05 3.883e-06
299.4491154 -2.751727179e-05 3.673e-06
299.4491143 -1.94312628e-05 4.192e-06
299.4491164 -2.397923176e-05 5.083e-06
299.4491148 -2.387373105e-05 4.186e-06
299.4491156 -2.686183921e-05 4.435e-06
299.4491117 -2.838987016e-05 4.063e-06
299.449113 -1.808801317e-05 3.445e-06
299.4518946 -1.168618014e-05 5.795e-06
299.4518919 -1.927961814e-05 3.962e-06
299.4518943 -1.424674567e-05 4.463e-06
299.4518911 -1.065513622e-05 3.796e-06
299.451893 -1.873143179e-05 4.186e-06
299.4518948 -1.614029333e-05 5.307e-06
299.4518922 -2.002677178e-05 3.448e-06
299.4518951 -1.848945364e-05 1.0764e-05
299.4518938 -1.699762211e-05 3.998e-06
299.4518909 -1.728992462e-05 3.695e-06
299.4518935 -1.799705886e-05 3.183e-06
299.4518925 -1.510298381e-05 3.933e-06
299.451894 -2.008895661e-05 4.639e-06
299.4518951 -1.036840952e-05 6.605e-06
299.4518946 -7.047294199e-06 6.205e-06
299.4518948 -2.197214087e-05 5.111e-06
299.4518932 -1.663544741e-05 4.154e-06
299.4518943 -1.063868909e-05 4.79e-06
299.4518927 -1.586641749e-05 3.714e-06
299.4518951 -1.464802504e-05 4.364e-06
299.4518948 -8.475860175e-06 4.765e-06
299.4518946 -2.048646031e-05 4.928e-06
299.4518938 -2.078408566e-05 3.962e-06
299.451894 -1.245215932e-05 4.367e-06
299.451893 -1.707387513e-05 3.981e-06
299.4518951 -2.189423063e-05 6.569e-06
299.4518935 -1.598790863e-05 3.571e-06
299.4518943 -1.733800571e-05 4.672e-06
299.4518904 -9.054567224e-06 3.704e-06
299.4518919 -1.902597941e-05 3.888e-06
299.4518917 -1.715342169e-05 4.077e-06
299.4546723 -7.128273311e-06 5.505e-06
299.4546697 -3.593472772e-06 3.583e-06
299.4546689 -4.120100661e-06 3.368e-06
299.454672 -4.291048762e-06 4.126e-06
299.4546707 -3.484529321e-06 3.862e-06
299.4546699 -6.291314659e-06 3.618e-06
299.4546726 -5.111819847e-06 4.739e-06
299.4546728 -5.07292898e-06 9.388e-06
299.4546715 -8.043505548e-06 4.144e-06
299.4546686 -5.040648373e-06 3.843e-06
299.4546713 -1.165050123e-06 3.704e-06
299.4546702 -1.159857072e-05 3.519e-06
299.4546718 -4.338636971e-06 3.968e-06
299.4546728 -1.002580853e-05 5.368e-06
299.4546723 -7.730957604e-06 4.875e-06
299.4546726 -8.306691251e-06 5.247e-06
299.454671 -1.371498478e-05 4.145e-06
299.454672 -2.250580192e-06 4.673e-06
299.4546705 -6.233465603e-06 3.58e-06
299.4546684 -6.486544486e-06 3.125e-06
299.4546728 -2.629033544e-06 5.51e-06
299.4546726 -2.3414325e-05 6.794e-06
299.4546723 2.759985819e-06 6.268e-06
299.4546715 -1.122732434e-05 4.323e-06
299.4546718 -1.572240084e-05 4.023e-06
299.4546707 -1.198320743e-05 3.951e-06
299.4546728 -3.976553275e-06 5.828e-06
299.4546713 -6.401925522e-06 3.612e-06
299.4546681 -1.029040409e-05 3.513e-06
299.4546697 -1.119687497e-05 3.663e-06
299.4546694 -1.482955535e-05 3.568e-06
299.4574502 4.380101838e-06 6.936e-06
299.4574476 -1.782428929e-06 4.191e-06
299.4574468 -1.253771562e-06 3.118e-06
299.45745 -2.465940991e-06 4.489e-06
299.4574487 9.459802345e-07 3.79e-06
299.4574479 -8.15907894e-07 4.185e-06
299.4574505 -1.032177943e-05 4.615e-06
299.4574508 7.564685985e-06 7.475e-06
299.4574494 3.437635743e-06 4.188e-06
299.4574466 -1.880705178e-06 3.498e-06
299.4574492 -6.596680053e-08 3.77e-06
299.4574481 -2.591621465e-06 3.292e-06
299.4574497 5.055454468e-06 4.848e-06
299.4574508 -1.182394234e-05 7.434e-06
299.4574502 -7.196162247e-07 5.129e-06
299.4574505 7.804597823e-07 5.774e-06
299.4574489 -1.678068273e-06 3.91e-06
299.45745 1.328227213e-06 4.347e-06
299.4574484 -2.687951065e-06 3.679e-06
299.4574463 1.913308756e-06 3.578e-06
299.4574508 1.043763246e-05 6.112e-06
299.4574505 2.446087286e-06 4.823e-06
299.4574502 2.556323302e-07 6.317e-06
299.4574494 1.363122035e-06 3.959e-06
299.4574497 -5.742269512e-06 3.872e-06
299.4574487 7.305817041e-06 3.722e-06
299.4574508 -2.139723841e-07 4.172e-06
299.4574492 -1.875275409e-07 5.05e-06
299.45745 2.209808707e-07 4.073e-06
299.457446 -1.750610005e-06 4.135e-06
299.4574476 -4.196760408e-06 3.928e-06
299.4574473 -2.715547613e-06 4.039e-06
299.4602278 7.083073715e-06 6.735e-06
299.4602252 4.552609377e-06 4.027e-06
299.4602244 4.063342501e-06 3.853e-06
299.4602276 1.156447785e-06 4.423e-06
299.4602263 9.08779717e-06 3.913e-06
299.4602255 7.20813916e-06 3.82e-06
299.4602281 7.73738558e-06 4.963e-06
299.4602284 9.913939393e-06 5.82e-06
299.460227 1.322019686e-05 4.764e-06
299.4602242 5.78202945e-06 3.703e-06
299.4602268 6.910319422e-06 3.295e-06
299.4602257 5.916627347e-06 3.651e-06
299.4602273 -5.166707652e-07 4.625e-06
299.4602284 6.371489182e-06 6.34e-06
299.4602278 7.630002021e-06 6.758e-06
299.4602281 8.194386832e-06 4.855e-06
299.4602265 1.069767334e-05 3.623e-06
299.4602276 9.380629069e-06 4.307e-06
299.460226 5.379448244e-06 3.376e-06
299.4602239 2.209986059e-06 3.303e-06
299.4602284 1.322896318e-05 6.369e-06
299.4602278 7.000819631e-06 5.199e-06
299.4602281 2.104208297e-06 5.117e-06
299.460227 7.672956318e-06 3.791e-06
299.4602273 4.055183487e-06 4.621e-06
299.4602263 1.263239627e-05 3.682e-06
299.4602284 1.087305886e-05 5.563e-06
299.4602268 7.185318174e-06 4.039e-06
299.4602276 1.539990969e-05 5.043e-06
299.4602236 1.007610216e-05 3.933e-06
299.4602252 2.441011541e-06 3.662e-06
299.4602249 -4.214537438e-07 3.158e-06
299.4630051 9.891199196e-06 5.782e-06
299.4630025 1.746691061e-05 3.591e-06
299.4630017 1.843538456e-05 3.719e-06
299.4630049 1.872367632e-05 4.609e-06
299.4630036 1.921945491e-05 4.05e-06
299.4630028 2.152645895e-05 4.037e-06
299.4630054 1.570708874e-05 5.453e-06
299.4630057 1.358341955e-05 6.345e-06
299.4630044 1.748775073e-05 3.822e-06
299.4630015 1.611422192e-05 3.785e-06
299.4630041 1.105782976e-05 4.716e-06
299.463003 1.495740084e-05 3.654e-06
299.4630046 2.111439614e-05 3.399e-06
299.4630057 2.094477107e-05 6.702e-06
299.4630051 2.215132207e-05 5.49e-06
299.4630054 1.406874381e-05 5.886e-06
299.4630038 1.900194031e-05 3.264e-06
299.4630049 2.126604159e-05 4.189e-06
299.4630033 1.903858453e-05 4.214e-06
299.4630012 1.955189458e-05 3.646e-06
299.4630057 1.168945724e-05 4.526e-06
299.4630054 1.873276414e-05 5.848e-06
299.4630051 1.880742902e-05 4.671e-06
299.4630044 2.759307766e-05 4.346e-06
299.4630046 1.039810386e-05 4.338e-06
299.4630036 1.764954039e-05 4.069e-06
299.4630057 1.365092954e-05 6.733e-06
299.4630041 1.465089633e-05 3.749e-06
299.4630049 1.746614912e-05 4.701e-06
299.4630009 1.327479978e-05 3.392e-06
299.4630025 9.868965688e-06 4.266e-06
299.4630023 2.374859268e-05 3.187e-06
299.4657832 2.649582572e-05 8.092e-06
299.4657806 2.816880255e-05 3.75e-06
299.4657798 2.688132803e-05 3.502e-06
299.4657829 3.220010343e-05 5.592e-06
299.4657816 1.786412657e-05 3.834e-06
299.4657808 2.764989001e-05 3.825e-06
299.4657835 2.770666172e-05 4.896e-06
299.4657837 3.085217262e-05 7.934e-06
299.4657824 2.721747069e-05 4.09e-06
299.4657795 1.614190727e-05 3.432e-06
299.4657822 2.615762886e-05 4.439e-06
299.4657811 2.423585695e-05 3.648e-06
299.4657827 2.773910289e-05 3.991e-06
299.4657837 3.38671895e-05 6.22e-06
299.4657832 1.639627056e-05 6.805e-06
299.4657835 3.530479888e-05 5.142e-06
299.4657819 2.196120749e-05 3.858e-06
299.4657829 2.524258426e-05 3.773e-06
299.4657814 2.768631484e-05 4.316e-06
299.4657793 2.54251202e-05 3.911e-06
299.4657837 2.50163493e-05 5.57e-06
299.4657835 1.795104017e-05 4.558e-06
299.4657832 2.99115359e-05 4.818e-06
299.4657824 2.354956292e-05 4.696e-06
299.4657827 2.414237498e-05 3.956e-06
299.4657816 2.411046182e-05 3.996e-06
299.4657837 2.353752755e-05 6.169e-06
299.4657822 2.483006406e-05 4.308e-06
299.4657829 2.26942245e-05 4.666e-06
299.465779 2.129700727e-05 3.581e-06
299.4657806 2.878364889e-05 4.043e-06
299.4657803 2.169515277e-05 3.346e-06
299.4685596 3.109870631e-05 5.943e-06
299.468557 2.434969499e-05 3.734e-06
299.4685562 2.409187617e-05 3.907e-06
299.4685594 3.094203754e-05 5.195e-06
299.4685581 3.961728569e-05 4.61e-06
299.4685573 3.282968136e-05 4.443e-06
299.4685599 3.445298037e-05 4.663e-06
299.4685602 3.78734742e-05 8.601e-06
299.4685589 3.581493782e-05 4.701e-06
299.468556 3.1058531e-05 2.896e-06
299.4685586 3.415319481e-05 4.323e-06
299.4685575 3.076604775e-05 4.331e-06
299.4685591 3.707877583e-05 4.698e-06
299.4685602 3.500804799e-05 6.879e-06
299.4685596 3.243862517e-05 5.843e-06
299.4685599 2.699753452e-05 5.211e-06
299.4685583 3.543812926e-05 4.139e-06
299.4685594 3.404612159e-05 4.025e-06
299.4685578 3.190370096e-05 3.886e-06
299.4685557 3.604594322e-05 3.663e-06
299.4685602 3.375831601e-05 8.013e-06
299.4685596 2.311686366e-05 4.852e-06
299.4685599 2.803376296e-05 5.487e-06
299.4685589 3.187616518e-05 4.244e-06
299.4685591 3.506184204e-05 3.826e-06
299.4685581 3.429718154e-05 4.659e-06
299.4685602 3.20125564e-05 6.075e-06
299.4685586 3.037178894e-05 4.612e-06
299.4685594 3.483571664e-05 4.597e-06
299.4685554 3.605371217e-05 3.524e-06
299.468557 3.726022009e-05 3.479e-06
299.4685568 3.519818533e-05 3.393e-06
299.4713397 4.988264873e-05 6.971e-06
299.4713371 4.126916815e-05 3.892e-06
299.4713363 4.419947862e-05 4.116e-06
299.4713394 4.328934489e-05 4.085e-06
299.4713381 3.655465711e-05 3.713e-06
299.4713373 4.057560025e-05 3.661e-06
299.47134 5.095484508e-05 6.011e-06
299.4713402 5.174640333e-05 1.0135e-05
299.4713389 4.268097593e-05 3.828e-06
299.471336 4.122294928e-05 3.53e-06
299.4713386 4.319264764e-05 3.659e-06
299.4713376 3.681277476e-05 3.889e-06
299.4713392 3.925677637e-05 4.463e-06
299.4713402 3.772663011e-05 6.949e-06
299.4713397 3.603402005e-05 4.473e-06
299.47134 3.45464041e-05 7.577e-06
299.4713384 4.021517412e-05 4.413e-06
299.4713394 4.147913477e-05 4.697e-06
299.4713379 4.358701984e-05 3.617e-06
299.4713402 3.957701934e-05 7.067e-06
299.47134 3.782269418e-05 5.478e-06
299.4713397 4.67311901e-05 3.908e-06
299.4713389 4.175685473e-05 3.657e-06
299.4713392 3.403808343e-05 4.094e-06
299.4713381 3.117463374e-05 3.676e-06
299.4713402 3.54342699e-05 7.156e-06
299.4713386 4.849169909e-05 3.852e-06
299.4713394 3.964776157e-05 3.645e-06
299.4713355 4.171175726e-05 4.265e-06
299.4713371 3.791896016e-05 3.816e-06
299.4713368 4.269516546e-05 3.819e-06
299.4741151 4.97735149e-05 5.771e-06
299.4741125 4.782153383e-05 3.677e-06
299.4741117 5.080477981e-05 3.323e-06
299.4741149 4.616042546e-05 4.551e-06
299.4741136 4.292349308e-05 4.366e-06
299.4741128 4.483510048e-05 3.978e-06
299.4741154 4.723513295e-05 5.417e-06
299.4741157 4.942937453e-05 6.724e-06
299.4741143 4.042608389e-05 4.521e-06
299.4741114 4.239583428e-05 3.536e-06
299.4741141 4.625499638e-05 3.802e-06
299.474113 4.941647378e-05 3.68e-06
299.4741146 4.839348556e-05 4.223e-06
299.4741157 4.622925256e-05 6.148e-06
299.4741151 4.552518806e-05 5.157e-06
299.4741154 3.665188327e-05 4.972e-06
299.4741138 4.473610979e-05 4.477e-06
299.4741149 4.273796619e-05 4.407e-06
299.4741133 3.914517048e-05 3.769e-06
299.4741112 4.599101317e-05 3.471e-06
299.4741157 4.484033522e-05 6.302e-06
299.4741151 4.27958075e-05 5.007e-06
299.4741154 4.633045063e-05 4.504e-06
299.4741143 4.213823357e-05 4.815e-06
299.4741146 4.783994263e-05 4.787e-06
299.4741136 4.146864114e-05 3.487e-06
299.4741157 3.708092112e-05 5.485e-06
299.4741141 3.722718645e-05 4.198e-06
299.4741149 4.582339294e-05 4.171e-06
299.4741109 4.799217255e-05 3.818e-06
299.4741125 4.763047718e-05 3.604e-06
299.4741122 4.18927669e-05 3.24e-06
299.4768927 5.257409228e-05 5.558e-06
299.4768901 4.406776743e-05 3.256e-06
299.4768893 4.53144265e-05 3.581e-06
299.4768925 5.815712327e-05 5.305e-06
299.4768911 6.01513946e-05 4.188e-06
299.4768904 5.192180494e-05 4.311e-06
299.4768932 5.08346141e-05 7.248e-06
299.476893 3.831445153e-05 5.965e-06
299.4768919 5.123231949e-05 5.319e-06
299.476889 4.757674634e-05 3.893e-06
299.4768917 4.533047551e-05 4.999e-06
299.4768906 4.678784359e-05 3.853e-06
299.4768922 5.160370138e-05 4.45e-06
299.4768927 5.369057618e-05 4.977e-06
299.476893 5.325313487e-05 4.848e-06
299.4768914 5.008335354e-05 4.274e-06
299.4768925 5.177682093e-05 4.019e-06
299.4768909 4.342610218e-05 4.66e-06
299.4768888 5.013388434e-05 3.405e-06
299.4768932 5.232489471e-05 7.064e-06
299.4768927 4.892014495e-05 5.824e-06
299.476893 4.954951156e-05 4.354e-06
299.4768919 5.280324704e-05 5.213e-06
299.4768922 4.194018191e-05 4.197e-06
299.4768911 5.014566223e-05 4.091e-06
299.4768932 5.794380457e-05 6.475e-06
299.4768917 4.794766596e-05 4.275e-06
299.4768925 4.634526927e-05 3.815e-06
299.4768885 4.87265811e-05 3.646e-06
299.4768901 4.311809675e-05 3.345e-06
299.4768898 4.778193924e-05 3.206e-06
299.4796682 4.936398577e-05 3.468e-06
299.4796708 5.997930037e-05 6.152e-06
299.4796674 4.833367913e-05 3.755e-06
299.4796705 5.88616822e-05 3.88e-06
299.4796692 4.75049981e-05 4.721e-06
299.4796684 5.408675053e-05 4.111e-06
299.4796713 6.506679334e-05 7.76e-06
299.4796711 5.60280375e-05 6.925e-06
299.47967 4.410337165e-05 5.324e-06
299.4796671 5.25891153e-05 3.894e-06
299.4796697 5.894340684e-05 4.163e-06
299.4796687 5.324206407e-05 3.521e-06
299.4796703 4.799457458e-05 3.94e-06
299.4796713 5.127609325e-05 8.072e-06
299.4796708 5.825025025e-05 5.23e-06
299.4796711 5.598388371e-05 6.144e-06
299.4796695 5.174264124e-05 4.5e-06
299.4796705 5.793475923e-05 4.851e-06
299.479669 5.964525754e-05 4.248e-06
299.4796669 5.215251039e-05 3.368e-06
299.4796713 6.128735165e-05 5.469e-06
299.4796708 5.577641155e-05 5.197e-06
299.4796711 5.669923643e-05 5.262e-06
299.47967 4.806556105e-05 5.233e-06
299.4796703 5.019643821e-05 3.942e-06
299.4796692 4.97553083e-05 3.618e-06
299.4796713 5.332188548e-05 5.171e-06
299.4796697 5.490180195e-05 3.677e-06
299.4796705 4.373962254e-05 4.511e-06
299.4796666 5.3944358e-05 4.005e-06
299.4796682 5.082167413e-05 2.981e-06
299.4796679 5.684199119e-05 4.34e-06
299.4824458 5.363817732e-05 4.01e-06
299.4824485 4.978034054e-05 4.277e-06
299.482445 5.897847607e-05 3.591e-06
299.4824482 5.407416819e-05 4.256e-06
299.4824469 4.835649147e-05 4.07e-06
299.4824461 4.750125269e-05 3.562e-06
299.482449 4.759486392e-05 8.692e-06
299.4824487 5.88164014e-05 5.46e-06
299.4824477 5.077519207e-05 5.78e-06
299.4824448 4.996390874e-05 2.988e-06
299.4824474 5.032933405e-05 3.562e-06
299.4824464 5.935112206e-05 3.736e-06
299.4824479 5.094662968e-05 4.657e-06
299.4824485 4.552203762e-05 7.295e-06
299.4824487 5.121596847e-05 5.03e-06
299.4824471 5.10707009e-05 4.323e-06
299.4824482 6.22476691e-05 4.687e-06
299.4824466 4.947622859e-05 3.884e-06
299.4824445 5.322415921e-05 3.258e-06
299.482449 4.680195123e-05 6.184e-06
299.4824487 5.849383986e-05 4.99e-06
299.4824485 5.982298133e-05 5.704e-06
299.4824477 5.839432866e-05 5.413e-06
299.4824479 5.625417746e-05 4.061e-06
299.4824469 6.186544234e-05 3.317e-06
299.482449 4.225512132e-05 4.801e-06
299.4824474 4.890417621e-05 3.549e-06
299.4824482 4.760975284e-05 4.337e-06
299.4824443 5.54808529e-05 3.77e-06
299.4824458 5.032118993e-05 3.07e-06
299.4824456 4.639861196e-05 3.71e-06
299.4852259 5.238438306e-05 5.205e-06
299.4852232 5.790591433e-05 3.497e-06
299.4852224 5.059165539e-05 3.445e-06
299.4852256 4.779820891e-05 5.202e-06
299.4852243 5.856547332e-05 3.397e-06
299.4852235 5.45868039e-05 4.311e-06
299.4852264 4.897131057e-05 8.174e-06
299.4852261 4.960614981e-05 5.012e-06
299.4852251 5.926040592e-05 4.637e-06
299.4852222 5.924209747e-05 3.737e-06
299.4852248 5.111153304e-05 4.469e-06
299.4852238 5.064932375e-05 3.802e-06
299.4852253 6.127596742e-05 4.152e-06
299.4852264 5.020516613e-05 5.961e-06
299.4852259 5.944409733e-05 6.499e-06
299.4852245 4.250802786e-05 4.431e-06
299.4852256 5.572505623e-05 4.573e-06
299.485224 6.179569581e-05 4.327e-06
299.4852219 4.991617809e-05 3.194e-06
299.4852264 6.126080633e-05 6.968e-06
299.4852259 5.983718947e-05 5.589e-06
299.4852261 5.945921006e-05 5.74e-06
299.4852251 4.871192229e-05 3.72e-06
299.4852253 4.85538252e-05 4.525e-06
299.4852243 5.285521204e-05 4.009e-06
299.4852248 4.739187562e-05 3.808e-06
299.4852264 5.868485687e-05 5.796e-06
299.4852256 5.108215347e-05 4.336e-06
299.4852217 5.681843164e-05 4.016e-06
299.4852232 5.620660339e-05 3.338e-06
299.485223 5.348776261e-05 3.778e-06
299.4880031 4.129725956e-05 7.265e-06
299.4880005 5.467964947e-05 3.911e-06
299.4879997 5.049097355e-05 3.927e-06
299.4880029 4.73968539e-05 4.569e-06
299.4880016 4.52583355e-05 4.179e-06
299.4880008 5.513176156e-05 3.716e-06
299.4880037 5.500135386e-05 5.304e-06
299.4880034 3.732195621e-05 5.776e-06
299.4880024 5.083944869e-05 4.717e-06
299.4879995 5.419426447e-05 3.365e-06
299.4880021 4.724197471e-05 4.545e-06
299.488001 4.644025558e-05 4.064e-06
299.4880026 5.571303876e-05 5.678e-06
299.4880031 5.551568971e-05 5.562e-06
299.4880034 4.877078542e-05 6.066e-06
299.4880018 4.428034589e-05 3.947e-06
299.4880029 5.639560407e-05 5.501e-06
299.4880013 4.989781808e-05 4.995e-06
299.4879992 4.510979078e-05 3.87e-06
299.4880037 5.937132564e-05 7.555e-06
299.4880031 4.759877655e-05 4.724e-06
299.4880034 4.716673502e-05 5.397e-06
299.4880024 4.472038453e-05 3.911e-06
299.4880026 4.972245804e-05 4.934e-06
299.4880016 4.739471831e-05 4.411e-06
299.4880037 3.876429154e-05 4.391e-06
299.4880021 5.14699705e-05 3.91e-06
299.4880029 4.729044873e-05 4.482e-06
299.4879989 5.205863344e-05 3.81e-06
299.4880005 4.504492205e-05 3.651e-06
299.4880002 4.508974574e-05 3.58e-06
299.4907826 3.845840942e-05 6.48e-06
299.4907799 4.308915489e-05 3.466e-06
299.4907791 4.126352116e-05 3.529e-06
299.4907823 3.900404079e-05 5.279e-06
299.490781 4.686437289e-05 3.325e-06
299.4907802 4.954665259e-05 4.425e-06
299.4907828 5.048723984e-05 5.327e-06
299.4907831 4.813886042e-05 7.003e-06
299.4907818 4.436186406e-05 4.422e-06
299.4907789 4.903970782e-05 3.208e-06
299.4907815 4.520509085e-05 3.718e-06
299.4907805 4.545790367e-05 3.441e-06
299.490782 3.82554497e-05 4.572e-06
299.4907831 5.622522073e-05 6.747e-06
299.4907826 4.11773744e-05 5.965e-06
299.4907828 4.34558356e-05 4.938e-06
299.4907812 4.600409527e-05 4.383e-06
299.4907823 4.720724334e-05 4.605e-06
299.4907807 4.604708655e-05 3.883e-06
299.4907786 5.172475114e-05 3.328e-06
299.4907831 5.412880238e-05 5.015e-06
299.4907826 4.230838533e-05 5.448e-06
299.4907828 5.10275981e-05 5.414e-06
299.4907818 3.908555103e-05 4.248e-06
299.490782 4.408408127e-05 4.976e-06
299.490781 4.139301588e-05 3.86e-06
299.4907831 4.066369991e-05 5.379e-06
299.4907815 4.767105031e-05 4.232e-06
299.4907823 4.406108255e-05 5.82e-06
299.4907784 5.051835677e-05 3.588e-06
299.4907799 4.825414512e-05 3.734e-06
299.4907797 4.013349725e-05 3.257e-06
299.4935585 4.674843468e-05 6.027e-06
299.4935559 3.60632116e-05 3.708e-06
299.4935551 3.700804679e-05 3.32e-06
299.4935583 4.015555128e-05 4.348e-06
299.4935569 3.945169423e-05 3.785e-06
299.4935561 3.461444345e-05 3.581e-06
299.4935588 3.769223002e-05 5.441e-06
299.493559 3.820575627e-05 7.015e-06
299.4935577 4.623253975e-05 5.049e-06
299.4935548 3.989435692e-05 3.379e-06
299.4935575 3.899922693e-05 4.141e-06
299.4935564 3.561446256e-05 3.685e-06
299.493558 3.456009227e-05 4.089e-06
299.493559 4.564660085e-05 5.687e-06
299.4935585 4.48860766e-05 5.847e-06
299.4935588 4.161753619e-05 5.109e-06
299.4935572 3.943770795e-05 3.591e-06
299.4935583 3.749420726e-05 4.974e-06
299.4935567 3.830660949e-05 3.971e-06
299.4935546 4.259694148e-05 4.399e-06
299.493559 3.314224008e-05 4.949e-06
299.4935585 3.706521548e-05 3.865e-06
299.4935588 4.117157626e-05 5.817e-06
299.4935577 4.588748824e-05 4.746e-06
299.493558 3.781584499e-05 4.122e-06
299.4935569 3.254146296e-05 3.689e-06
299.493559 4.542576787e-05 6.361e-06
299.4935575 4.348581661e-05 3.872e-06
299.4935583 3.879129427e-05 4.741e-06
299.4935543 3.427903803e-05 3.95e-06
299.4935559 3.500689402e-05 4.314e-06
299.4935556 4.154800371e-05 3.258e-06
299.4963367 3.043556116e-05 5.455e-06
299.4963341 3.063355085e-05 3.773e-06
299.4963333 3.246612981e-05 3.462e-06
299.4963364 3.279352794e-05 4.464e-06
299.4963351 3.002666732e-05 3.856e-06
299.4963343 2.99115118e-05 3.764e-06
299.496337 3.681135696e-05 5.213e-06
299.4963372 2.922905465e-05 7.388e-06
299.4963359 3.044890465e-05 4.735e-06
299.496333 3.330886847e-05 3.323e-06
299.4963357 3.569112409e-05 3.916e-06
299.4963346 1.977692619e-05 4.409e-06
299.4963362 2.995933318e-05 4.277e-06
299.4963372 2.898456796e-05 6.703e-06
299.4963367 3.398813353e-05 5.777e-06
299.496337 3.562604137e-05 5.95e-06
299.4963354 3.412487072e-05 4.007e-06
299.4963364 3.250824236e-05 5.214e-06
299.4963349 3.758072747e-05 4.435e-06
299.4963328 3.732045951e-05 3.62e-06
299.4963372 2.550929868e-05 4.36e-06
299.4963367 3.238838696e-05 5.409e-06
299.496337 3.642882886e-05 6.021e-06
299.4963359 2.96602281e-05 4.553e-06
299.4963362 3.647151317e-05 4.181e-06
299.4963351 3.67348657e-05 3.883e-06
299.4963372 4.070213669e-05 6.101e-06
299.4963357 2.687457318e-05 3.925e-06
299.4963364 2.688136783e-05 4.833e-06
299.4963325 3.286646883e-05 4.146e-06
299.4963341 3.334836483e-05 3.53e-06
299.4963338 3.255750611e-05 3.817e-06
299.4993182 2.065815031e-05 5.037e-06
299.4993155 2.081475161e-05 3.644e-06
299.4993147 1.982740728e-05 3.781e-06
299.4993179 2.352852412e-05 3.746e-06
299.4993166 1.727051267e-05 4.122e-06
299.4993158 1.965093342e-05 3.864e-06
299.4993184 2.595306369e-05 5.269e-06
299.4993187 1.882056086e-05 7.138e-06
299.4993174 2.54591406e-05 4.052e-06
299.4993145 1.953871051e-05 3.525e-06
299.4993171 2.691958461e-05 4.559e-06
299.4993161 2.634865605e-05 4.022e-06
299.4993176 2.383461296e-05 4.386e-06
299.4993187 3.330123431e-05 5.389e-06
299.4993182 2.25030194e-05 5.449e-06
299.4993184 2.125851146e-05 5.471e-06
299.4993169 2.508430068e-05 3.91e-06
299.4993179 2.284923922e-05 4.254e-06
299.4993163 2.654997385e-05 3.634e-06
299.4993142 2.141096172e-05 4.066e-06
299.4993187 2.495345451e-05 4.487e-06
299.4993182 2.2324454e-05 4.963e-06
299.4993184 2.126894312e-05 5.147e-06
299.4993174 1.7210769e-05 4.056e-06
299.4993176 1.118530968e-05 5.106e-06
299.4993166 1.822807726e-05 3.904e-06
299.4993187 2.949091832e-05 5.684e-06
299.4993171 2.370049841e-05 4.028e-06
299.4993179 2.420197958e-05 4.126e-06
299.499314 1.849637273e-05 4.162e-06
299.4993155 2.512302496e-05 3.955e-06
299.4993153 2.30061493e-05 3.677e-06
299.5020773 2.537593683e-05 5.634e-06
299.5020746 1.476448961e-05 4.157e-06
299.5020739 1.415546659e-05 3.513e-06
299.502077 1.553051613e-05 3.943e-06
299.5020757 2.160517655e-05 3.933e-06
299.5020749 1.005306937e-05 3.746e-06
299.5020775 2.995713354e-05 5.482e-06
299.5020778 2.215725859e-05 7.121e-06
299.5020765 1.665954744e-05 4.24e-06
299.5020736 1.471802615e-05 3.116e-06
299.5020762 1.892635636e-05 4.685e-06
299.5020752 1.324567765e-05 3.371e-06
299.5020768 1.136833267e-05 4.67e-06
299.5020778 1.130339118e-05 5.921e-06
299.5020773 1.530979601e-05 6.468e-06
299.5020775 1.838213009e-05 5.25e-06
299.502076 7.166983809e-06 3.957e-06
299.502077 2.009822347e-05 5.023e-06
299.5020754 1.241503029e-05 3.66e-06
299.5020733 1.831034766e-05 3.573e-06
299.5020778 1.036039048e-05 4.639e-06
299.5020773 1.276188371e-05 4.742e-06
299.5020775 2.011838062e-05 5.15e-06
299.5020765 1.374492984e-05 4.508e-06
299.5020768 1.45885893e-05 4.676e-06
299.5020757 1.593213668e-05 3.437e-06
299.5020778 1.450063303e-05 4.805e-06
299.5020762 2.290978973e-05 4.365e-06
299.502077 1.486492276e-05 4.857e-06
299.5020731 1.45818277e-05 3.509e-06
299.5020746 1.975475132e-05 3.85e-06
299.5020744 1.181567348e-05 4.457e-06
299.5048554 1.622277088e-05 6.682e-06
299.5048527 4.327922803e-06 3.585e-06
299.5048519 6.772137864e-06 4.153e-06
299.5048551 1.718138554e-05 5.168e-06
299.5048538 1.27352551e-05 4.803e-06
299.504853 6.703435301e-06 3.742e-06
299.5048556 1.401321207e-05 5.92e-06
299.5048546 6.160279264e-06 5.292e-06
299.5048517 9.817387964e-06 3.561e-06
299.5048543 1.683616907e-05 4.884e-06
299.5048532 4.757882887e-06 3.621e-06
299.5048548 1.570219624e-05 4.916e-06
299.5048559 1.180923984e-05 6.552e-06
299.5048554 4.809641198e-06 6.611e-06
299.5048556 3.927511517e-06 5.018e-06
299.504854 1.293065626e-05 4.362e-06
299.5048551 1.667373976e-05 3.898e-06
299.5048535 1.072172176e-05 4.051e-06
299.5048514 1.281389976e-05 4.374e-06
299.5048559 1.51469957e-05 4.966e-06
299.5048556 2.131415254e-06 6.842e-06
299.5048554 1.015803033e-05 5.549e-06
299.5048546 7.548785584e-06 4.794e-06
299.5048548 5.892417321e-06 5.305e-06
299.5048538 7.604165889e-06 4.863e-06
299.5048559 1.562609794e-05 7.017e-06
299.5048543 1.081715999e-05 4.883e-06
299.5048551 4.491775498e-06 4.535e-06
299.5048511 8.531559105e-06 3.97e-06
299.5048527 1.537099073e-06 3.779e-06
299.5048525 7.557138852e-06 4.24e-06
299.5076322 -2.054845172e-06 6.047e-06
299.5076295 -5.983703969e-06 4.016e-06
299.5076287 1.12707915e-06 3.617e-06
299.5076319 -7.066303185e-06 4.398e-06
299.5076306 1.066442281e-06 4.366e-06
299.5076298 -3.511062978e-06 3.457e-06
299.5076327 2.973472211e-06 1.1255e-05
299.5076324 1.029796647e-06 5.555e-06
299.5076314 -2.028066567e-06 4.296e-06
299.5076285 -4.017246829e-06 3.243e-06
299.5076311 1.216658068e-06 4.118e-06
299.5076301 2.573606132e-07 3.913e-06
299.5076316 -4.387124134e-06 4.23e-06
299.5076327 -2.496166815e-06 6.169e-06
299.5076322 4.222745726e-06 6.338e-06
299.5076324 -4.971518954e-06 4.713e-06
299.5076308 -2.856180007e-06 4.342e-06
299.5076319 -3.050793876e-06 4.7e-06
299.5076303 -5.235221726e-06 3.805e-06
299.5076282 1.252830463e-06 3.211e-06
299.5076327 -2.049521573e-06 4.464e-06
299.5076324 4.328524898e-06 6.959e-06
299.5076322 -7.66108686e-06 5.965e-06
299.5076314 -3.561087964e-06 3.886e-06
299.5076316 4.890203303e-06 4.118e-06
299.5076306 -5.612975203e-06 3.964e-06
299.5076327 4.72751405e-06 7.023e-06
299.5076311 3.815795421e-06 3.204e-06
299.5076319 -2.994617883e-06 4.68e-06
299.507628 3.042503535e-06 3.734e-06
299.5076295 -4.63762907e-06 3.484e-06
299.5076293 -1.520861693e-06 3.4e-06
299.5104093 -1.200638201e-05 5.996e-06
299.5104067 -8.999568231e-06 3.192e-06
299.5104059 -8.6365673e-06 4.058e-06
299.510409 -7.455563846e-06 4.738e-06
299.5104077 -1.028736929e-05 3.694e-06
299.5104069 -1.264123897e-05 3.831e-06
299.5104095 -4.526195764e-06 5.072e-06
299.5104098 -2.192246459e-05 6.623e-06
299.5104085 -5.792686809e-06 4.128e-06
299.5104056 -1.272007804e-05 3.557e-06
299.5104082 -4.560388549e-06 4.293e-06
299.5104072 -5.671577852e-06 3.778e-06
299.5104088 -1.200670084e-05 3.141e-06
299.5104098 -1.333290117e-05 6.004e-06
299.5104093 -1.474379291e-05 5.817e-06
299.5104095 -7.265448856e-06 5.539e-06
299.510408 -6.67614025e-06 3.901e-06
299.510409 -1.324784666e-05 4.123e-06
299.5104074 -7.767642241e-06 3.635e-06
299.5104053 -7.886099491e-06 4.005e-06
299.5104098 -9.725388918e-06 4.95e-06
299.5104095 -9.028063955e-06 5.069e-06
299.5104093 -1.093272498e-05 6.066e-06
299.5104085 -7.032749867e-06 4.194e-06
299.5104088 -1.080532259e-05 4.011e-06
299.5104077 -8.546859965e-06 4.451e-06
299.5104098 -8.734320885e-06 5.429e-06
299.5104082 -6.903725642e-07 3.641e-06
299.510409 -1.739541099e-05 4.67e-06
299.5104051 -1.075497385e-05 3.618e-06
299.5104067 -9.390714598e-06 3.465e-06
299.5104064 -1.05858445e-05 3.642e-06
299.5131876 -1.036591881e-05 5.179e-06
299.5131849 -1.153295633e-05 3.664e-06
299.5131873 -1.675654125e-05 4.928e-06
299.5131841 -1.583048878e-05 3.723e-06
299.513186 -1.295956707e-05 3.826e-06
299.5131878 -1.071421679e-05 5.281e-06
299.5131852 -1.834410303e-05 4.034e-06
299.5131881 -1.490056202e-05 6.989e-06
299.5131868 -1.766591947e-05 4.606e-06
299.5131839 -1.363888178e-05 3.443e-06
299.5131865 -2.118423023e-05 4.044e-06
299.5131855 -1.909311141e-05 3.724e-06
299.513187 -1.494690867e-05 4.25e-06
299.5131881 -9.484185665e-06 4.691e-06
299.5131876 -1.910630841e-05 4.654e-06
299.5131878 -1.638914451e-05 5.479e-06
299.5131862 -1.887008917e-05 3.896e-06
299.5131873 -2.045487075e-05 5.812e-06
299.5131857 -1.57645629e-05 3.665e-06
299.5131836 -1.765527312e-05 3.459e-06
299.5131881 -1.546096152e-05 6.638e-06
299.5131878 -1.302429098e-05 4.435e-06
299.5131876 -2.415972998e-05 4.96e-06
299.5131868 -1.567181856e-05 4.173e-06
299.513187 -1.223703177e-05 4.559e-06
299.513186 -1.580271142e-05 4.324e-06
299.5131881 -1.443320418e-05 4.631e-06
299.5131865 -1.68628595e-05 4.407e-06
299.5131873 -1.634967588e-05 5.037e-06
299.5131834 -1.290947629e-05 3.847e-06
299.5131849 -2.164225466e-05 3.147e-06
299.5131847 -1.175643597e-05 3.699e-06
299.5159654 -2.529587335e-05 4.464e-06
299.5159628 -1.901703998e-05 3.628e-06
299.5159652 -2.688082837e-05 4.035e-06
299.515962 -2.313092673e-05 4.078e-06
299.5159639 -2.033299378e-05 3.772e-06
299.515966 -1.290940722e-05 8.371e-06
299.5159657 -2.197302152e-05 4.054e-06
299.5159631 -1.76774486e-05 3.247e-06
299.5159646 -1.775848113e-05 4.351e-06
299.5159618 -1.768599954e-05 3.408e-06
299.5159644 -2.683824461e-05 4.065e-06
299.5159633 -2.72341379e-05 3.986e-06
299.5159649 -2.094409318e-05 5.098e-06
299.515966 -1.721938233e-05 6.751e-06
299.5159654 -1.801399951e-05 5.131e-06
299.5159657 -2.507421349e-05 4.984e-06
299.5159641 -1.861549453e-05 4.236e-06
299.5159652 -2.898176458e-05 4.864e-06
299.5159636 -2.519225914e-05 3.482e-06
299.5159615 -2.930257481e-05 3.944e-06
299.515966 -2.555464203e-05 4.871e-06
299.5159657 -2.171074998e-05 5.343e-06
299.5159654 -1.695723565e-05 4.301e-06
299.5159646 -2.046258036e-05 3.339e-06
299.5159649 -1.793534127e-05 4.388e-06
299.5159639 -2.062628336e-05 3.793e-06
299.515966 -1.454875787e-05 4.245e-06
299.5159644 -2.648169048e-05 3.897e-06
299.5159652 -2.186787973e-05 4.491e-06
299.5159612 -1.875939544e-05 3.843e-06
299.5159628 -2.267102862e-05 3.896e-06
299.5159625 -2.247756541e-05 3.464e-06
299.5180485 -2.403712727e-05 8.497e-06
299.5180459 -2.072446809e-05 5.716e-06
299.5180482 -2.574560768e-05 5.449e-06
299.5180451 -3.094528251e-05 6.55e-06
299.5180469 -2.137201499e-05 5.099e-06
299.518049 -2.907000857e-05 1.4645e-05
299.5180487 -1.566844257e-05 8.493e-06
299.5180477 -3.351581539e-05 5.857e-06
299.5180448 -2.651216323e-05 4.488e-06
299.5180474 -2.710501183e-05 7.248e-06
299.5180464 -1.591692724e-05 4.9e-06
299.518048 -2.479649487e-05 7.205e-06
299.518049 -3.306463403e-05 1.0229e-05
299.5180485 -3.688651579e-05 8.618e-06
299.5180487 -2.486965648e-05 7.011e-06
299.5180472 -2.859906029e-05 7.157e-06
299.5180482 -2.446761014e-05 7.745e-06
299.5180466 -2.499342346e-05 5.418e-06
299.5180445 -2.233771767e-05 5.537e-06
299.518049 -2.349055554e-05 9.12e-06
299.5180487 -2.323814409e-05 7.542e-06
299.5180485 -2.179195492e-05 5.844e-06
299.5180477 -2.668570035e-05 5.617e-06
299.518048 -3.546121683e-05 6.271e-06
299.5180469 -2.789591412e-05 6.42e-06
299.518049 -2.837035019e-05 6.655e-06
299.5180474 -3.111898668e-05 4.8e-06
299.5180482 -3.23376916e-05 5.823e-06
299.5180443 -2.17752683e-05 6.11e-06
299.5180459 -1.952509776e-05 4.662e-06
299.5180456 -3.524059276e-05 5.376e-06
