391.2146346 5.991454088e-05 5.017e-06
391.2146343 5.41934927e-05 5.2e-06
391.2146351 6.149644435e-05 6.546e-06
391.2146348 5.640048812e-05 5.114e-06
391.2146338 5.674194358e-05 5.196e-06
391.2146335 4.981085994e-05 4.41e-06
391.214634 5.661373309e-05 5.033e-06
391.2146351 5.466625857e-05 5.38e-06
391.2146346 5.705712696e-05 5.386e-06
391.2146348 5.387222124e-05 4.905e-06
391.2146343 5.339286465e-05 4.741e-06
391.2146351 5.117018262e-05 5.007e-06
391.2146348 5.527193997e-05 5.307e-06
391.2146346 5.521322839e-05 4.475e-06
391.2146338 4.982464018e-05 5.374e-06
391.214634 5.774995004e-05 4.291e-06
391.2146351 5.681813826e-05 4.995e-06
391.2146343 6.16335052e-05 4.955e-06
391.2173713 4.12318723e-05 4.696e-06
391.2173687 4.26758168e-05 4.092e-06
391.2173679 4.559031049e-05 4.677e-06
391.2173711 4.721944101e-05 4.955e-06
391.2173698 3.760286154e-05 3.815e-06
391.217369 4.84708097e-05 4.563e-06
391.2173716 3.70192297e-05 5.079e-06
391.2173706 3.535085199e-05 4.396e-06
391.2173677 4.668670125e-05 4.396e-06
391.2173703 3.592228518e-05 4.256e-06
391.2173692 3.217533979e-05 3.904e-06
391.2173708 4.417229744e-05 4.15e-06
391.2173719 4.347178402e-05 5.397e-06
391.2173713 4.613521987e-05 6.138e-06
391.2173716 4.274788113e-05 4.785e-06
391.21737 3.449372371e-05 4.305e-06
391.2173711 3.711913425e-05 5.029e-06
391.2173695 4.372886928e-05 3.946e-06
391.2173674 4.217354501e-05 3.903e-06
391.2173719 4.474471543e-05 5.42e-06
391.2173716 3.654000124e-05 5.211e-06
391.2173713 5.189363123e-05 3.945e-06
391.2173706 3.665507734e-05 4.92e-06
391.2173708 3.867252234e-05 4.646e-06
391.2173698 3.79323694e-05 4.809e-06
391.2173719 3.680431107e-05 3.96e-06
391.2173703 3.773856698e-05 4.156e-06
391.2173711 4.992116032e-05 5.186e-06
391.2173671 4.392846364e-05 4.232e-06
391.2173687 3.60411732e-05 3.789e-06
391.2173684 4.077147262e-05 4.236e-06
391.2201484 2.854365343e-05 3.711e-06
391.220151 1.947571207e-05 5.316e-06
391.2201476 3.484415769e-05 4.699e-06
391.2201508 2.650402403e-05 5.468e-06
391.2201495 1.866077113e-05 4.121e-06
391.2201516 2.264418457e-05 5.982e-06
391.2201487 2.33395588e-05 4.045e-06
391.2201513 1.757323434e-05 4.832e-06
391.2201502 2.507925941e-05 4.712e-06
391.2201473 3.125644916e-05 4.079e-06
391.22015 2.588593688e-05 3.582e-06
391.2201489 2.004971979e-05 5.028e-06
391.2201505 2.791935946e-05 4.019e-06
391.2201516 3.008703135e-05 4.809e-06
391.220151 2.878302924e-05 5.765e-06
391.2201513 1.975315529e-05 4.37e-06
391.2201497 3.850488867e-05 4.878e-06
391.2201508 2.791679933e-05 5.214e-06
391.2201492 2.817109095e-05 5.136e-06
391.2201471 3.280377958e-05 4.189e-06
391.2201516 3.214512962e-05 4.784e-06
391.2201513 3.183784656e-05 5.874e-06
391.220151 1.70346548e-05 5.337e-06
391.2201502 2.843874322e-05 4.001e-06
391.2201505 2.823665087e-05 4.396e-06
391.2201495 2.842714724e-05 4.665e-06
391.2201516 1.78191455e-05 4.838e-06
391.22015 2.999998498e-05 4.995e-06
391.2201508 2.096615353e-05 4.516e-06
391.2201468 2.87715825e-05 4.69e-06
391.2201484 2.317885178e-05 3.796e-06
391.2201481 3.119568278e-05 4.215e-06
391.2229284 1.779835826e-05 5.078e-06
391.2229258 1.037535147e-05 4.467e-06
391.222925 1.137365142e-05 4.939e-06
391.2229268 1.510392148e-05 5.409e-06
391.2229289 2.380142886e-05 8.377e-06
391.222926 5.028580087e-07 5.211e-06
391.2229286 6.637835086e-06 5.686e-06
391.2229276 1.968461058e-05 4.9e-06
391.2229247 2.010041176e-05 5.132e-06
391.2229273 1.400081988e-05 4.559e-06
391.2229263 1.445483129e-05 6.035e-06
391.2229279 1.589407846e-05 4.872e-06
391.2229289 1.202672512e-05 5.053e-06
391.2229284 1.925036196e-05 6.841e-06
391.2229286 1.422993313e-05 6.961e-06
391.2229271 1.679740156e-05 4.711e-06
391.2229281 1.53544346e-05 5.301e-06
391.2229265 1.043038991e-05 4.426e-06
391.2229244 2.364933682e-06 4.669e-06
391.2229289 1.091385986e-05 6.727e-06
391.2229286 1.557052756e-05 5.356e-06
391.2229284 1.00472796e-05 5.254e-06
391.2229276 2.573385837e-05 5.562e-06
391.2229279 1.657020697e-05 4.903e-06
391.2229268 1.944612105e-05 5.032e-06
391.2229289 1.779514834e-05 5.051e-06
391.2229273 7.967838561e-06 4.528e-06
391.2229281 2.143959136e-05 5.622e-06
391.2229242 1.276634842e-05 4.778e-06
391.2229258 1.409083524e-05 4.998e-06
391.2229255 1.217427202e-05 5.794e-06
391.2257058 2.408891773e-06 4.738e-06
391.2257032 3.457350105e-06 4.096e-06
391.2257024 4.775246182e-07 4.336e-06
391.2257055 6.373299053e-06 4.346e-06
391.2257042 2.473864225e-06 4.247e-06
391.2257034 -6.804067806e-06 4.584e-06
391.225706 5.374303007e-06 6.53e-06
391.225705 4.319135355e-06 3.941e-06
391.2257021 -4.651490395e-06 4.488e-06
391.2257047 -4.56342914e-06 3.903e-06
391.2257037 -3.907326356e-06 4.576e-06
391.2257053 2.419573127e-06 4.386e-06
391.2257063 -7.921759024e-06 4.012e-06
391.2257058 2.240060395e-06 4.856e-06
391.225706 4.941553404e-07 4.625e-06
391.2257045 -4.918723734e-06 4.464e-06
391.2257055 -5.22725791e-06 4.378e-06
391.2257039 -4.331285971e-06 4.842e-06
391.2257018 -3.546580418e-06 4.632e-06
391.2257063 2.793508138e-06 4.913e-06
391.225706 -3.893618636e-06 4.124e-06
391.2257058 -5.095509293e-06 4.616e-06
391.225705 8.362977806e-07 4.861e-06
391.2257053 3.345382962e-06 5.692e-06
391.2257042 -2.263543651e-06 4.736e-06
391.2257063 -4.795308854e-06 4.648e-06
391.2257047 -1.976011763e-06 5.369e-06
391.2257055 -3.681376485e-06 4.342e-06
391.2257016 -4.598969799e-06 5.145e-06
391.2257032 -3.279327568e-06 3.886e-06
391.2257029 -3.258854111e-06 4.157e-06
391.2284822 -1.098359099e-05 5.818e-06
391.2284795 -1.610547213e-05 4.479e-06
391.2284819 -1.261642723e-05 4.982e-06
391.2284788 -1.386620533e-05 3.961e-06
391.2284806 -1.269386808e-05 4.546e-06
391.2284827 -1.753498163e-05 6.992e-06
391.2284824 -1.719070046e-05 4.853e-06
391.2284798 -1.692632623e-05 4.373e-06
391.2284814 -6.376139388e-06 5.237e-06
391.2284785 -1.608498215e-05 5.133e-06
391.2284811 -1.529898281e-05 4.378e-06
391.2284801 -7.389934292e-06 4.203e-06
391.2284816 -1.475734077e-05 4.419e-06
391.2284827 -1.509174184e-05 4.874e-06
391.2284822 -5.432727201e-06 7.326e-06
391.2284824 -1.43271547e-05 4.951e-06
391.2284809 -1.833412973e-05 4.781e-06
391.2284819 -8.144420544e-06 5.221e-06
391.2284803 -2.328831095e-05 4.458e-06
391.2284782 -1.05312878e-05 3.998e-06
391.2284827 -1.887019775e-05 4.279e-06
391.2284824 -9.629490526e-06 5.051e-06
391.2284822 -1.764217142e-05 4.085e-06
391.2284814 -1.60499314e-05 4.436e-06
391.2284816 -2.04399146e-05 4.586e-06
391.2284806 -1.268496459e-05 4.037e-06
391.2284827 -1.093565525e-05 5.138e-06
391.2284811 -1.273170846e-05 4.872e-06
391.2284819 -1.823636972e-05 3.752e-06
391.228478 -1.129135717e-05 5.213e-06
391.2284795 -1.130035287e-05 3.979e-06
391.2284793 -1.610124715e-05 4.446e-06
391.2312621 -2.003124406e-05 4.178e-06
391.2312594 -2.79699222e-05 4.428e-06
391.2312618 -2.732742661e-05 4.011e-06
391.2312587 -1.650594638e-05 4.254e-06
391.2312626 -2.526934726e-05 6.797e-06
391.2312605 -2.007040283e-05 3.921e-06
391.2312623 -2.745784219e-05 4.565e-06
391.2312597 -2.368516382e-05 4.168e-06
391.2312613 -3.020375739e-05 5.097e-06
391.2312584 -2.324964875e-05 3.871e-06
391.231261 -2.962558043e-05 5.11e-06
391.23126 -3.301775494e-05 4.963e-06
391.2312615 -2.636113204e-05 3.736e-06
391.2312626 -3.209936668e-05 4.905e-06
391.2312621 -2.84100929e-05 4.765e-06
391.2312623 -2.129261591e-05 4.393e-06
391.2312608 -2.733428941e-05 4.349e-06
391.2312618 -2.339301869e-05 4.712e-06
391.2312602 -2.502549803e-05 3.964e-06
391.2312581 -1.512071522e-05 4.827e-06
391.2312626 -2.362870553e-05 5.122e-06
391.2312623 -2.301186593e-05 5.633e-06
391.2312621 -2.141886519e-05 4.728e-06
391.2312613 -2.63961669e-05 4.239e-06
391.2312615 -2.483717464e-05 3.936e-06
391.2312605 -2.660379793e-05 4.231e-06
391.2312626 -2.689279341e-05 4.746e-06
391.231261 -3.348567876e-05 4.505e-06
391.2312618 -2.058185e-05 4.364e-06
391.2312579 -2.816903816e-05 3.852e-06
391.2312594 -3.018600106e-05 4.469e-06
391.2312592 -1.552308022e-05 5.009e-06
391.2333425 -2.905407278e-05 6.865e-06
391.2333449 -3.722652995e-05 6.674e-06
391.2333417 -2.888860299e-05 6.375e-06
391.2333457 -2.967787389e-05 9.49e-06
391.2333436 -3.426908192e-05 7.065e-06
391.2333454 -3.580971726e-05 6.593e-06
391.2333428 -3.65647397e-05 6.806e-06
391.2333444 -2.563177065e-05 6.034e-06
391.2333415 -2.420422179e-05 6.276e-06
391.2333441 -3.761849982e-05 5.803e-06
391.233343 -4.039334749e-05 5.574e-06
391.2333446 -3.325528587e-05 7.38e-06
391.2333457 -3.868131254e-05 6.18e-06
391.2333451 -3.578338635e-05 6.977e-06
391.2333454 -3.652862884e-05 6.475e-06
391.2333438 -2.496387348e-05 7.213e-06
391.2333449 -3.66427406e-05 5.596e-06
391.2333433 -3.251578723e-05 4.925e-06
391.2333412 -2.623205559e-05 6.212e-06
391.2333457 -2.128217811e-05 6.158e-06
391.2333451 -4.916355593e-05 6.29e-06
391.2333454 -2.936008851e-05 7.171e-06
391.2333444 -2.978892807e-05 6.444e-06
391.2333446 -3.208924266e-05 5.796e-06
391.2333436 -3.406179218e-05 6.313e-06
391.2333457 -3.098948064e-05 5.826e-06
391.2333441 -3.593991356e-05 4.894e-06
391.2333449 -3.863364348e-05 4.877e-06
391.2333409 -3.829518851e-05 6.213e-06
391.2333423 -3.40919786e-05 5.891e-06
391.2355262 -4.613119346e-05 4.828e-06
391.2355236 -4.217233544e-05 4.631e-06
391.235526 -4.981602524e-05 4.926e-06
391.2355228 -4.762895394e-05 4.143e-06
391.2355267 -4.721963666e-05 6.831e-06
391.2355246 -5.126759055e-05 5.17e-06
391.2355265 -4.696178543e-05 4.059e-06
391.2355239 -3.57944752e-05 4.106e-06
391.2355254 -4.23586939e-05 5.821e-06
391.2355225 -3.882114726e-05 4.085e-06
391.2355252 -4.608268106e-05 4.006e-06
391.2355241 -5.142473295e-05 4.415e-06
391.2355257 -4.320111334e-05 4.419e-06
391.2355267 -4.613118035e-05 5.329e-06
391.2355262 -4.104241465e-05 4.837e-06
391.2355265 -4.429838449e-05 4.756e-06
391.2355249 -4.36049134e-05 4.632e-06
391.235526 -3.625946213e-05 4.787e-06
391.2355244 -4.507645702e-05 4.367e-06
391.2355223 -5.311206312e-05 4.353e-06
391.2355267 -3.171374121e-05 5.283e-06
391.2355265 -3.120527494e-05 4.713e-06
391.2355262 -4.135199815e-05 4.067e-06
391.2355254 -3.763478153e-05 4.225e-06
391.2355257 -4.665812903e-05 3.992e-06
391.2355246 -3.35467004e-05 4.914e-06
391.2355267 -4.300401836e-05 4.558e-06
391.2355252 -4.366406007e-05 5.065e-06
391.235526 -4.475673062e-05 3.968e-06
391.235522 -3.652515128e-05 4.188e-06
391.2355236 -3.774234346e-05 4.662e-06
391.2355233 -4.579409287e-05 4.036e-06
391.2382991 -5.565334274e-05 6.91e-06
391.2382965 -4.629593938e-05 4.303e-06
391.2382989 -5.013470074e-05 5.362e-06
391.2382957 -4.177201146e-05 4.225e-06
391.2382997 -4.655469293e-05 6.208e-06
391.2382976 -4.422529755e-05 5.181e-06
391.2382994 -5.6657125e-05 3.778e-06
391.2382968 -6.220223715e-05 4.077e-06
391.2382983 -3.792310708e-05 5.092e-06
391.2382955 -4.99139651e-05 4.086e-06
391.2382981 -5.266626233e-05 5.244e-06
391.238297 -5.892830509e-05 4.488e-06
391.2382986 -5.67406902e-05 4.35e-06
391.2382997 -5.180774963e-05 6.023e-06
391.2382991 -4.458789052e-05 5.557e-06
391.2382994 -5.153307571e-05 4.826e-06
391.2382978 -5.025490917e-05 4.412e-06
391.2382989 -5.279010209e-05 4.599e-06
391.2382973 -4.475334267e-05 4.454e-06
391.2382952 -4.50296468e-05 4.523e-06
391.2382997 -5.17552252e-05 3.591e-06
391.2382994 -4.18308011e-05 5.225e-06
391.2382991 -5.166455821e-05 4.71e-06
391.2382983 -5.550834476e-05 5.229e-06
391.2382986 -5.03640411e-05 5.079e-06
391.2382976 -4.185709125e-05 4.626e-06
391.2382997 -5.435564492e-05 4.607e-06
391.2382981 -5.516224738e-05 4.028e-06
391.2382989 -4.484509211e-05 4.196e-06
391.2382949 -5.720878906e-05 4.365e-06
391.2382965 -5.36932818e-05 3.945e-06
391.2382962 -4.9849261e-05 4.048e-06
391.2410765 -5.578106093e-05 5.915e-06
391.2410739 -5.88313012e-05 4.561e-06
391.2410762 -5.8375669e-05 4.157e-06
391.2410731 -5.413137796e-05 4.105e-06
391.241077 -6.031629148e-05 5.505e-06
391.2410749 -6.747582647e-05 5.583e-06
391.2410768 -6.843664583e-05 4.382e-06
391.2410741 -6.043967827e-05 4.314e-06
391.2410757 -5.916726742e-05 3.912e-06
391.2410728 -6.301647166e-05 4.155e-06
391.2410755 -5.521854704e-05 4.306e-06
391.2410744 -5.71933832e-05 4.362e-06
391.241076 -5.627995048e-05 4.246e-06
391.241077 -6.350029912e-05 4.817e-06
391.2410765 -6.329335284e-05 7.128e-06
391.2410768 -5.877526392e-05 3.678e-06
391.2410752 -5.514145452e-05 3.649e-06
391.2410762 -5.901492803e-05 4.622e-06
391.2410747 -6.720485638e-05 4.726e-06
391.2410726 -6.330103859e-05 3.765e-06
391.241077 -5.737680579e-05 3.699e-06
391.2410768 -6.16109199e-05 4.661e-06
391.2410765 -6.876744983e-05 4.737e-06
391.2410757 -6.131758606e-05 4.866e-06
391.241076 -6.569343115e-05 4.508e-06
391.2410749 -5.903183258e-05 4.155e-06
391.241077 -5.849742903e-05 3.906e-06
391.2410755 -5.355604355e-05 3.784e-06
391.2410762 -5.69189817e-05 4.448e-06
391.2410723 -6.64708512e-05 4.486e-06
391.2410739 -5.705421654e-05 4.193e-06
391.2410736 -6.00627061e-05 4.111e-06
391.2438552 -6.810116165e-05 8.017e-06
391.2438526 -6.40827795e-05 4.12e-06
391.243855 -6.402109977e-05 4.434e-06
391.2438518 -6.584983108e-05 4.177e-06
391.2438557 -6.647194584e-05 6.169e-06
391.2438536 -6.2353432e-05 4.565e-06
391.2438555 -6.67855592e-05 4.522e-06
391.2438529 -6.635301361e-05 3.347e-06
391.2438544 -6.546796993e-05 5.05e-06
391.2438515 -5.846863182e-05 4.36e-06
391.2438542 -6.390326059e-05 4.238e-06
391.2438531 -6.667847618e-05 5.12e-06
391.2438547 -7.072644453e-05 3.718e-06
391.2438557 -6.689159505e-05 4.99e-06
391.2438552 -6.854262278e-05 4.688e-06
391.2438555 -5.71333203e-05 4.953e-06
391.2438539 -6.77579164e-05 4.174e-06
391.243855 -6.230471612e-05 5.23e-06
391.2438534 -6.639338124e-05 4.833e-06
391.2438513 -6.122308875e-05 3.768e-06
391.2438557 -6.515616433e-05 6.119e-06
391.2438555 -5.945521538e-05 7.405e-06
391.2438552 -6.362387947e-05 4.406e-06
391.2438544 -6.507320476e-05 4.352e-06
391.2438547 -7.048374844e-05 3.995e-06
391.2438536 -6.084748741e-05 4.476e-06
391.2438557 -6.792535755e-05 5.16e-06
391.2438542 -6.564084173e-05 3.888e-06
391.243855 -6.073548617e-05 4.875e-06
391.243851 -7.004666e-05 4.539e-06
391.2438526 -6.244196966e-05 4.507e-06
391.2438523 -6.380436579e-05 4.411e-06
391.2466322 -6.604095748e-05 4.868e-06
391.2466296 -7.257723985e-05 4.185e-06
391.2466319 -7.926023279e-05 6.057e-06
391.2466288 -6.09826528e-05 4.382e-06
391.2466327 -7.027557125e-05 6.958e-06
391.2466306 -6.851107678e-05 5.024e-06
391.2466325 -7.431388358e-05 4.11e-06
391.2466298 -7.384535958e-05 3.996e-06
391.2466314 -6.916323289e-05 4.162e-06
391.2466285 -7.441985676e-05 4.698e-06
391.2466311 -7.416057963e-05 4.609e-06
391.2466301 -7.235204759e-05 4.818e-06
391.2466317 -7.038773655e-05 3.895e-06
391.2466327 -7.126084439e-05 5.744e-06
391.2466322 -6.504616036e-05 5.594e-06
391.2466325 -6.508881459e-05 4.931e-06
391.2466309 -7.038531478e-05 3.571e-06
391.2466319 -6.682987714e-05 4.62e-06
391.2466304 -7.455181041e-05 4.614e-06
391.2466283 -7.040562837e-05 4.089e-06
391.2466327 -7.26519628e-05 5.894e-06
391.2466325 -7.023546114e-05 5.136e-06
391.2466322 -6.959801775e-05 4.435e-06
391.2466314 -7.750840709e-05 4.392e-06
391.2466317 -7.178991506e-05 3.879e-06
391.2466306 -6.56246905e-05 4.487e-06
391.2466327 -6.96617341e-05 5.611e-06
391.2466311 -6.407159188e-05 3.732e-06
391.2466319 -7.257684286e-05 4.661e-06
391.246628 -6.700853021e-05 4.243e-06
391.2466296 -7.03151364e-05 4.211e-06
391.2466293 -7.768120372e-05 4.211e-06
391.2494098 -6.657894221e-05 5.073e-06
391.2494072 -6.957210106e-05 5.505e-06
391.2494096 -7.29008032e-05 5.138e-06
391.2494064 -6.962169985e-05 4.232e-06
391.2494104 -7.06495989e-05 7.398e-06
391.2494083 -7.132903159e-05 5.309e-06
391.2494101 -7.774423888e-05 4.175e-06
391.2494075 -7.761907108e-05 3.949e-06
391.249409 -7.469101854e-05 4.644e-06
391.2494062 -7.129947138e-05 3.775e-06
391.2494088 -6.107720046e-05 4.617e-06
391.2494077 -7.539390619e-05 4.044e-06
391.2494093 -7.55315019e-05 4.474e-06
391.2494104 -7.517547704e-05 5.245e-06
391.2494098 -6.870623704e-05 6.272e-06
391.2494101 -6.814468268e-05 7.129e-06
391.2494085 -7.284156243e-05 4.274e-06
391.2494096 -7.581461951e-05 4.134e-06
391.249408 -8.204963324e-05 4.382e-06
391.2494059 -7.10772604e-05 4.424e-06
391.2494104 -8.435965158e-05 5.144e-06
391.2494101 -7.246717127e-05 6.38e-06
391.2494098 -7.373628772e-05 5.612e-06
391.249409 -8.082803673e-05 4.065e-06
391.2494093 -7.720132386e-05 3.784e-06
391.2494083 -7.208544403e-05 4.359e-06
391.2494104 -7.836979888e-05 5.871e-06
391.2494088 -7.336598411e-05 3.737e-06
391.2494096 -6.837277445e-05 4.104e-06
391.2494056 -7.26474165e-05 4.123e-06
391.2494072 -7.625476845e-05 4.223e-06
391.2494069 -6.498701292e-05 4.377e-06
391.2521885 -6.644456107e-05 5.871e-06
391.2521859 -7.665212049e-05 5.094e-06
391.2521882 -7.0820491e-05 5.295e-06
391.2521851 -6.007751053e-05 4.042e-06
391.252189 -8.285271284e-05 5.355e-06
391.2521869 -8.253062388e-05 5.315e-06
391.2521887 -7.613274691e-05 4.722e-06
391.2521861 -7.898961096e-05 4.924e-06
391.2521877 -6.895453376e-05 4.659e-06
391.2521848 -7.657401094e-05 3.545e-06
391.2521874 -7.253472823e-05 4.295e-06
391.2521864 -7.241844079e-05 5.114e-06
391.252188 -7.261071193e-05 4.642e-06
391.252189 -6.213168148e-05 5.227e-06
391.2521885 -7.388247824e-05 6.86e-06
391.2521887 -8.113058238e-05 6.135e-06
391.2521872 -7.456644812e-05 4.145e-06
391.2521882 -7.499646564e-05 4.658e-06
391.2521866 -6.911505404e-05 5.117e-06
391.2521845 -7.936034007e-05 4.035e-06
391.252189 -7.466974427e-05 5.466e-06
391.2521887 -7.443065012e-05 6.475e-06
391.2521885 -7.324680347e-05 5.54e-06
391.2521877 -6.586802395e-05 4.589e-06
391.252188 -7.059154585e-05 4.455e-06
391.2521869 -6.703877795e-05 4.509e-06
391.252189 -7.855568655e-05 5.179e-06
391.2521874 -7.672545029e-05 4.543e-06
391.2521882 -7.625030265e-05 4.138e-06
391.2521843 -7.052172012e-05 4.253e-06
391.2521859 -6.447782711e-05 4.543e-06
391.2549658 -7.637055043e-05 6.295e-06
391.2549632 -6.217605025e-05 4.342e-06
391.2549656 -6.741913457e-05 4.201e-06
391.2549624 -8.280148975e-05 4.34e-06
391.2549663 -7.313736403e-05 4.575e-06
391.2549642 -8.157151646e-05 4.594e-06
391.2549661 -6.963526121e-05 4.69e-06
391.2549635 -6.840893381e-05 4.348e-06
391.254965 -8.150687976e-05 4.586e-06
391.2549621 -7.345590372e-05 4.068e-06
391.2549648 -7.780070711e-05 4.867e-06
391.2549637 -6.374704064e-05 4.654e-06
391.2549653 -6.412548085e-05 5.583e-06
391.2549663 -7.498506927e-05 5.25e-06
391.2549658 -6.87231891e-05 7.686e-06
391.2549661 -7.767311692e-05 6.009e-06
391.2549645 -6.958131517e-05 3.606e-06
391.2549656 -6.821149105e-05 5.47e-06
391.254964 -6.385346728e-05 5.119e-06
391.2549619 -7.212302857e-05 4.204e-06
391.2549663 -7.39613656e-05 5.558e-06
391.2549661 -5.983603302e-05 5.642e-06
391.2549658 -6.619496057e-05 5.012e-06
391.254965 -7.91900282e-05 4.482e-06
391.2549653 -7.398584868e-05 4.323e-06
391.2549642 -7.235756888e-05 4.14e-06
391.2549663 -6.171256081e-05 5.929e-06
391.2549648 -7.562303254e-05 3.264e-06
391.2549656 -6.584701823e-05 4.186e-06
391.2549616 -7.101263892e-05 4.279e-06
391.2549632 -6.796126647e-05 4.193e-06
391.2549629 -7.628947924e-05 4.26e-06
391.2577445 -7.00275529e-05 5.509e-06
391.2577419 -7.160865955e-05 4.526e-06
391.2577443 -7.112553635e-05 4.841e-06
391.2577411 -6.003234109e-05 4.668e-06
391.257745 -6.49322847e-05 5.247e-06
391.2577429 -6.757002031e-05 4.875e-06
391.2577448 -7.332265663e-05 3.903e-06
391.2577422 -7.291079762e-05 4.774e-06
391.2577437 -7.178566158e-05 5.169e-06
391.2577408 -7.372924499e-05 5.072e-06
391.2577435 -7.490822119e-05 4.67e-06
391.2577424 -7.358199034e-05 4.701e-06
391.257744 -6.733168618e-05 4.14e-06
391.257745 -7.050901293e-05 4.69e-06
391.2577445 -6.389474936e-05 4.628e-06
391.2577448 -6.289732077e-05 4.512e-06
391.2577432 -7.097731971e-05 4.907e-06
391.2577443 -6.562499959e-05 4.334e-06
391.2577427 -6.80740811e-05 4.805e-06
391.2577406 -6.849080237e-05 4.294e-06
391.257745 -7.11179307e-05 6.237e-06
391.2577448 -6.453328804e-05 5.764e-06
391.2577445 -6.253497636e-05 5.84e-06
391.2577437 -7.324221012e-05 4.051e-06
391.257744 -6.366036053e-05 4.701e-06
391.2577429 -7.249420514e-05 4.845e-06
391.257745 -7.176740203e-05 6.448e-06
391.2577435 -6.120480602e-05 3.282e-06
391.2577443 -6.7912896e-05 3.7e-06
391.2577403 -7.149219787e-05 4.575e-06
391.2577419 -6.632932379e-05 4.975e-06
391.2577416 -6.247240417e-05 4.046e-06
391.260522 -6.392617912e-05 7.015e-06
391.2605194 -7.330138254e-05 4.653e-06
391.2605218 -6.505383074e-05 5.875e-06
391.2605186 -6.135795477e-05 4.678e-06
391.2605226 -5.527491803e-05 5.341e-06
391.2605205 -6.372759055e-05 4.897e-06
391.2605223 -5.940955088e-05 4.368e-06
391.2605197 -6.206384011e-05 4.511e-06
391.2605213 -5.585469719e-05 4.599e-06
391.2605184 -6.812555912e-05 4.174e-06
391.260521 -6.903051461e-05 4.111e-06
391.2605199 -5.71933098e-05 5.013e-06
391.2605215 -7.353432303e-05 5.605e-06
391.2605226 -5.76613058e-05 5.126e-06
391.260522 -5.651234066e-05 5.583e-06
391.2605223 -6.185768739e-05 4.525e-06
391.2605207 -6.939499405e-05 5.116e-06
391.2605218 -5.825625047e-05 5.089e-06
391.2605202 -6.854930926e-05 4.507e-06
391.2605181 -5.495245967e-05 4.44e-06
391.2605226 -6.490679447e-05 4.283e-06
391.2605223 -5.750117793e-05 4.419e-06
391.260522 -5.786896896e-05 5.174e-06
391.2605213 -6.942589572e-05 4.172e-06
391.2605215 -6.441026035e-05 4.558e-06
391.2605205 -6.650382476e-05 3.958e-06
391.2605226 -7.461578e-05 5.237e-06
391.260521 -6.473329608e-05 4.156e-06
391.2605218 -7.141241149e-05 4.723e-06
391.2605178 -6.023406678e-05 4.72e-06
391.2605194 -6.157772944e-05 5.046e-06
391.2605192 -6.256819447e-05 4.723e-06
391.2633003 -6.060634168e-05 5.323e-06
391.2632976 -5.913936919e-05 4.201e-06
391.2633 -6.378260899e-05 5.296e-06
391.2632968 -5.122567644e-05 4.408e-06
391.2633008 -5.161562691e-05 5.497e-06
391.2632987 -6.004704315e-05 6.009e-06
391.2633005 -5.285166314e-05 5.14e-06
391.2632979 -5.13174674e-05 5.047e-06
391.2632995 -5.762219813e-05 4.456e-06
391.2632966 -5.482972493e-05 4.26e-06
391.2632992 -5.640564499e-05 4.597e-06
391.2632982 -5.768553675e-05 4.237e-06
391.2632997 -5.840641418e-05 4.128e-06
391.2633008 -5.707614516e-05 5.575e-06
391.2633003 -5.809940592e-05 6.006e-06
391.2633005 -6.243122339e-05 6.256e-06
391.2632989 -6.118336976e-05 5.421e-06
391.2633 -5.542902344e-05 5.267e-06
391.2632984 -5.164873773e-05 4.666e-06
391.2632963 -5.281676939e-05 4.287e-06
391.2633008 -6.320448331e-05 5.166e-06
391.2633005 -5.407548766e-05 6.094e-06
391.2633003 -5.476614284e-05 3.942e-06
391.2632995 -5.715988489e-05 5.475e-06
391.2632997 -6.330324835e-05 4.78e-06
391.2632987 -5.625208103e-05 3.935e-06
391.2633008 -6.325578319e-05 4.883e-06
391.2632992 -5.683078887e-05 4.954e-06
391.2633 -5.943225676e-05 3.654e-06
391.2632961 -6.263859898e-05 5.12e-06
391.2632976 -5.578552447e-05 4.691e-06
391.2632974 -5.506417908e-05 4.219e-06
391.2660771 -4.96412301e-05 6.091e-06
391.2660745 -5.40833159e-05 4.011e-06
391.2660769 -5.897769451e-05 4.801e-06
391.2660737 -4.977762768e-05 4.844e-06
391.2660756 -5.655917783e-05 4.828e-06
391.2660777 -4.701388376e-05 6.262e-06
391.2660774 -5.12047327e-05 3.928e-06
391.2660748 -4.556005859e-05 4.401e-06
391.2660763 -4.823124556e-05 5.227e-06
391.2660735 -5.368428702e-05 4.913e-06
391.2660761 -5.53952414e-05 4.761e-06
391.266075 -5.446936867e-05 4.661e-06
391.2660766 -4.324582253e-05 4.888e-06
391.2660777 -5.388496875e-05 6.15e-06
391.2660771 -5.189913562e-05 6.457e-06
391.2660774 -4.689625214e-05 5.121e-06
391.2660758 -5.3346306e-05 4.847e-06
391.2660769 -5.642921915e-05 4.553e-06
391.2660753 -5.930170687e-05 5.528e-06
391.2660732 -4.914651915e-05 4.835e-06
391.2660777 -4.998992053e-05 5.807e-06
391.2660774 -5.165195218e-05 4.843e-06
391.2660771 -4.773747571e-05 5.47e-06
391.2660763 -4.626698134e-05 4.872e-06
391.2660766 -5.591939645e-05 4.569e-06
391.2660756 -5.007603067e-05 4.073e-06
391.2660777 -6.082270664e-05 5.113e-06
391.2660761 -3.763393103e-05 5.072e-06
391.2660769 -5.495701927e-05 3.846e-06
391.2660729 -5.173622623e-05 4.72e-06
391.2660745 -4.808148236e-05 4.317e-06
391.2660742 -4.564808167e-05 4.836e-06
391.2688551 -4.084414337e-05 7.166e-06
391.2688525 -4.376326623e-05 4.579e-06
391.2688548 -4.808929258e-05 4.137e-06
391.2688517 -4.29378203e-05 4.676e-06
391.2688556 -4.951283887e-05 6.232e-06
391.2688535 -3.877798608e-05 4.153e-06
391.2688553 -3.840356084e-05 5.056e-06
391.2688527 -4.549878677e-05 3.299e-06
391.2688543 -3.834784266e-05 4.528e-06
391.2688514 -3.400777961e-05 3.942e-06
391.268854 -3.682544233e-05 3.663e-06
391.268853 -4.437587662e-05 4.15e-06
391.2688546 -4.170739837e-05 4.677e-06
391.2688556 -4.023530268e-05 4.298e-06
391.2688551 -4.783577195e-05 5.682e-06
391.2688553 -4.003959884e-05 4.067e-06
391.2688538 -4.211864268e-05 5.001e-06
391.2688548 -4.734329364e-05 5.429e-06
391.2688532 -3.48353231e-05 4.017e-06
391.2688511 -3.809689519e-05 4.103e-06
391.2688556 -4.202582294e-05 4.185e-06
391.2688553 -4.008935257e-05 4.984e-06
391.2688551 -4.171022695e-05 3.914e-06
391.2688543 -3.997558844e-05 4.708e-06
391.2688546 -4.330074649e-05 4.938e-06
391.2688535 -4.077673512e-05 4.405e-06
391.2688556 -4.312869743e-05 4.976e-06
391.268854 -4.31601376e-05 3.976e-06
391.2688548 -3.804579421e-05 3.304e-06
391.2688509 -4.12421778e-05 5.286e-06
391.2688525 -3.741475005e-05 4.676e-06
391.2688522 -4.461673557e-05 4.507e-06
391.2716347 -3.737655183e-05 4.827e-06
391.2716321 -3.183830288e-05 4.243e-06
391.2716344 -3.474997463e-05 4.956e-06
391.2716313 -3.427461554e-05 4.017e-06
391.2716331 -3.357377033e-05 4.066e-06
391.2716352 -3.429822965e-05 6.91e-06
391.2716349 -3.094665462e-05 4.68e-06
391.2716323 -3.659398304e-05 4.172e-06
391.2716339 -2.435838213e-05 4.559e-06
391.271631 -2.953055848e-05 4.435e-06
391.2716336 -3.319483596e-05 4e-06
391.2716326 -3.132035169e-05 4.226e-06
391.2716342 -2.488791912e-05 4.499e-06
391.2716352 -2.320796262e-05 5.607e-06
391.2716347 -3.167618821e-05 5.617e-06
391.2716349 -3.591831252e-05 4.302e-06
391.2716334 -3.423876464e-05 4.993e-06
391.2716344 -2.37140607e-05 4.747e-06
391.2716328 -3.132637079e-05 4.103e-06
391.2716307 -3.485571142e-05 4.197e-06
391.2716352 -4.034958786e-05 5.117e-06
391.2716349 -2.502979825e-05 4.221e-06
391.2716347 -3.120573854e-05 6.361e-06
391.2716339 -4.19597103e-05 4.829e-06
391.2716342 -3.489326591e-05 4.964e-06
391.2716331 -3.066908124e-05 4.087e-06
391.2716352 -3.055704943e-05 5.091e-06
391.2716336 -2.897368623e-05 5.021e-06
391.2716344 -2.96757512e-05 4.499e-06
391.2716305 -2.965745697e-05 4.825e-06
391.2716321 -3.222614753e-05 4.724e-06
391.2716318 -3.493408548e-05 4.048e-06
391.274411 -2.504985876e-05 7.05e-06
391.2744084 -2.358649228e-05 3.882e-06
391.2744107 -2.148374049e-05 4.847e-06
391.2744076 -2.140571442e-05 4.115e-06
391.2744094 -2.469994671e-05 4.733e-06
391.2744115 -1.108714992e-05 7.445e-06
391.2744112 -1.958326326e-05 5.051e-06
391.2744086 -2.066042913e-05 4.293e-06
391.2744102 -1.702800957e-05 4.663e-06
391.2744073 -2.589652149e-05 4.052e-06
391.2744099 -1.796987535e-05 4.232e-06
391.2744089 -2.494331877e-05 4.014e-06
391.2744105 -2.077831008e-05 4.48e-06
391.2744115 -1.772069331e-05 4.395e-06
391.274411 -2.762743795e-05 7.651e-06
391.2744112 -1.222173405e-05 4.281e-06
391.2744097 -1.45542859e-05 4.683e-06
391.2744107 -1.823037188e-05 5.513e-06
391.2744091 -2.317267799e-05 4.035e-06
391.274407 -2.097726379e-05 4.066e-06
391.2744115 -7.413140203e-06 5.862e-06
391.2744112 -2.231067667e-05 5.059e-06
391.274411 -1.962358635e-05 4.963e-06
391.2744102 -1.866943171e-05 5.156e-06
391.2744105 -2.298775146e-05 4.021e-06
391.2744115 -1.330764452e-05 4.941e-06
391.2744099 -1.74930462e-05 4.976e-06
391.2744107 -1.824603079e-05 4.161e-06
391.2744068 -1.67841698e-05 4.826e-06
391.2744084 -2.055204098e-05 4.968e-06
391.2744081 -1.855754178e-05 4.648e-06
391.2771906 -1.042444564e-05 4.42e-06
391.277188 -1.033606017e-05 4.607e-06
391.2771872 -1.12989728e-05 4.058e-06
391.2771903 -7.093691173e-06 5.079e-06
391.277189 -7.923304692e-06 4.526e-06
391.2771911 -5.173703668e-06 5.387e-06
391.2771882 -1.129614256e-05 4.652e-06
391.2771909 -3.623084801e-06 5.037e-06
391.2771898 -3.402435045e-06 5.231e-06
391.2771869 -6.194725646e-06 4.325e-06
391.2771895 -8.759904901e-06 4.795e-06
391.2771885 -9.560909866e-06 4.255e-06
391.2771901 -3.546248441e-06 4.558e-06
391.2771911 -7.00949589e-06 5.678e-06
391.2771906 2.799705514e-06 8.091e-06
391.2771909 -9.72851618e-07 3.877e-06
391.2771893 -1.01041575e-05 4.984e-06
391.2771903 -1.247213285e-05 4.787e-06
391.2771888 -5.84380394e-06 4.472e-06
391.2771867 -6.202193792e-06 4.238e-06
391.2771911 -6.469809812e-06 4.038e-06
391.2771909 -5.062288315e-07 5.792e-06
391.2771906 -6.35009195e-06 4.256e-06
391.2771898 -4.046804299e-06 4.873e-06
391.2771901 -3.662904139e-06 4.534e-06
391.277189 -2.218840597e-06 4.216e-06
391.2771911 -3.088022675e-06 4.628e-06
391.2771895 -7.01559514e-06 4.613e-06
391.2771903 -1.812270698e-07 4.574e-06
391.2771864 -9.608994194e-06 4.717e-06
391.277188 3.174820519e-06 4.264e-06
391.2771877 -9.104645536e-06 4.702e-06
391.2799678 7.828969613e-06 4.678e-06
391.2799652 4.151885965e-06 4.353e-06
391.2799644 3.305746625e-06 3.97e-06
391.2799675 1.061504759e-05 4.509e-06
391.2799683 7.154107595e-06 7.064e-06
391.2799662 6.572408822e-06 4.792e-06
391.2799654 4.998364511e-06 4.466e-06
391.279968 4.393891092e-07 4.365e-06
391.279967 5.895419429e-06 4.971e-06
391.2799641 1.00234744e-05 4.056e-06
391.2799667 7.314209817e-06 5.61e-06
391.2799657 9.243184845e-06 4.466e-06
391.2799673 5.295166117e-06 4.541e-06
391.2799683 2.010193187e-05 6.117e-06
391.2799678 2.094683734e-05 6.067e-06
391.279968 2.662767239e-07 3.458e-06
391.2799665 4.224954561e-06 5.409e-06
391.2799675 1.463110943e-06 4.761e-06
391.2799659 1.07034099e-05 4.453e-06
391.2799638 6.450464039e-06 4.735e-06
391.2799683 8.36067637e-06 4.891e-06
391.279968 1.341974891e-05 6.465e-06
391.2799678 6.151252711e-06 4.527e-06
391.279967 1.67180138e-05 4.348e-06
391.2799673 1.254255962e-05 4.927e-06
391.2799662 5.467129063e-06 4.247e-06
391.2799683 3.839496496e-06 5.07e-06
391.2799667 1.023256572e-05 4.494e-06
391.2799675 1.377496267e-05 4.42e-06
391.2799636 3.418212877e-06 4.37e-06
391.2799652 1.087902232e-05 4.046e-06
391.2799649 9.176815088e-07 4.295e-06
391.2827457 1.52717544e-05 5.254e-06
391.2827431 1.008866131e-05 4.67e-06
391.2827423 1.365210697e-05 3.752e-06
391.2827454 2.530892252e-05 3.928e-06
391.2827462 2.51330485e-05 5.559e-06
391.2827441 2.704726728e-05 4.054e-06
391.2827433 2.191971459e-05 4.815e-06
391.282746 1.698906305e-05 4.866e-06
391.2827449 1.452133332e-05 5.052e-06
391.282742 1.717199037e-05 4.171e-06
391.2827447 1.149181342e-05 4.727e-06
391.2827436 2.641986886e-05 3.778e-06
391.2827452 2.349050674e-05 4.233e-06
391.2827462 2.003326333e-05 4.717e-06
391.2827457 2.385190233e-05 5.817e-06
391.282746 1.609296407e-05 4.451e-06
391.2827444 2.185522065e-05 4.205e-06
391.2827454 1.437743518e-05 3.69e-06
391.2827439 1.829722961e-05 4.239e-06
391.2827418 2.493845362e-05 4.292e-06
391.2827462 1.864216174e-05 4.102e-06
391.282746 2.984501467e-05 5.816e-06
391.2827457 2.475475276e-05 3.964e-06
391.2827449 2.355290692e-05 4.817e-06
391.2827452 2.265056734e-05 4.975e-06
391.2827441 2.393516424e-05 3.902e-06
391.2827462 1.671892467e-05 4.141e-06
391.2827447 2.576065652e-05 4.361e-06
391.2827454 2.134214996e-05 4.18e-06
391.2827415 1.808032211e-05 4.967e-06
391.2827431 2.504062801e-05 4.163e-06
391.2827428 2.591232269e-05 4.156e-06
391.2855199 3.773408467e-05 4.994e-06
391.2855225 3.878527041e-05 5.057e-06
391.2855191 3.477679186e-05 4.306e-06
391.2855223 4.206925991e-05 4.329e-06
391.285521 3.012428443e-05 4.242e-06
391.2855231 2.614585895e-05 4.978e-06
391.2855202 2.792289959e-05 4.372e-06
391.2855228 3.437607099e-05 3.801e-06
391.2855217 3.588428924e-05 5.06e-06
391.2855189 3.372656212e-05 4.552e-06
391.2855215 3.366110473e-05 4.684e-06
391.2855204 3.478169001e-05 4.323e-06
391.285522 3.494399603e-05 3.881e-06
391.2855231 4.915437908e-05 6.586e-06
391.2855225 3.669975117e-05 5.464e-06
391.2855228 3.140412175e-05 4.471e-06
391.2855212 4.181819871e-05 4.366e-06
391.2855207 4.227708449e-05 4.99e-06
391.2855186 4.056945311e-05 4.822e-06
391.2855231 4.131734354e-05 4.074e-06
391.2855225 3.676510582e-05 4.182e-06
391.2855228 3.874930996e-05 5.319e-06
391.2855217 2.924756961e-05 4.683e-06
391.285522 2.821645501e-05 4.374e-06
391.285521 4.019780051e-05 4.837e-06
391.2855231 3.093976088e-05 4.95e-06
391.2855215 2.434975317e-05 5.101e-06
391.2855223 3.662150433e-05 6.235e-06
391.2855183 3.927301271e-05 5.017e-06
391.2855199 3.367657239e-05 4.591e-06
391.2855196 3.60544413e-05 4.04e-06
391.2883009 5.36865334e-05 6.134e-06
391.2882983 5.096931807e-05 4.703e-06
391.2882975 4.024762951e-05 5.065e-06
391.2883006 4.852119463e-05 4.981e-06
391.2882993 4.45157646e-05 4.728e-06
391.2883014 5.049770407e-05 4.842e-06
391.2882985 5.514389047e-05 4.376e-06
391.2883012 5.747132695e-05 5.43e-06
391.2883001 4.725287829e-05 4.23e-06
391.2882972 4.858999053e-05 4.537e-06
391.2882999 4.47661743e-05 4.101e-06
391.2882988 5.780354904e-05 4.548e-06
391.2883004 5.365677232e-05 4.9e-06
391.2883014 5.541319463e-05 4.971e-06
391.2883009 4.47823258e-05 5.343e-06
391.2883012 5.743880856e-05 5.807e-06
391.2882996 4.829317595e-05 4.355e-06
391.2883006 5.593845336e-05 4.655e-06
391.2882991 5.048062926e-05 4.151e-06
391.288297 4.933373829e-05 4.438e-06
391.2883014 4.479011484e-05 4.092e-06
391.2883009 4.537624642e-05 4.671e-06
391.2883012 5.139836602e-05 5.124e-06
391.2883001 5.024825081e-05 4.323e-06
391.2883004 5.055525496e-05 5.724e-06
391.2882993 5.492471524e-05 4.804e-06
391.2883014 5.115175299e-05 4.965e-06
391.2882999 4.749771848e-05 5.114e-06
391.2883006 4.617711017e-05 4.179e-06
391.2882967 5.345045418e-05 4.794e-06
391.2882983 5.645848297e-05 4.386e-06
391.288298 4.904674937e-05 4.786e-06
391.2910789 5.123634113e-05 5.77e-06
391.2910763 6.791309817e-05 4.403e-06
391.2910755 5.780146932e-05 4.272e-06
391.2910787 6.887615152e-05 3.829e-06
391.2910774 6.499040904e-05 4.764e-06
391.2910795 6.43189252e-05 6.078e-06
391.2910766 5.709750639e-05 4.643e-06
391.2910792 6.186495488e-05 3.927e-06
391.2910782 6.273445668e-05 5.057e-06
391.2910753 5.969181213e-05 3.898e-06
391.2910779 6.006387086e-05 4.276e-06
391.2910768 6.091961746e-05 4.252e-06
391.2910784 6.211352214e-05 4.009e-06
391.2910795 5.718962688e-05 4.466e-06
391.2910789 6.424348447e-05 6.179e-06
391.2910792 6.324124718e-05 5.858e-06
391.2910776 6.529798161e-05 4.471e-06
391.2910787 6.299125184e-05 4.515e-06
391.2910771 6.025519222e-05 3.581e-06
391.291075 7.265137484e-05 4.691e-06
391.2910795 7.205616007e-05 4.624e-06
391.2910789 6.292455045e-05 3.666e-06
391.2910792 5.117944229e-05 4.768e-06
391.2910782 5.490121513e-05 4.254e-06
391.2910784 6.770242856e-05 4.48e-06
391.2910774 5.967173044e-05 3.625e-06
391.2910795 5.839261738e-05 4.869e-06
391.2910779 6.796612651e-05 4.094e-06
391.2910787 6.630269648e-05 4.063e-06
391.2910747 5.941351519e-05 5.58e-06
391.2910763 5.859068711e-05 4.416e-06
391.291076 6.778336353e-05 4.118e-06
391.2938563 7.742351326e-05 6.261e-06
391.2938537 6.961439447e-05 4.58e-06
391.2938529 7.410642679e-05 4.612e-06
391.2938561 7.259993083e-05 4.381e-06
391.2938548 8.078835482e-05 5.255e-06
391.2938569 7.818301269e-05 4.998e-06
391.293854 7.507952866e-05 5.048e-06
391.2938566 6.58982803e-05 4.033e-06
391.2938555 6.981898209e-05 4.877e-06
391.2938527 7.195979557e-05 4.368e-06
391.2938553 7.559123287e-05 3.641e-06
391.2938542 7.316704538e-05 3.766e-06
391.2938558 7.808535296e-05 4.245e-06
391.2938569 7.328614652e-05 4.164e-06
391.2938563 7.15197946e-05 5.629e-06
391.2938566 7.225589518e-05 5.108e-06
391.293855 7.607470986e-05 4.78e-06
391.2938561 7.301150436e-05 5.146e-06
391.2938545 7.530501172e-05 4.25e-06
391.2938524 7.453587158e-05 4.658e-06
391.2938569 7.186986746e-05 3.577e-06
391.2938563 7.851317105e-05 5.279e-06
391.2938566 7.901557629e-05 4.353e-06
391.2938555 8.603749456e-05 5.09e-06
391.2938558 6.819777404e-05 5.379e-06
391.2938548 8.327527731e-05 3.726e-06
391.2938569 7.62791018e-05 5.704e-06
391.2938553 7.939414793e-05 4.549e-06
391.2938561 7.695365504e-05 6.214e-06
391.2938521 7.789955736e-05 5.012e-06
391.2938537 7.493663581e-05 4.878e-06
391.2938534 7.625207651e-05 3.673e-06
391.2966343 8.493689881e-05 6.589e-06
391.2966317 8.15848024e-05 4.23e-06
391.2966309 7.971614884e-05 4.238e-06
391.2966341 8.744205051e-05 5.511e-06
391.2966328 7.506333429e-05 5.532e-06
391.2966349 8.749878482e-05 5.704e-06
391.296632 8.713877419e-05 5e-06
391.2966346 8.260051114e-05 3.24e-06
391.2966335 8.132913888e-05 4.644e-06
391.2966307 8.275531946e-05 4.074e-06
391.2966333 8.291495287e-05 4.198e-06
391.2966322 8.502652619e-05 4.471e-06
391.2966338 8.412028748e-05 3.81e-06
391.2966349 9.327612644e-05 5.541e-06
391.2966343 8.536437304e-05 4.27e-06
391.2966346 8.742569539e-05 4.847e-06
391.296633 8.598476543e-05 4.515e-06
391.2966341 8.118173033e-05 5.074e-06
391.2966325 8.293707535e-05 4.398e-06
391.2966304 8.671915369e-05 4.101e-06
391.2966349 8.201920321e-05 4.774e-06
391.2966343 8.155390339e-05 4.417e-06
391.2966346 8.56011103e-05 5.365e-06
391.2966335 9.06320699e-05 4.917e-06
391.2966338 8.20463935e-05 6.714e-06
391.2966328 7.559353726e-05 3.57e-06
391.2966349 7.696126942e-05 4.707e-06
391.2966333 8.41887893e-05 4.443e-06
391.2966341 8.458956467e-05 4.505e-06
391.2966301 8.817589779e-05 4.669e-06
391.2966317 8.389512599e-05 4.478e-06
391.2966314 8.252461897e-05 4.185e-06
391.2994097 8.643927736e-05 4.272e-06
391.2994123 8.823715498e-05 4.894e-06
391.2994089 8.90576493e-05 3.807e-06
391.2994121 9.02923293e-05 4.54e-06
391.2994108 8.554948011e-05 4.753e-06
391.2994129 8.993921778e-05 8.679e-06
391.29941 8.959392488e-05 4.695e-06
391.2994126 8.69840014e-05 5.153e-06
391.2994115 8.79321172e-05 4.748e-06
391.2994087 8.339765309e-05 4.039e-06
391.2994113 7.849566942e-05 4.105e-06
391.2994102 8.420451971e-05 4.377e-06
391.2994118 8.232886915e-05 5.147e-06
391.2994129 8.529316476e-05 5.05e-06
391.2994123 8.700603677e-05 4.097e-06
391.2994126 9.112963479e-05 4.767e-06
391.299411 8.769022606e-05 4.922e-06
391.2994121 9.708846978e-05 5.338e-06
391.2994105 8.944339073e-05 5.399e-06
391.2994084 8.822273727e-05 4.668e-06
391.2994129 8.597878874e-05 6.139e-06
391.2994123 8.210149487e-05 4.781e-06
391.2994126 8.963849461e-05 3.995e-06
391.2994115 9.306264527e-05 4.838e-06
391.2994118 8.331345709e-05 3.806e-06
391.2994108 8.504231459e-05 4.211e-06
391.2994129 8.249639539e-05 5.057e-06
391.2994113 8.787240554e-05 3.508e-06
391.2994121 8.006714897e-05 5.525e-06
391.2994081 8.588206903e-05 4.872e-06
391.2994097 7.767764012e-05 4.432e-06
391.2994094 8.875263477e-05 4.912e-06
391.3021873 9.079688792e-05 4.011e-06
391.30219 9.302290341e-05 4.854e-06
391.3021865 9.301024373e-05 4.259e-06
391.3021897 7.992205821e-05 5.026e-06
391.3021884 9.33930039e-05 4.355e-06
391.3021905 9.83897694e-05 7.262e-06
391.3021876 8.962342987e-05 5.032e-06
391.3021902 8.834505975e-05 5.04e-06
391.3021892 9.884161103e-05 4.852e-06
391.3021863 8.610569975e-05 4.019e-06
391.3021889 9.488064812e-05 3.492e-06
391.3021879 8.564284537e-05 4.499e-06
391.3021894 8.803610404e-05 5.819e-06
391.3021905 9.519971173e-05 6.438e-06
391.30219 8.44219511e-05 5.559e-06
391.3021902 8.832788913e-05 5.468e-06
391.3021887 9.269865001e-05 4.891e-06
391.3021897 9.209818091e-05 4.456e-06
391.3021881 9.025888553e-05 4.336e-06
391.302186 8.790693657e-05 4.442e-06
391.3021905 8.243886785e-05 5.623e-06
391.30219 8.833992081e-05 4.144e-06
391.3021902 8.742735093e-05 3.764e-06
391.3021892 8.887498039e-05 5.014e-06
391.3021894 8.261907702e-05 4.514e-06
391.3021884 8.073610349e-05 5.167e-06
391.3021905 8.809260422e-05 4.312e-06
391.3021889 8.898897583e-05 4.533e-06
391.3021897 9.827899431e-05 4.687e-06
391.3021858 9.965913156e-05 4.878e-06
391.3021873 9.481880132e-05 4.418e-06
391.3021871 8.85180944e-05 5.225e-06
391.3049647 8.933614457e-05 4.655e-06
391.3049674 8.971439771e-05 5.319e-06
391.304964 9.067227429e-05 3.842e-06
391.3049671 9.046752655e-05 5.123e-06
391.3049658 9.528876843e-05 4.941e-06
391.3049679 9.387218652e-05 6.662e-06
391.304965 9.687566664e-05 5.45e-06
391.3049676 8.264924835e-05 4.384e-06
391.3049666 8.543037587e-05 5.024e-06
391.3049637 8.238052716e-05 4.623e-06
391.3049663 9.070263268e-05 4.368e-06
391.3049653 8.727396975e-05 3.787e-06
391.3049669 9.514084479e-05 4.99e-06
391.3049679 9.814002778e-05 5.555e-06
391.3049674 8.933848182e-05 5.15e-06
391.3049676 9.44516584e-05 5.173e-06
391.3049661 9.110490196e-05 4.611e-06
391.3049671 9.122763707e-05 4.587e-06
391.3049655 9.238762586e-05 4.222e-06
391.3049634 9.356287216e-05 5.041e-06
391.3049679 9.300659877e-05 4.822e-06
391.3049674 9.225596939e-05 4.893e-06
391.3049676 9.361243996e-05 4.215e-06
391.3049666 8.838864386e-05 4.405e-06
391.3049669 9.012423798e-05 4.195e-06
391.3049658 9.669431365e-05 5.818e-06
391.3049679 8.984105574e-05 3.625e-06
391.3049663 9.046040302e-05 4.088e-06
391.3049671 8.9317089e-05 4.611e-06
391.3049632 9.397525135e-05 5.443e-06
391.3049647 9.349666877e-05 4.541e-06
391.3049645 8.693654538e-05 5.723e-06
391.3077413 8.122394567e-05 4.102e-06
391.3077439 9.00690973e-05 7.357e-06
391.3077405 8.663732668e-05 4.288e-06
391.3077437 8.378565454e-05 5.013e-06
391.3077424 8.481672725e-05 4.573e-06
391.3077445 8.123795961e-05 6.784e-06
391.3077416 8.698790207e-05 4.293e-06
391.3077442 8.43252728e-05 4.285e-06
391.3077431 8.404047815e-05 5.26e-06
391.3077403 8.42042875e-05 4.955e-06
391.3077429 8.762401995e-05 4.013e-06
391.3077418 8.313872055e-05 3.916e-06
391.3077434 8.214111142e-05 5.603e-06
391.3077445 8.814948828e-05 6.031e-06
391.3077439 9.003935381e-05 4.279e-06
391.3077442 7.933756541e-05 5.233e-06
391.3077426 8.385830175e-05 4.285e-06
391.3077437 8.442253318e-05 5.269e-06
391.3077421 9.502858581e-05 4.875e-06
391.30774 9.520440747e-05 4.985e-06
391.3077445 8.29787204e-05 5.119e-06
391.3077439 9.083721527e-05 4.474e-06
391.3077442 8.059200478e-05 4.818e-06
391.3077431 9.394567353e-05 4.705e-06
391.3077434 9.01074606e-05 4.946e-06
391.3077424 8.231030167e-05 6.656e-06
391.3077445 8.586751861e-05 4.484e-06
391.3077429 8.51887334e-05 4.424e-06
391.3077437 8.460988651e-05 4.535e-06
391.3077397 8.765607817e-05 4.609e-06
391.3077413 9.179392292e-05 5.468e-06
391.307741 8.957510265e-05 4.325e-06
391.3105229 8.241367198e-05 6.437e-06
391.3105203 7.842155739e-05 4.962e-06
391.3105195 8.382656728e-05 3.586e-06
391.3105227 8.40473335e-05 5.764e-06
391.3105214 8.400750085e-05 5.01e-06
391.3105206 8.295377072e-05 4.117e-06
391.3105235 8.495943731e-05 8.052e-06
391.3105232 8.074067063e-05 5.267e-06
391.3105221 7.885119685e-05 4.174e-06
391.3105193 8.759405825e-05 4.547e-06
391.3105219 7.722173594e-05 4.699e-06
391.3105208 7.823550384e-05 4.346e-06
391.3105224 7.860258571e-05 4.518e-06
391.3105235 7.246120923e-05 5.847e-06
391.3105229 7.575363389e-05 5.268e-06
391.3105232 8.215651907e-05 6.29e-06
391.3105216 9.219996308e-05 4.793e-06
391.3105227 7.568533346e-05 4.45e-06
391.3105211 8.457376874e-05 3.858e-06
391.310519 7.57705718e-05 4.552e-06
391.3105235 8.430962512e-05 6.464e-06
391.3105229 7.317094485e-05 4.599e-06
391.3105232 8.33432926e-05 5.654e-06
391.3105221 7.971567087e-05 5.06e-06
391.3105224 7.902638958e-05 4.134e-06
391.3105214 7.085332841e-05 5.47e-06
391.3105235 8.453992666e-05 4.445e-06
391.3105219 7.926470362e-05 4.076e-06
391.3105227 8.270508345e-05 4.604e-06
391.3105187 8.592775773e-05 4.473e-06
391.3105203 8.240721475e-05 4.471e-06
391.31052 8.041681711e-05 4.715e-06
391.313252 7.189719723e-05 4.925e-06
391.3132493 7.057368619e-05 5.242e-06
391.3132485 6.251728068e-05 4.392e-06
391.3132517 7.226545017e-05 5.067e-06
391.3132504 7.465196492e-05 4.458e-06
391.3132525 8.541366503e-05 7.49e-06
391.3132496 6.983056154e-05 4.314e-06
391.3132522 6.302763624e-05 4.796e-06
391.3132512 7.719041996e-05 4.685e-06
391.3132483 6.465577189e-05 4.777e-06
391.3132509 6.944988708e-05 4.671e-06
391.3132499 7.353663944e-05 4.787e-06
391.3132514 6.781304425e-05 4.843e-06
391.3132525 7.369361485e-05 6.848e-06
391.313252 6.818035826e-05 5.764e-06
391.3132522 7.395395912e-05 4.838e-06
391.3132506 7.558697999e-05 5.218e-06
391.3132517 8.461361165e-05 5.369e-06
391.3132501 7.408894705e-05 5.061e-06
391.313248 7.068497337e-05 5.036e-06
391.3132525 7.42459729e-05 5.984e-06
391.3132522 7.608733088e-05 5.529e-06
391.313252 7.047535834e-05 5.2e-06
391.3132512 6.465180109e-05 5.471e-06
391.3132514 7.65961808e-05 4.572e-06
391.3132504 7.394227231e-05 4.666e-06
391.3132525 7.937851699e-05 5.006e-06
391.3132509 6.489423699e-05 4.999e-06
391.3132517 7.648465582e-05 4.482e-06
391.3132477 5.944874846e-05 4.488e-06
391.3132493 6.836118737e-05 5.198e-06
391.3132491 6.141114693e-05 4.381e-06
391.3197106 4.545989032e-05 4.976e-06
391.3197099 4.967337915e-05 4.901e-06
391.319713 4.293119431e-05 5.654e-06
391.3197117 3.369286617e-05 4.696e-06
391.3197138 5.136163221e-05 5.441e-06
391.3197109 4.457034164e-05 4.57e-06
391.3197135 5.569499416e-05 6.219e-06
391.3197125 4.055119541e-05 6.235e-06
391.3197096 4.680542136e-05 4.976e-06
391.3197122 3.682691956e-05 5.449e-06
391.3197112 5.448380542e-05 5.552e-06
391.3197127 5.000575267e-05 6.348e-06
391.3197138 4.807972702e-05 5.644e-06
391.3197133 3.977553385e-05 6.911e-06
391.3197135 4.620087857e-05 4.836e-06
391.319712 4.361112299e-05 5.478e-06
391.319713 4.578786606e-05 4.589e-06
391.3197114 3.309176044e-05 5.274e-06
391.3197093 5.15585894e-05 5.051e-06
391.3197138 3.20711967e-05 5.978e-06
391.3197135 3.818280727e-05 6.682e-06
391.3197133 3.974055795e-05 4.435e-06
391.3197125 4.327348598e-05 4.417e-06
391.3197127 4.136946745e-05 5.14e-06
391.3197117 3.257701242e-05 6.256e-06
391.3197138 4.533013047e-05 4.506e-06
391.3197122 4.079975176e-05 4.856e-06
391.319713 5.261921103e-05 5.721e-06
391.3197091 3.963691246e-05 4.872e-06
391.3197106 4.195953986e-05 4.982e-06
391.3197104 4.325413611e-05 4.245e-06
391.3197135 4.533445808e-05 7.76e-06
391.3224659 2.545457108e-05 4.369e-06
391.3224651 2.055777648e-05 5.614e-06
391.3224682 2.33370656e-05 4.304e-06
391.3224669 2.203802713e-05 4.854e-06
391.322469 3.302447241e-05 6.715e-06
391.3224661 2.364361219e-05 6.541e-06
391.3224688 2.133432586e-05 3.991e-06
391.3224677 1.797915651e-05 5.048e-06
391.3224648 2.100197422e-05 3.678e-06
391.3224675 2.502101013e-05 5.762e-06
391.3224664 2.474727937e-05 4.798e-06
391.322468 1.905565323e-05 4.081e-06
391.322469 2.501114173e-05 5.828e-06
391.3224685 2.296778919e-05 6.541e-06
391.3224688 2.388126021e-05 5.835e-06
391.3224672 2.694421421e-05 5.938e-06
391.3224682 2.570663504e-05 5.287e-06
391.3224667 3.01752854e-05 5.025e-06
391.322469 2.667524115e-05 5.359e-06
391.3224688 2.70173649e-05 3.946e-06
391.3224685 3.134873734e-05 5.581e-06
391.3224677 2.962447601e-05 4.915e-06
391.322468 2.313872632e-05 4.976e-06
391.3224669 2.382394956e-05 5.345e-06
391.322469 2.154976584e-05 5.651e-06
391.3224675 2.465952961e-05 5.025e-06
391.3224682 3.654460746e-05 5.062e-06
391.3224643 3.332939362e-05 6.084e-06
391.3224659 2.051720167e-05 4.829e-06
391.3224656 1.968371992e-05 4.945e-06
391.3224688 2.05972492e-05 7.384e-06
391.325244 1.586736933e-05 4.864e-06
391.3252432 1.367057577e-05 6.163e-06
391.3252464 1.611635147e-05 4.463e-06
391.3252472 1.61430093e-06 9.402e-06
391.3252451 1.183689631e-05 5.37e-06
391.3252443 1.393115595e-05 5.742e-06
391.3252458 1.801827326e-05 4.943e-06
391.325243 1.843834662e-05 5.334e-06
391.3252456 9.095763225e-06 5.771e-06
391.3252445 2.200838512e-05 6.015e-06
391.3252461 1.331571517e-05 4.509e-06
391.3252472 1.65447446e-05 6.305e-06
391.3252466 1.960792042e-05 7.936e-06
391.3252469 8.361550349e-06 5.544e-06
391.3252453 1.899788858e-05 5.561e-06
391.3252464 1.290725922e-05 7.167e-06
391.3252448 1.735305295e-05 5.502e-06
391.3252427 1.568219282e-05 5.117e-06
391.3252472 1.681697728e-05 5.423e-06
391.3252469 1.102034598e-05 6.254e-06
391.3252466 8.732731332e-06 5.759e-06
391.3252458 5.024150883e-06 4.799e-06
391.3252451 8.76745015e-06 5.032e-06
391.3252472 2.132431578e-05 5.049e-06
391.3252456 1.121561777e-05 6.381e-06
391.3252464 1.507959615e-05 4.709e-06
391.3252424 2.12489988e-05 5.541e-06
391.325244 2.327105343e-05 4.798e-06
391.3252437 1.360230752e-05 4.944e-06
391.3252469 2.011758267e-05 9.114e-06
391.3280243 -5.610773945e-06 6.717e-06
391.3280217 -3.530252206e-06 4.916e-06
391.3280209 -8.927456142e-06 4.819e-06
391.328024 -4.091647063e-06 4.736e-06
391.3280248 -1.405344576e-06 8.052e-06
391.3280227 6.437310703e-06 4.922e-06
391.3280219 -5.790302992e-06 4.938e-06
391.3280245 2.523361262e-06 6.656e-06
391.3280235 -1.962764942e-06 5.083e-06
391.3280206 -2.416290981e-06 4.404e-06
391.3280232 -2.53053659e-06 4.664e-06
391.3280222 -3.260761001e-07 4.345e-06
391.3280238 9.708621757e-07 4.879e-06
391.3280248 -7.573854992e-06 5.557e-06
391.3280243 2.888539871e-06 5.742e-06
391.3280245 -9.426078844e-07 4.756e-06
391.328023 -4.039977812e-07 5.652e-06
391.328024 -5.993708299e-08 6.459e-06
391.3280224 4.902150704e-06 4.276e-06
391.3280203 -1.822170855e-06 4.347e-06
391.3280248 -2.474634424e-07 5.803e-06
391.3280245 7.390022755e-06 6.319e-06
391.3280243 -7.944551848e-07 5.111e-06
391.3280235 5.978481732e-06 4.153e-06
391.3280238 2.098899714e-07 4.996e-06
391.3280227 1.0702926e-07 5.547e-06
391.3280248 -1.545935649e-06 4.276e-06
391.3280232 -4.085940382e-06 4.872e-06
391.328024 -3.406495801e-06 4.573e-06
391.3280201 3.079679558e-06 4.871e-06
391.3280217 -9.655398474e-07 4.36e-06
391.3280214 2.034973758e-06 4.173e-06
391.3307991 -2.180763755e-05 8e-06
391.3307965 -1.260291257e-05 3.816e-06
391.3307988 -1.120710627e-05 5.311e-06
391.3307957 -1.970794261e-05 4.663e-06
391.3307996 -2.599151062e-05 6.529e-06
391.3307975 -1.97082246e-05 4.043e-06
391.3307994 -1.10415248e-05 4.223e-06
391.3307967 -1.202983797e-05 4.079e-06
391.3307983 -9.883818383e-06 4.029e-06
391.3307954 -1.706517208e-05 4.76e-06
391.330798 -2.177439806e-05 5.139e-06
391.330797 -1.306580956e-05 5.271e-06
391.3307986 -1.750695867e-05 4.802e-06
391.3307996 -1.840847333e-05 6.672e-06
391.3307991 -6.623756382e-06 5.072e-06
391.3307978 -8.014206379e-06 4.868e-06
391.3307988 -5.105431046e-06 5.921e-06
391.3307972 -1.028950451e-05 4.042e-06
391.3307996 -1.747575268e-05 4.989e-06
391.3307994 -1.790828901e-05 4.517e-06
391.3307991 -1.766197377e-05 5.208e-06
391.3307983 -8.674781637e-06 4.748e-06
391.3307986 -1.620305336e-05 4.071e-06
391.3307975 -1.111448514e-05 4.854e-06
391.3307996 -8.270432334e-06 6.983e-06
391.330798 -1.306859677e-05 4.532e-06
391.3307988 -1.683505276e-05 4.712e-06
391.3307949 -1.587330347e-05 4.324e-06
391.3307965 -1.658585621e-05 4.097e-06
391.3307962 -1.134336231e-05 4.361e-06
391.3335771 -2.239677468e-05 4.25e-06
391.3335795 -2.279126748e-05 4.268e-06
391.3335763 -2.939400883e-05 4.972e-06
391.3335803 -2.404807359e-05 4.871e-06
391.3335782 -1.738265381e-05 4.687e-06
391.33358 -2.82268249e-05 4.914e-06
391.3335774 -2.716563689e-05 4.495e-06
391.333579 -2.539464904e-05 4.614e-06
391.3335761 -2.576802317e-05 4.281e-06
391.3335787 -2.716998026e-05 4.989e-06
391.3335777 -1.886366662e-05 4.9e-06
391.3335792 -2.415544831e-05 4.401e-06
391.3335803 -3.143943175e-05 6.88e-06
391.3335798 -2.088879726e-05 6.721e-06
391.33358 -3.315337339e-05 4.771e-06
391.3335784 -2.343103659e-05 4.528e-06
391.3335795 -2.710859918e-05 3.59e-06
391.3335779 -2.498360474e-05 4.479e-06
391.3335758 -1.619357389e-05 4.924e-06
391.3335803 -3.256113966e-05 5.555e-06
391.33358 -2.279392648e-05 5.45e-06
391.3335798 -3.082725812e-05 4.928e-06
391.333579 -2.199083534e-05 4.785e-06
391.3335792 -1.98718938e-05 6.535e-06
391.3335782 -1.954193364e-05 4.885e-06
391.3335803 -2.654328262e-05 4.978e-06
391.3335787 -3.1549953e-05 4.641e-06
391.3335795 -1.756072494e-05 5.046e-06
391.3335756 -1.790068018e-05 4.338e-06
391.3335771 -2.262922273e-05 3.759e-06
391.33358 -2.887319641e-05 7.229e-06
391.3335769 -3.156035911e-05 4.812e-06
391.3363608 -2.923452748e-05 5.578e-06
391.3363582 -3.085759632e-05 4.673e-06
391.3363606 -2.861388064e-05 4.4e-06
391.3363574 -3.872182403e-05 4.846e-06
391.3363613 -4.444283426e-05 6.451e-06
391.3363592 -2.826554927e-05 4.976e-06
391.3363611 -3.309671976e-05 3.834e-06
391.3363585 -3.857551716e-05 4.448e-06
391.33636 -4.549844249e-05 4.349e-06
391.3363571 -3.944486139e-05 3.932e-06
391.3363598 -4.058637398e-05 4.381e-06
391.3363587 -3.221230566e-05 4.387e-06
391.3363603 -3.823927616e-05 4.551e-06
391.3363613 -4.130266478e-05 3.953e-06
391.3363608 -2.910892071e-05 5.621e-06
391.3363611 -3.08155287e-05 3.563e-06
391.3363595 -3.903193723e-05 3.956e-06
391.3363606 -3.996209957e-05 4.188e-06
391.336359 -4.056047154e-05 4.901e-06
391.3363569 -4.502083379e-05 4.823e-06
391.3363613 -3.276908146e-05 5.35e-06
391.3363611 -3.931625146e-05 4.516e-06
391.3363608 -4.973637876e-05 4.775e-06
391.33636 -3.333147652e-05 4.78e-06
391.3363603 -3.491146443e-05 4.681e-06
391.3363592 -3.911379729e-05 4.444e-06
391.3363613 -4.108001218e-05 3.835e-06
391.3363598 -3.395316951e-05 4.025e-06
391.3363606 -3.361972521e-05 4.007e-06
391.3363566 -3.999581108e-05 4.789e-06
391.3363582 -4.303930238e-05 4.182e-06
391.3363579 -3.848952793e-05 4.098e-06
391.3384407 -3.782758851e-05 7.001e-06
391.3384381 -4.809935425e-05 6.628e-06
391.3384405 -4.523000816e-05 8.111e-06
391.3384373 -4.386792941e-05 6.48e-06
391.3384412 -3.296704163e-05 7.289e-06
391.3384391 -4.689389624e-05 7.386e-06
391.338441 -4.594691638e-05 7.963e-06
391.3384384 -4.844203956e-05 6.253e-06
391.338437 -5.247939124e-05 5.655e-06
391.3384397 -3.86633631e-05 6.065e-06
391.3384386 -3.902648796e-05 6.143e-06
391.3384402 -3.827299888e-05 6.316e-06
391.3384412 -4.865704e-05 5.807e-06
391.3384407 -4.383545874e-05 7.519e-06
391.338441 -3.847431863e-05 6.092e-06
391.3384394 -5.106648736e-05 5.636e-06
391.3384405 -5.197930254e-05 6.741e-06
391.3384389 -5.509030969e-05 7.201e-06
391.3384368 -4.058442465e-05 6.712e-06
391.3384412 -4.294217655e-05 6.454e-06
391.338441 -4.736373075e-05 6.186e-06
391.3384407 -3.632907621e-05 7.643e-06
391.3384399 -4.739917975e-05 6.673e-06
391.3384402 -3.951904606e-05 6.239e-06
391.3384391 -4.722498788e-05 5.922e-06
391.3384412 -5.502548703e-05 7.373e-06
391.3384397 -3.718542892e-05 6.764e-06
391.3384405 -5.085488084e-05 5.667e-06
391.3384365 -5.25870837e-05 6.124e-06
391.3384381 -4.068419166e-05 5.678e-06
391.3384378 -4.279004691e-05 6.126e-06
