474.0376171 7.362604574e-05 2.708e-06
474.0376197 7.677831183e-05 3.664e-06
474.0376195 7.701886448e-05 3.672e-06
474.0376181 7.567401967e-05 3.224e-06
474.0376202 8.856150243e-05 6.861e-06
474.0376173 7.555573335e-05 2.534e-06
474.03762 7.946887021e-05 3.474e-06
474.0376189 7.626600936e-05 3.074e-06
474.0376187 7.394740876e-05 2.968e-06
474.0376176 7.841647213e-05 2.874e-06
474.0376192 7.991597993e-05 3.063e-06
474.0376202 7.661206537e-05 3.846e-06
474.0376197 7.974557837e-05 2.983e-06
474.03762 8.182660938e-05 3.471e-06
474.0376184 8.051070976e-05 3.104e-06
474.0376195 7.280800256e-05 3.889e-06
474.0376179 7.879282303e-05 2.787e-06
474.0376202 8.532612962e-05 3.962e-06
474.03762 7.545924118e-05 3.244e-06
474.0376197 7.630590507e-05 3.929e-06
474.0376189 8.453067302e-05 2.97e-06
474.0376192 8.127307564e-05 2.954e-06
474.0376181 7.917105631e-05 3.153e-06
474.0376202 7.571418577e-05 3.465e-06
474.0376187 7.722450031e-05 3.306e-06
474.0376195 7.311138585e-05 3.51e-06
474.0376171 7.678626235e-05 3.088e-06
474.0376168 8.139822189e-05 2.992e-06
474.0403509 5.321397114e-05 3.118e-06
474.0403536 6.767430367e-05 3.695e-06
474.0403502 5.442905681e-05 2.935e-06
474.0403533 4.957914448e-05 3.216e-06
474.040352 5.839747457e-05 2.869e-06
474.0403541 7.460509799e-05 5.726e-06
474.0403512 5.131226187e-05 2.607e-06
474.0403538 5.586212859e-05 4.538e-06
474.0403528 6.551214156e-05 3.03e-06
474.0403499 5.416435622e-05 2.81e-06
474.0403525 5.766797171e-05 3.94e-06
474.0403515 5.801783007e-05 2.674e-06
474.0403531 5.650706174e-05 3.076e-06
474.0403541 5.657088364e-05 3.793e-06
474.0403536 6.358515769e-05 4.124e-06
474.0403538 5.461311047e-05 3.303e-06
474.0403523 5.044423739e-05 3.657e-06
474.0403533 5.636115007e-05 3.661e-06
474.0403517 5.438002708e-05 3.104e-06
474.0403496 5.515702543e-05 3e-06
474.0403541 5.782266306e-05 4.196e-06
474.0403538 5.925850065e-05 3.727e-06
474.0403536 5.483589478e-05 3.743e-06
474.0403528 5.963031279e-05 3.37e-06
474.0403531 5.760973207e-05 3.13e-06
474.040352 5.482407432e-05 2.685e-06
474.0403541 5.451434504e-05 3.458e-06
474.0403525 6.448802123e-05 3.425e-06
474.0403533 5.962221939e-05 3.372e-06
474.0403494 5.577024053e-05 2.975e-06
474.0403509 5.276971225e-05 2.839e-06
474.0403507 5.53323554e-05 2.624e-06
474.0431267 3.850813967e-05 2.643e-06
474.0431293 3.655745952e-05 3.723e-06
474.0431259 3.658802586e-05 2.584e-06
474.043129 3.66208043e-05 3.025e-06
474.0431277 3.747050581e-05 3.126e-06
474.0431298 3.739701198e-05 5.3e-06
474.0431269 3.462486635e-05 2.964e-06
474.0431295 3.648130541e-05 4.072e-06
474.0431285 3.808780198e-05 3.299e-06
474.0431256 3.233483297e-05 2.801e-06
474.0431282 4.110217944e-05 2.797e-06
474.0431272 3.162881309e-05 2.791e-06
474.0431288 3.722676206e-05 3.766e-06
474.0431298 4.143318324e-05 5.171e-06
474.0431293 3.63586122e-05 4.501e-06
474.0431295 3.79008544e-05 3.929e-06
474.043128 3.677155977e-05 2.824e-06
474.043129 3.791699427e-05 4.073e-06
474.0431274 3.202705164e-05 2.793e-06
474.0431253 3.793785444e-05 2.716e-06
474.0431298 4.210214495e-05 3.99e-06
474.0431295 3.453517922e-05 4.444e-06
474.0431293 4.088545752e-05 4.025e-06
474.0431285 3.378251208e-05 3.305e-06
474.0431288 3.839376261e-05 3.616e-06
474.0431277 3.363042064e-05 3.031e-06
474.0431298 3.604834834e-05 3.699e-06
474.0431282 3.782365367e-05 2.956e-06
474.043129 3.742171714e-05 3.484e-06
474.0431251 2.966061712e-05 3.186e-06
474.0431267 3.709534193e-05 3.034e-06
474.0431264 3.790085715e-05 2.87e-06
474.0459066 1.912622108e-05 2.896e-06
474.0459092 2.073399107e-05 5.304e-06
474.0459058 1.145818493e-05 3.286e-06
474.045909 2.292848881e-05 3.989e-06
474.0459076 1.730698702e-05 3.285e-06
474.0459097 2.438278277e-05 5.294e-06
474.0459069 1.643878297e-05 2.891e-06
474.0459095 1.414572453e-05 4.634e-06
474.0459084 1.368255373e-05 4.078e-06
474.0459055 1.220311781e-05 3.218e-06
474.0459082 2.108904285e-05 3.629e-06
474.0459071 1.530841188e-05 3.369e-06
474.0459087 1.826220996e-05 3.761e-06
474.0459097 1.915105584e-05 5.198e-06
474.0459092 2.142731918e-05 4.175e-06
474.0459095 2.903647259e-05 4.916e-06
474.0459079 2.087574704e-05 2.933e-06
474.045909 2.453612605e-05 3.382e-06
474.0459074 2.274358301e-05 3.148e-06
474.0459053 1.98187902e-05 3.469e-06
474.0459097 1.867011508e-05 5.274e-06
474.0459095 1.481081617e-05 4.008e-06
474.0459092 1.807976293e-05 4.385e-06
474.0459084 2.003238298e-05 3.904e-06
474.0459087 2.161590445e-05 3.782e-06
474.0459076 1.714554809e-05 3.436e-06
474.0459097 1.413938922e-05 4.095e-06
474.0459082 2.074314612e-05 3.608e-06
474.045909 1.731679748e-05 4.146e-06
474.045905 1.992977334e-05 3.454e-06
474.0459066 1.549844916e-05 3.163e-06
474.0459063 1.3576356e-05 3.503e-06
474.048686 -1.325536422e-05 4.656e-06
474.0486834 -9.661476372e-06 2.84e-06
474.0486826 -9.718329525e-06 2.56e-06
474.0486858 -6.024707448e-06 3.33e-06
474.0486866 -1.171926069e-05 6.408e-06
474.0486845 -1.097868834e-06 3.147e-06
474.0486837 -9.89770308e-06 3.08e-06
474.0486863 -3.88337536e-06 3.712e-06
474.0486852 -9.70894677e-06 2.469e-06
474.0486824 -1.38964261e-05 3.098e-06
474.048685 -4.432600624e-06 3.458e-06
474.0486839 -1.17556028e-05 3.013e-06
474.0486855 -4.772885735e-06 2.563e-06
474.0486866 -8.495746704e-06 4.553e-06
474.048686 -1.178161424e-06 4.31e-06
474.0486863 -1.057137631e-05 4.166e-06
474.0486847 -1.145066316e-06 3.536e-06
474.0486858 4.720496847e-07 3.549e-06
474.0486842 -1.306887383e-05 2.879e-06
474.0486821 -1.011774765e-05 2.964e-06
474.0486866 -1.028938467e-05 4.939e-06
474.0486863 -9.880145886e-07 4.775e-06
474.048686 -3.416294911e-06 3.839e-06
474.0486852 -5.411337771e-06 3.492e-06
474.0486855 -1.13528322e-05 3.438e-06
474.0486845 -6.102741247e-06 2.926e-06
474.0486866 1.597188848e-06 3.656e-06
474.048685 -6.198303948e-06 2.792e-06
474.0486858 -1.266482055e-05 3.105e-06
474.0486818 -1.090982217e-05 2.806e-06
474.0486834 -6.030611119e-06 2.857e-06
474.0486831 -7.513981478e-06 2.849e-06
474.0514616 -2.59798874e-05 3.873e-06
474.051459 -2.660221122e-05 2.952e-06
474.0514613 -2.653358016e-05 3.449e-06
474.0514582 -3.067437784e-05 3.422e-06
474.05146 -1.738532944e-05 3.701e-06
474.0514621 -2.933957767e-05 7.878e-06
474.0514618 -1.603002823e-05 4.638e-06
474.0514592 -2.396108735e-05 2.793e-06
474.0514608 -2.344876638e-05 3.077e-06
474.0514579 -2.614944312e-05 2.951e-06
474.0514605 -2.939367357e-05 3.503e-06
474.0514595 -2.780394411e-05 3.028e-06
474.0514611 -2.124244122e-05 3.575e-06
474.0514621 -1.65502295e-05 5.344e-06
474.0514616 -2.484666571e-05 4.764e-06
474.0514618 -2.016286415e-05 4.567e-06
474.0514603 -2.453103066e-05 3.173e-06
474.0514613 -2.497328958e-05 2.469e-06
474.0514597 -2.313701086e-05 2.804e-06
474.0514576 -2.746435456e-05 2.814e-06
474.0514621 -2.123263657e-05 4.207e-06
474.0514618 -2.340318436e-05 4.123e-06
474.0514616 -2.361427561e-05 3.486e-06
474.0514608 -2.356328593e-05 3.065e-06
474.0514611 -2.325221336e-05 3.518e-06
474.05146 -2.579284499e-05 2.922e-06
474.0514621 -2.03035851e-05 4.234e-06
474.0514605 -2.515000269e-05 2.957e-06
474.0514613 -2.07148814e-05 4.167e-06
474.0514574 -2.792816248e-05 2.985e-06
474.051459 -3.133681134e-05 2.873e-06
474.0514587 -2.613100786e-05 2.653e-06
474.0542417 -4.396840328e-05 4.28e-06
474.0542391 -5.125741e-05 2.742e-06
474.0542414 -3.850123739e-05 4.109e-06
474.0542383 -4.698717559e-05 3.166e-06
474.0542422 -4.448169152e-05 7.051e-06
474.0542401 -4.505387969e-05 3.77e-06
474.0542419 -4.343326992e-05 3.736e-06
474.0542393 -4.314168805e-05 2.769e-06
474.0542409 -4.739685052e-05 3.928e-06
474.054238 -4.500703769e-05 2.853e-06
474.0542406 -4.413320483e-05 3.596e-06
474.0542396 -4.775431355e-05 2.606e-06
474.0542412 -5.021616176e-05 2.797e-06
474.0542422 -3.788368088e-05 4.679e-06
474.0542417 -3.988652339e-05 3.939e-06
474.0542419 -4.744145309e-05 3.569e-06
474.0542404 -4.390862518e-05 2.768e-06
474.0542414 -3.975746024e-05 3.388e-06
474.0542398 -4.111650961e-05 2.964e-06
474.0542377 -4.351575052e-05 2.979e-06
474.0542422 -4.586964741e-05 3.276e-06
474.0542419 -3.756762103e-05 3.75e-06
474.0542417 -4.331250202e-05 3.667e-06
474.0542409 -4.509229118e-05 3.399e-06
474.0542412 -4.267299042e-05 3.345e-06
474.0542401 -4.034680592e-05 3.022e-06
474.0542422 -4.243476367e-05 3.675e-06
474.0542406 -4.026842356e-05 3e-06
474.0542414 -4.163764907e-05 3.635e-06
474.0542375 -4.485134359e-05 2.811e-06
474.0542391 -4.140660967e-05 2.649e-06
474.0542388 -4.145775209e-05 2.538e-06
474.0563397 -5.323081017e-05 5.905e-06
474.0563371 -5.5423259e-05 3.66e-06
474.0563394 -5.607456899e-05 4.574e-06
474.0563363 -6.133816805e-05 4.312e-06
474.0563402 -4.85030553e-05 7.292e-06
474.0563381 -4.916293479e-05 3.833e-06
474.05634 -5.229080013e-05 6.656e-06
474.0563373 -5.062182537e-05 4.499e-06
474.0563389 -5.279569602e-05 4.354e-06
474.056336 -5.352977642e-05 3.493e-06
474.0563386 -5.006899915e-05 4.938e-06
474.0563376 -5.918979552e-05 3.985e-06
474.0563392 -5.071442575e-05 3.841e-06
474.0563402 -5.87765417e-05 5.548e-06
474.0563397 -4.054473003e-05 6.983e-06
474.05634 -5.061125878e-05 4.039e-06
474.0563384 -6.23187719e-05 4.476e-06
474.0563394 -5.580401206e-05 4.735e-06
474.0563379 -5.505942572e-05 3.421e-06
474.0563358 -4.590167681e-05 4.668e-06
474.0563402 -5.794398792e-05 4.828e-06
474.05634 -5.924819801e-05 6.267e-06
474.0563397 -5.137652777e-05 7.056e-06
474.0563389 -5.523961435e-05 4.545e-06
474.0563392 -5.58150842e-05 4.201e-06
474.0563381 -5.536547519e-05 3.293e-06
474.0563402 -5.0965707e-05 6.894e-06
474.0563386 -5.340658448e-05 4.429e-06
474.0563394 -5.216638787e-05 5.47e-06
474.0563355 -5.705534603e-05 4.026e-06
474.0563371 -5.94994245e-05 3.593e-06
474.0563368 -6.664621922e-05 4.115e-06
474.0585079 -6.991173429e-05 5.317e-06
474.0585052 -6.339796021e-05 2.707e-06
474.0585076 -6.251405033e-05 3.178e-06
474.0585044 -6.819744914e-05 2.677e-06
474.0585084 -6.783710924e-05 4.847e-06
474.0585063 -6.549753247e-05 2.764e-06
474.0585081 -6.551191229e-05 4.223e-06
474.0585055 -6.515191553e-05 2.78e-06
474.0585071 -6.84536408e-05 3.244e-06
474.0585042 -7.243493389e-05 3.09e-06
474.0585068 -6.826543033e-05 3.157e-06
474.0585058 -6.552997265e-05 2.808e-06
474.0585073 -7.121628643e-05 3.557e-06
474.0585084 -5.789124903e-05 3.622e-06
474.0585079 -6.629556051e-05 4.011e-06
474.0585081 -5.515050239e-05 4.228e-06
474.0585065 -6.647926506e-05 2.903e-06
474.0585076 -5.671416712e-05 3.777e-06
474.058506 -6.935625562e-05 3.041e-06
474.0585039 -7.023529077e-05 2.944e-06
474.0585084 -6.172978656e-05 3.887e-06
474.0585081 -6.123847568e-05 3.47e-06
474.0585079 -7.174254896e-05 3.505e-06
474.0585071 -6.394340553e-05 3.176e-06
474.0585073 -6.353091913e-05 3.521e-06
474.0585063 -7.048228672e-05 2.842e-06
474.0585084 -7.186453305e-05 4.606e-06
474.0585068 -7.17501514e-05 3.199e-06
474.0585076 -6.491305942e-05 3.585e-06
474.0585037 -6.880967412e-05 3.18e-06
474.0585052 -6.732464414e-05 2.64e-06
474.058505 -6.832233888e-05 2.674e-06
474.0612794 -8.127445064e-05 5.255e-06
474.0612768 -8.120828214e-05 3.25e-06
474.0612791 -7.859865986e-05 3.5e-06
474.061276 -7.797522041e-05 3.151e-06
474.0612778 -7.797372133e-05 3.326e-06
474.0612799 -7.513956084e-05 5.048e-06
474.0612797 -8.064308691e-05 3.372e-06
474.061277 -7.462494363e-05 2.739e-06
474.0612786 -7.770955597e-05 2.458e-06
474.0612757 -8.310789054e-05 2.828e-06
474.0612784 -8.66166436e-05 3.461e-06
474.0612773 -8.08762983e-05 3.61e-06
474.0612789 -7.297632682e-05 3.67e-06
474.0612799 -7.867564897e-05 4.794e-06
474.0612794 -8.190690419e-05 5.102e-06
474.0612797 -7.777508356e-05 3.692e-06
474.0612781 -7.935126174e-05 2.736e-06
474.0612791 -7.732085181e-05 3.078e-06
474.0612776 -8.063181496e-05 2.931e-06
474.0612755 -8.18307292e-05 3.059e-06
474.0612799 -7.420454935e-05 4.073e-06
474.0612797 -7.735457412e-05 4.064e-06
474.0612794 -7.830969022e-05 2.556e-06
474.0612786 -7.849897102e-05 3.487e-06
474.0612789 -8.074392526e-05 3.309e-06
474.0612778 -7.923156356e-05 2.86e-06
474.0612799 -7.994301343e-05 4.557e-06
474.0612784 -7.533108013e-05 3.087e-06
474.0612791 -7.762801721e-05 3.398e-06
474.0612752 -7.958977827e-05 3.358e-06
474.0612768 -7.593701723e-05 2.654e-06
474.0612765 -7.799651942e-05 2.714e-06
474.064057 -8.32374235e-05 4.122e-06
474.0640544 -8.659821768e-05 2.775e-06
474.0640567 -9.359645053e-05 3.624e-06
474.0640536 -9.145730384e-05 3.204e-06
474.0640575 -8.38942491e-05 5.05e-06
474.0640554 -8.80294392e-05 3.165e-06
474.0640573 -8.973665242e-05 3.664e-06
474.0640546 -9.124675792e-05 2.829e-06
474.0640562 -9.274293329e-05 2.754e-06
474.0640533 -9.263430513e-05 2.645e-06
474.0640559 -9.094123523e-05 3.193e-06
474.0640549 -9.280692257e-05 2.817e-06
474.0640565 -8.785472927e-05 3.485e-06
474.0640575 -8.773968648e-05 4.803e-06
474.064057 -8.281411206e-05 5.306e-06
474.0640573 -9.096542295e-05 3.595e-06
474.0640557 -8.516982588e-05 3.18e-06
474.0640567 -8.767039757e-05 3.288e-06
474.0640552 -8.662566507e-05 2.967e-06
474.0640531 -8.67073093e-05 3.078e-06
474.0640575 -8.368904442e-05 3.968e-06
474.0640573 -8.590565312e-05 4.625e-06
474.064057 -8.84467961e-05 3.399e-06
474.0640562 -8.53558723e-05 3.251e-06
474.0640565 -8.309385798e-05 3.921e-06
474.0640554 -8.936296234e-05 2.894e-06
474.0640575 -8.560654084e-05 4.167e-06
474.0640559 -8.837709844e-05 2.447e-06
474.0640567 -9.073833033e-05 4.295e-06
474.0640528 -9.2780931e-05 3.104e-06
474.0640544 -9.392998361e-05 2.5e-06
474.0640541 -8.982807788e-05 2.802e-06
474.0668344 -9.708468695e-05 3.062e-06
474.0668317 -9.986458502e-05 2.803e-06
474.0668341 -9.895223408e-05 3.459e-06
474.066831 -0.0001045138533 2.649e-06
474.0668349 -9.016372428e-05 5.845e-06
474.0668328 -9.662413761e-05 3.433e-06
474.0668346 -0.0001028807652 4.285e-06
474.066832 -0.0001063018259 3.387e-06
474.0668336 -0.0001022568582 3.464e-06
474.0668307 -0.0001061361715 2.665e-06
474.0668333 -0.0001009084301 3.453e-06
474.0668323 -9.370307119e-05 3.093e-06
474.0668338 -9.727379882e-05 2.988e-06
474.0668349 -9.872207925e-05 4.025e-06
474.0668344 -9.544508827e-05 5.114e-06
474.0668346 -9.826457446e-05 3.22e-06
474.0668331 -9.602507933e-05 4.078e-06
474.0668341 -8.902094194e-05 3.819e-06
474.0668325 -9.672231411e-05 2.746e-06
474.0668304 -0.0001024217599 3.012e-06
474.0668349 -9.80655639e-05 5.795e-06
474.0668346 -9.445604815e-05 4.355e-06
474.0668344 -0.0001000465327 2.659e-06
474.0668336 -9.6805354e-05 2.957e-06
474.0668338 -9.088744376e-05 3.039e-06
474.0668328 -9.620571278e-05 3.163e-06
474.0668349 -9.564318508e-05 3.742e-06
474.0668333 -9.543634258e-05 3.771e-06
474.0668341 -9.135146386e-05 3.762e-06
474.0668302 -0.0001046607153 3.288e-06
474.0668317 -9.892911984e-05 2.52e-06
474.0668315 -0.0001001702501 2.662e-06
474.0696126 -0.00010276501 4.007e-06
474.06961 -0.0001066387021 2.131e-06
474.0696124 -0.0001056201427 3.617e-06
474.0696092 -0.0001055176786 2.47e-06
474.0696132 -9.499085813e-05 5.795e-06
474.0696111 -0.0001015521921 3.131e-06
474.0696129 -0.0001073318136 4.507e-06
474.0696103 -0.0001023648835 2.998e-06
474.0696118 -9.875133501e-05 3.086e-06
474.069609 -0.0001080421335 2.72e-06
474.0696116 -0.0001033460642 3.346e-06
474.0696105 -0.0001031894353 3.173e-06
474.0696121 -0.0001037325177 3.181e-06
474.0696132 -9.558319378e-05 4.728e-06
474.0696126 -0.0001061190185 4.858e-06
474.0696129 -9.954419738e-05 3.807e-06
474.0696113 -0.0001110658384 3.725e-06
474.0696124 -0.0001094789268 3.361e-06
474.0696108 -0.000106830575 3.074e-06
474.0696087 -0.0001028237493 3.28e-06
474.0696132 -0.0001038927905 7.178e-06
474.0696129 -0.0001092725731 4.304e-06
474.0696126 -0.000101688483 3.416e-06
474.0696118 -0.0001020316087 2.896e-06
474.0696121 -0.0001074846936 2.868e-06
474.0696111 -0.0001039242997 2.903e-06
474.0696132 -0.0001059438448 3.761e-06
474.0696116 -9.809277217e-05 2.897e-06
474.0696124 -9.982827984e-05 3.698e-06
474.0696084 -0.0001061302494 3.487e-06
474.06961 -0.0001034877715 2.957e-06
474.0696097 -0.0001037269931 2.773e-06
474.0723905 -0.0001080661432 4.767e-06
474.0723879 -0.000109058327 2.412e-06
474.0723903 -0.0001048055169 3.309e-06
474.0723871 -0.0001085299105 2.306e-06
474.072391 -0.000100676569 5.057e-06
474.0723889 -0.0001093914783 2.934e-06
474.0723908 -0.0001060358241 4.207e-06
474.0723882 -0.0001074053204 2.738e-06
474.0723897 -0.0001094915209 3.66e-06
474.0723868 -0.0001116400039 2.61e-06
474.0723895 -0.000109076722 4.262e-06
474.0723884 -0.0001080774428 2.642e-06
474.07239 -0.0001076803612 2.598e-06
474.072391 -9.349769144e-05 4.919e-06
474.0723905 -0.0001087770874 3.863e-06
474.0723908 -0.000101424211 3.922e-06
474.0723892 -0.0001134326511 3.27e-06
474.0723903 -0.0001036957803 2.871e-06
474.0723887 -0.0001095203871 2.694e-06
474.0723866 -0.0001115932136 2.958e-06
474.072391 -9.71405893e-05 4.484e-06
474.0723908 -0.0001095764124 4.343e-06
474.0723905 -0.0001088956806 3.729e-06
474.0723897 -0.0001030094547 4.016e-06
474.07239 -0.0001058523067 3.072e-06
474.0723889 -0.0001047356232 3.27e-06
474.072391 -0.0001101191619 4.153e-06
474.0723895 -0.0001078149035 2.886e-06
474.0723903 -0.0001079122879 4.068e-06
474.0723863 -0.0001160157526 2.883e-06
474.0723879 -0.0001121251572 3.046e-06
474.0723876 -0.0001108885753 3.161e-06
474.0751684 -0.0001125468477 4.407e-06
474.0751657 -0.0001089123295 2.581e-06
474.0751681 -0.0001088237925 3.296e-06
474.075165 -0.0001107867058 2.509e-06
474.0751689 -0.000101506814 5.69e-06
474.0751668 -0.0001139572359 2.954e-06
474.0751686 -0.0001012834789 4.301e-06
474.075166 -0.0001121031444 2.651e-06
474.0751676 -0.0001067125906 3.072e-06
474.0751647 -0.0001117212166 2.806e-06
474.0751673 -0.0001046206948 3.153e-06
474.0751663 -0.0001024345411 3.305e-06
474.0751678 -0.0001032908122 3.18e-06
474.0751689 -0.0001035567033 5.37e-06
474.0751684 -0.0001132067941 3.912e-06
474.0751686 -0.0001019483411 4.227e-06
474.0751671 -0.0001096536506 3.813e-06
474.0751681 -0.0001039642153 3.021e-06
474.0751665 -0.0001075210353 3.073e-06
474.0751644 -0.0001115484547 2.59e-06
474.0751689 -9.922618928e-05 3.969e-06
474.0751686 -0.0001031622369 3.662e-06
474.0751684 -9.864649691e-05 3.963e-06
474.0751676 -0.0001030831929 3.004e-06
474.0751678 -0.000106950012 3.082e-06
474.0751668 -0.0001049364327 3.467e-06
474.0751689 -0.0001012690121 3.787e-06
474.0751673 -0.0001066487702 2.818e-06
474.0751681 -0.0001042330482 3.396e-06
474.0751642 -0.0001100957526 3.299e-06
474.0751657 -0.0001056642135 3.028e-06
474.0751655 -0.0001116134217 2.85e-06
474.077947 -0.000104370299 5.488e-06
474.0779444 -0.0001083856063 2.871e-06
474.0779468 -9.613302168e-05 3.832e-06
474.0779436 -0.0001080262829 2.706e-06
474.0779475 -9.226961394e-05 6.061e-06
474.0779454 -0.0001054187501 2.543e-06
474.0779473 -0.0001008608966 3.674e-06
474.0779447 -0.0001090936391 3.005e-06
474.0779462 -0.0001058840215 2.866e-06
474.0779433 -0.0001021075006 3.224e-06
474.077946 -0.0001018873391 2.914e-06
474.0779449 -0.0001069524518 2.987e-06
474.0779465 -0.000105818529 3.494e-06
474.0779475 -0.0001061156711 4.321e-06
474.077947 -0.0001046418927 4.585e-06
474.0779473 -0.0001074485807 3.94e-06
474.0779457 -0.0001088724397 3.5e-06
474.0779468 -0.0001104777177 4.448e-06
474.0779452 -0.0001047750674 2.963e-06
474.0779431 -0.0001113540897 3.114e-06
474.0779475 -0.0001073541263 4.648e-06
474.0779473 -0.0001046665883 4.016e-06
474.077947 -0.0001023047734 4.254e-06
474.0779462 -9.94508754e-05 2.93e-06
474.0779465 -0.0001058864275 3.114e-06
474.0779454 -0.0001079779988 3.222e-06
474.0779475 -0.0001072158715 3.167e-06
474.077946 -0.0001081690195 2.911e-06
474.0779468 -0.0001092761305 3.055e-06
474.0779428 -0.0001047075855 2.986e-06
474.0779444 -0.0001133888913 2.767e-06
474.0779441 -0.0001084536996 2.993e-06
474.0807252 -9.630614685e-05 3.602e-06
474.0807226 -0.0001051687811 2.691e-06
474.080725 -9.902149377e-05 3.553e-06
474.0807218 -0.0001028471001 2.871e-06
474.0807258 -9.631449617e-05 5.662e-06
474.0807237 -0.0001026571232 2.924e-06
474.0807255 -0.0001036312061 4.233e-06
474.0807229 -0.0001064814345 2.97e-06
474.0807244 -0.000102953862 3.6e-06
474.0807216 -0.0001030208781 2.724e-06
474.0807242 -9.767407015e-05 3.081e-06
474.0807231 -0.0001063818909 2.683e-06
474.0807247 -9.340171437e-05 3.554e-06
474.0807258 -9.312891645e-05 3.849e-06
474.0807252 -0.0001056674932 4.229e-06
474.0807255 -9.659214708e-05 4.64e-06
474.0807239 -0.0001016448181 3.262e-06
474.080725 -0.000103365913 3.901e-06
474.0807234 -9.963386686e-05 2.976e-06
474.0807213 -0.0001014776953 2.509e-06
474.0807258 -9.718792688e-05 4.733e-06
474.0807252 -0.0001052134198 4.264e-06
474.0807255 -0.0001043645438 3.902e-06
474.0807244 -9.815567656e-05 2.86e-06
474.0807247 -0.0001043695221 3.273e-06
474.0807237 -0.0001095318189 3.156e-06
474.0807258 -9.441095176e-05 3.537e-06
474.0807242 -9.990695605e-05 3.099e-06
474.080725 -0.0001045536314 3.365e-06
474.080721 -0.000106880584 3.381e-06
474.0807226 -0.0001067082681 2.85e-06
474.0807223 -0.0001012580555 3.533e-06
474.0835033 -9.449202866e-05 3.081e-06
474.0835007 -9.700399882e-05 2.933e-06
474.083503 -9.180872048e-05 3.974e-06
474.0834999 -0.0001022183463 2.657e-06
474.0835038 -9.184903706e-05 6.004e-06
474.0835017 -9.624595703e-05 2.73e-06
474.0835036 -9.422632143e-05 3.266e-06
474.0835009 -9.696050247e-05 2.814e-06
474.0835025 -9.797528118e-05 3.645e-06
474.0834996 -9.70556143e-05 2.717e-06
474.0835022 -9.387772847e-05 3.455e-06
474.0835012 -9.755982036e-05 2.656e-06
474.0835028 -8.943306691e-05 3.417e-06
474.0835038 -9.543257212e-05 4.716e-06
474.0835033 -9.043570654e-05 4.319e-06
474.0835036 -9.38816385e-05 4.303e-06
474.083502 -9.222719932e-05 2.969e-06
474.083503 -9.299544969e-05 3.487e-06
474.0835015 -9.249044522e-05 3.346e-06
474.0834994 -9.836458645e-05 2.548e-06
474.0835038 -9.453062107e-05 4.192e-06
474.0835036 -9.464811257e-05 3.373e-06
474.0835033 -8.653114322e-05 3.858e-06
474.0835025 -9.451954289e-05 2.684e-06
474.0835028 -9.230911115e-05 2.976e-06
474.0835017 -9.671966568e-05 3.137e-06
474.0835038 -9.842074576e-05 3.558e-06
474.0835022 -9.182560545e-05 2.888e-06
474.083503 -8.480170354e-05 3.537e-06
474.0834991 -9.60084502e-05 3.77e-06
474.0835007 -9.575214227e-05 3.103e-06
474.0835004 -9.572573943e-05 2.526e-06
474.0862808 -8.954840364e-05 4.405e-06
474.0862781 -8.52291413e-05 2.597e-06
474.0862805 -9.316290069e-05 3.486e-06
474.0862773 -9.262388535e-05 3.04e-06
474.0862813 -7.444662217e-05 5.301e-06
474.0862792 -8.471619959e-05 3.149e-06
474.086281 -7.958497821e-05 3.276e-06
474.0862784 -8.750654272e-05 3.433e-06
474.08628 -8.650451284e-05 2.847e-06
474.0862771 -8.45768383e-05 2.902e-06
474.0862797 -8.547438197e-05 3.279e-06
474.0862787 -8.746829536e-05 2.448e-06
474.0862802 -8.232658351e-05 3.777e-06
474.0862813 -8.549897625e-05 5.079e-06
474.0862808 -7.87900211e-05 3.531e-06
474.086281 -7.784848688e-05 4.068e-06
474.0862794 -8.497954473e-05 2.895e-06
474.0862805 -9.104765577e-05 3.846e-06
474.0862789 -8.623714408e-05 3.472e-06
474.0862768 -8.622397958e-05 3.068e-06
474.0862813 -8.737462033e-05 4.075e-06
474.086281 -8.127385657e-05 3.715e-06
474.0862808 -8.018738518e-05 3.944e-06
474.08628 -8.327113086e-05 3.376e-06
474.0862802 -8.680681112e-05 3.352e-06
474.0862792 -8.712050146e-05 2.701e-06
474.0862813 -8.405123459e-05 3.419e-06
474.0862797 -8.866107255e-05 3.133e-06
474.0862805 -7.834604932e-05 3.63e-06
474.0862766 -9.022738075e-05 2.9e-06
474.0862781 -8.303034312e-05 3.188e-06
474.0862779 -8.849038987e-05 2.867e-06
474.089059 -7.675332191e-05 5.245e-06
474.0890564 -7.492356021e-05 3.094e-06
474.0890587 -7.525017936e-05 3.504e-06
474.0890556 -7.871464738e-05 2.977e-06
474.0890595 -7.445424815e-05 6.668e-06
474.0890574 -7.330311673e-05 3.081e-06
474.0890593 -6.67268527e-05 3.57e-06
474.0890566 -7.574832834e-05 2.726e-06
474.0890582 -7.149573579e-05 3.23e-06
474.0890553 -7.680561549e-05 3.498e-06
474.0890579 -7.906436228e-05 3.29e-06
474.0890569 -7.030590351e-05 2.758e-06
474.0890585 -7.383050005e-05 3.143e-06
474.0890595 -6.955641715e-05 5.224e-06
474.089059 -7.493283747e-05 3.814e-06
474.0890593 -7.385644346e-05 4.092e-06
474.0890577 -7.592684856e-05 3.155e-06
474.0890587 -7.122803596e-05 3.618e-06
474.0890572 -6.975324243e-05 2.707e-06
474.0890551 -7.688192656e-05 2.758e-06
474.0890595 -7.485876612e-05 3.865e-06
474.0890593 -7.581883168e-05 4.578e-06
474.089059 -6.92299634e-05 3.563e-06
474.0890582 -7.7005412e-05 3.176e-06
474.0890585 -7.602386595e-05 3.031e-06
474.0890574 -7.259482629e-05 3.031e-06
474.0890595 -7.335403302e-05 3.944e-06
474.0890579 -7.655186636e-05 2.714e-06
474.0890587 -7.261943035e-05 4.415e-06
474.0890548 -7.538707775e-05 3.501e-06
474.0890564 -8.004223344e-05 2.906e-06
474.0890561 -7.549716922e-05 2.58e-06
474.0914652 -5.398077643e-05 6.567e-06
474.0914625 -6.248864326e-05 3.983e-06
474.0914649 -4.968692166e-05 4.731e-06
474.0914618 -6.495414685e-05 3.61e-06
474.0914657 -5.565657905e-05 7.348e-06
474.0914636 -5.603194884e-05 3.659e-06
474.0914654 -5.166226535e-05 5.25e-06
474.0914628 -6.415705353e-05 3.93e-06
474.0914644 -6.0192169e-05 4.421e-06
474.0914615 -6.132242229e-05 3.438e-06
474.0914641 -5.751393136e-05 4.152e-06
474.0914631 -6.809718962e-05 4.176e-06
474.0914646 -6.306445814e-05 3.537e-06
474.0914657 -4.979210213e-05 7.176e-06
474.0914652 -4.962702798e-05 5.317e-06
474.0914654 -4.956186429e-05 5.372e-06
474.0914639 -7.189253629e-05 3.664e-06
474.0914649 -5.675746328e-05 4.177e-06
474.0914633 -5.977454512e-05 3.707e-06
474.0914612 -6.735513649e-05 3.63e-06
474.0914657 -6.146669553e-05 5.282e-06
474.0914654 -5.909398118e-05 4.727e-06
474.0914652 -6.145272522e-05 5.645e-06
474.0914644 -6.262333957e-05 3.666e-06
474.0914646 -6.196527177e-05 3.574e-06
474.0914636 -6.686871693e-05 3.754e-06
474.0914657 -5.844984522e-05 5.165e-06
474.0914641 -6.257037308e-05 3.427e-06
474.0914649 -6.757488213e-05 4.4e-06
474.091461 -6.67779407e-05 3.898e-06
474.0914625 -5.836216395e-05 3.684e-06
474.0914623 -6.349336621e-05 3.173e-06
474.095726 -2.34075073e-05 1.0538e-05
474.0957234 -2.937196334e-05 6.425e-06
474.0957257 -4.230499745e-05 9.435e-06
474.0957226 -4.809336811e-05 7.359e-06
474.0957244 -4.250064771e-05 7.345e-06
474.0957265 -2.767218782e-05 9.79e-06
474.0957262 -3.098000227e-05 1.1178e-05
474.0957236 -3.698803172e-05 7.577e-06
474.0957252 -3.877696863e-05 1.1171e-05
474.0957223 -4.509854333e-05 6.127e-06
474.0957249 -5.080219105e-05 8.652e-06
474.0957239 -3.16440814e-05 7.865e-06
474.0957255 -3.784331864e-05 7.761e-06
474.095726 -3.081375943e-05 1.0293e-05
474.0957262 -3.641739493e-05 9.61e-06
474.0957247 -4.566161465e-05 6.327e-06
474.0957257 -4.034872742e-05 1.0344e-05
474.0957241 -4.471075226e-05 7.997e-06
474.095722 -2.91022458e-05 6.661e-06
474.0957265 -4.692598636e-05 7.291e-06
474.0957262 -3.31720932e-05 1.0623e-05
474.095726 -4.583199293e-05 7.304e-06
474.0957252 -4.16120403e-05 9.286e-06
474.0957255 -3.368513169e-05 7.715e-06
474.0957244 -4.734142608e-05 5.893e-06
474.0957265 -3.890500323e-05 8.406e-06
474.0957249 -5.09670815e-05 7.83e-06
474.0957257 -4.731987769e-05 1.0712e-05
474.0957218 -4.322041723e-05 6.416e-06
474.0957234 -4.959484195e-05 7.765e-06
474.0957231 -3.344838186e-05 6.598e-06
474.0973925 -2.652519376e-05 5.789e-06
474.0973899 -3.624963362e-05 2.925e-06
474.0973922 -2.303816371e-05 3.677e-06
474.0973891 -3.128814329e-05 2.856e-06
474.0973909 -3.901967247e-05 3.486e-06
474.097393 -2.694266412e-05 5.08e-06
474.0973927 -2.884491159e-05 3.414e-06
474.0973901 -3.450190548e-05 2.884e-06
474.0973917 -2.827479481e-05 3.076e-06
474.0973888 -3.319438097e-05 2.746e-06
474.0973914 -3.252777512e-05 2.849e-06
474.0973904 -3.17483635e-05 3.348e-06
474.097392 -2.90261363e-05 3.576e-06
474.097393 -2.152264292e-05 5.095e-06
474.0973925 -2.056019207e-05 4.147e-06
474.0973927 -2.5608496e-05 4.372e-06
474.0973912 -2.447435139e-05 3.083e-06
474.0973922 -2.461783913e-05 3.631e-06
474.0973906 -3.203997747e-05 2.935e-06
474.0973885 -2.784518375e-05 3.23e-06
474.097393 -2.83875528e-05 3.927e-06
474.0973927 -2.600057481e-05 3.566e-06
474.0973925 -3.340729759e-05 3.056e-06
474.0973917 -2.706785521e-05 3.452e-06
474.097392 -2.561287061e-05 3.279e-06
474.0973909 -3.038687614e-05 2.723e-06
474.097393 -2.416464612e-05 3.74e-06
474.0973914 -2.777708145e-05 3.051e-06
474.0973922 -2.330528084e-05 3.067e-06
474.0973883 -3.375791286e-05 3.15e-06
474.0973899 -3.472092517e-05 2.59e-06
474.0973896 -3.039099058e-05 2.567e-06
474.1001708 -1.312425694e-05 5.582e-06
474.1001682 -1.674894164e-05 2.763e-06
474.1001706 -1.739085246e-05 3.58e-06
474.1001674 -1.136024809e-05 3.044e-06
474.1001693 -1.205692182e-05 3.824e-06
474.1001714 -9.206681896e-06 6.445e-06
474.1001685 -1.523097512e-05 2.964e-06
474.1001711 -7.574211946e-06 3.203e-06
474.10017 -3.616061531e-06 3.347e-06
474.1001672 -9.295598085e-06 2.925e-06
474.1001698 -1.264408983e-05 3.664e-06
474.1001687 -1.698149659e-05 2.576e-06
474.1001703 -1.35863072e-05 3.955e-06
474.1001714 -9.416350967e-06 2.832e-06
474.1001708 -1.014775419e-05 4.072e-06
474.1001711 -8.800607196e-06 3.661e-06
474.1001695 -7.236000565e-06 3.71e-06
474.100169 -5.267806524e-06 2.887e-06
474.1001669 -1.359842579e-05 2.985e-06
474.1001714 -2.80057036e-06 3.786e-06
474.1001711 -7.496545365e-06 5.512e-06
474.1001708 -4.248777621e-06 4.615e-06
474.10017 -6.012981345e-06 3.386e-06
474.1001703 -1.252291963e-05 2.933e-06
474.1001693 -8.45049055e-06 2.757e-06
474.1001714 -4.713071552e-06 3.531e-06
474.1001698 -5.925162473e-06 3.535e-06
474.1001706 -4.880392637e-06 3.527e-06
474.1001666 -1.536009587e-05 3.195e-06
474.1001682 -4.600412549e-06 2.742e-06
474.1001679 -9.396997432e-06 3.365e-06
474.1029491 9.927832079e-06 6.06e-06
474.1029465 9.58132361e-06 2.946e-06
474.1029457 8.472308986e-06 2.793e-06
474.1029489 1.275408212e-05 3.162e-06
474.1029475 8.924045859e-06 2.98e-06
474.1029496 4.095902612e-06 5.396e-06
474.1029468 8.395858697e-06 3.4e-06
474.1029494 8.66318656e-06 3.383e-06
474.1029483 7.035525973e-06 3.635e-06
474.1029454 1.144233579e-05 3.209e-06
474.1029481 1.292138983e-05 3.546e-06
474.102947 9.631405488e-06 2.715e-06
474.1029486 7.50859902e-06 3.267e-06
474.1029496 1.197574278e-05 4.175e-06
474.1029491 8.971741907e-06 4.096e-06
474.1029494 1.135036771e-05 4.252e-06
474.1029478 9.911717295e-06 2.966e-06
474.1029489 1.85259203e-05 3.174e-06
474.1029473 1.188191264e-05 3.004e-06
474.1029452 1.007352392e-05 3.304e-06
474.1029496 1.366294261e-05 4.331e-06
474.1029494 1.640337323e-05 3.225e-06
474.1029491 1.353856875e-05 4.109e-06
474.1029483 1.59021501e-05 3.075e-06
474.1029486 1.031364182e-05 3.2e-06
474.1029475 7.860529729e-06 3.033e-06
474.1029496 1.001721592e-05 3.503e-06
474.1029481 1.44364015e-05 3.448e-06
474.1029489 8.115126404e-06 3.503e-06
474.1029449 8.257759662e-06 3.303e-06
474.1029465 3.733365677e-06 2.853e-06
474.1029462 5.540919214e-06 2.841e-06
474.1057263 3.269109881e-05 4.591e-06
474.1057237 2.843148284e-05 2.978e-06
474.1057229 3.106703994e-05 2.822e-06
474.105726 3.475633662e-05 2.646e-06
474.1057247 3.363313148e-05 2.618e-06
474.1057268 4.021625894e-05 7.072e-06
474.1057239 2.88074491e-05 2.827e-06
474.1057266 3.530721658e-05 3.617e-06
474.1057255 3.751455992e-05 3.593e-06
474.1057226 2.249900422e-05 2.465e-06
474.1057253 3.071880296e-05 2.764e-06
474.1057242 2.792207984e-05 2.915e-06
474.1057258 3.051424528e-05 4.103e-06
474.1057268 3.813624045e-05 3.988e-06
474.1057263 3.219426345e-05 4.329e-06
474.1057266 3.133897825e-05 3.263e-06
474.105725 3.386214162e-05 3.513e-06
474.105726 3.053492386e-05 2.979e-06
474.1057245 2.872938233e-05 2.95e-06
474.1057224 2.650093076e-05 2.907e-06
474.1057268 3.193822729e-05 4.405e-06
474.1057266 3.637883427e-05 4.518e-06
474.1057263 2.975857339e-05 3.641e-06
474.1057255 2.719732369e-05 3.011e-06
474.1057258 3.089692207e-05 3.297e-06
474.1057247 2.778649274e-05 3.011e-06
474.1057268 3.282878699e-05 4.113e-06
474.1057253 2.868051967e-05 3.776e-06
474.105726 3.598661023e-05 3.384e-06
474.1057221 2.878028411e-05 2.773e-06
474.1057237 3.184764842e-05 2.816e-06
474.1057234 2.844948079e-05 2.731e-06
474.1085061 4.931610328e-05 4.638e-06
474.1085034 5.275433996e-05 2.872e-06
474.1085027 4.901020251e-05 2.742e-06
474.1085058 4.998178692e-05 3.822e-06
474.1085045 4.47448834e-05 2.927e-06
474.1085066 5.239761084e-05 7.552e-06
474.1085037 4.753409021e-05 2.744e-06
474.1085063 4.639090109e-05 4.219e-06
474.1085053 4.547747041e-05 3.151e-06
474.1085024 4.327103938e-05 2.915e-06
474.108505 4.63178594e-05 2.811e-06
474.108504 5.253012224e-05 3.003e-06
474.1085056 4.832505282e-05 4.142e-06
474.1085066 5.252126118e-05 4.007e-06
474.1085061 3.967536455e-05 4.969e-06
474.1085063 5.30618835e-05 3.309e-06
474.1085048 4.748802343e-05 3.191e-06
474.1085058 5.373057109e-05 3.372e-06
474.1085042 5.039272441e-05 2.94e-06
474.1085021 4.354619362e-05 2.815e-06
474.1085066 5.001358303e-05 4.263e-06
474.1085063 5.566314322e-05 4.271e-06
474.1085061 5.106101533e-05 2.988e-06
474.1085053 5.172227372e-05 3.908e-06
474.1085056 4.715298244e-05 3.444e-06
474.1085045 4.946108624e-05 3.153e-06
474.1085066 4.522803842e-05 4.749e-06
474.108505 4.813456854e-05 2.931e-06
474.1085058 5.494283549e-05 3.563e-06
474.1085019 5.099883823e-05 3.015e-06
474.1085034 4.761962786e-05 2.669e-06
474.1085032 4.827733209e-05 2.822e-06
474.1112795 6.653627957e-05 2.853e-06
474.1112821 6.795319391e-05 5.208e-06
474.1112787 7.295170691e-05 3.006e-06
474.1112819 6.730131311e-05 3.665e-06
474.1112805 7.689937599e-05 2.978e-06
474.1112826 8.157592539e-05 5.454e-06
474.1112798 7.009675089e-05 3.167e-06
474.1112824 6.712331745e-05 4.549e-06
474.1112813 6.813287443e-05 3.266e-06
474.1112784 7.119244036e-05 2.42e-06
474.1112811 6.623506078e-05 2.935e-06
474.11128 6.792358576e-05 3.236e-06
474.1112816 7.12427074e-05 3.675e-06
474.1112826 6.995504529e-05 3.871e-06
474.1112821 6.684359478e-05 3.764e-06
474.1112824 6.961431685e-05 4.219e-06
474.1112808 6.909771386e-05 4e-06
474.1112819 7.355703493e-05 3.828e-06
474.1112803 6.93319576e-05 2.997e-06
474.1112782 6.939631883e-05 3.153e-06
474.1112826 7.72596248e-05 4.01e-06
474.1112824 6.834826334e-05 3.603e-06
474.1112821 7.127984389e-05 3.47e-06
474.1112813 7.324187769e-05 3.849e-06
474.1112816 6.76700251e-05 3.405e-06
474.1112805 7.122437565e-05 3.457e-06
474.1112826 7.635495028e-05 5.714e-06
474.1112811 7.200424036e-05 3.331e-06
474.1112819 6.911035546e-05 3.388e-06
474.1112779 6.490975237e-05 3.19e-06
474.1112795 6.787964019e-05 3.424e-06
474.1112792 6.611712547e-05 3.123e-06
474.1140568 8.7892028e-05 3.09e-06
474.1140594 9.334980127e-05 5.563e-06
474.114056 8.483282016e-05 3.122e-06
474.1140591 9.09154225e-05 2.8e-06
474.1140578 9.037262477e-05 3.54e-06
474.1140599 8.364200574e-05 4.702e-06
474.114057 8.602402768e-05 2.961e-06
474.1140597 8.598642961e-05 4.319e-06
474.1140586 9.158948614e-05 3.651e-06
474.1140557 8.217934541e-05 2.955e-06
474.1140583 8.995011922e-05 2.854e-06
474.1140573 8.336466751e-05 2.92e-06
474.1140589 9.04367205e-05 3.288e-06
474.1140599 9.440286792e-05 4.203e-06
474.1140594 8.814619748e-05 5.037e-06
474.1140597 9.00864338e-05 3.654e-06
474.1140581 8.689765909e-05 4.085e-06
474.1140591 8.672861479e-05 3.94e-06
474.1140576 8.904640341e-05 3.273e-06
474.1140555 8.948279955e-05 3.241e-06
474.1140599 8.169644382e-05 3.931e-06
474.1140597 9.770703708e-05 4.981e-06
474.1140594 8.757507397e-05 4.408e-06
474.1140586 8.79876045e-05 3.612e-06
474.1140589 8.866200477e-05 3.735e-06
474.1140578 8.860250982e-05 2.947e-06
474.1140599 9.173343305e-05 3.728e-06
474.1140583 8.648227674e-05 3.144e-06
474.1140591 8.666358891e-05 3.561e-06
474.1140552 8.548002317e-05 3.182e-06
474.1140568 8.643017247e-05 3.078e-06
474.1140565 8.55186157e-05 2.681e-06
474.116836 0.0001057624653 3.11e-06
474.1168387 9.660396427e-05 4.679e-06
474.1168352 9.926273758e-05 3.024e-06
474.1168384 0.0001002287449 3.288e-06
474.1168371 0.0001000249222 2.901e-06
474.1168392 9.992993498e-05 6.668e-06
474.1168363 0.0001001229859 3.123e-06
474.1168389 0.0001068809276 3.86e-06
474.1168379 0.0001076940372 3.393e-06
474.116835 9.912077589e-05 3.263e-06
474.1168376 9.998542474e-05 3.151e-06
474.1168365 9.959720772e-05 3.168e-06
474.1168381 0.0001034334118 2.695e-06
474.1168392 0.0001104050494 3.404e-06
474.1168387 0.0001038555185 3.288e-06
474.1168389 9.526924044e-05 3.891e-06
474.1168373 0.0001015951572 3.197e-06
474.1168384 9.723642456e-05 3.445e-06
474.1168368 0.0001032724375 2.99e-06
474.1168347 9.98756035e-05 2.908e-06
474.1168392 9.963214437e-05 3.966e-06
474.1168389 0.0001017120676 4.146e-06
474.1168387 0.0001012993034 3.771e-06
474.1168379 0.0001023905426 2.762e-06
474.1168381 0.0001002825355 3.172e-06
474.1168371 0.00010365852 2.973e-06
474.1168392 0.0001069799973 3.847e-06
474.1168376 0.0001007475357 2.851e-06
474.1168384 0.0001055954165 3.541e-06
474.1168344 9.869928247e-05 3.368e-06
474.116836 9.874920408e-05 2.706e-06
474.1168358 0.0001005873728 3.05e-06
474.119614 0.0001169659074 3.284e-06
474.1196167 0.0001150245469 4.11e-06
474.1196133 0.0001174903865 2.827e-06
474.1196164 0.0001151417399 3.01e-06
474.1196151 0.0001167569436 3.634e-06
474.1196172 0.0001245818736 5.935e-06
474.1196143 0.0001230828704 2.756e-06
474.1196169 0.000122869977 3.991e-06
474.1196159 0.0001158404195 3.885e-06
474.119613 0.0001100788735 2.853e-06
474.1196156 0.0001224316626 2.8e-06
474.1196146 0.0001128318045 2.742e-06
474.1196161 0.0001183384373 3.428e-06
474.1196172 0.0001153964344 3.506e-06
474.1196167 0.0001202311829 3.694e-06
474.1196169 0.0001139347654 3.972e-06
474.1196154 0.0001235265939 3.491e-06
474.1196164 0.0001131184532 3.234e-06
474.1196148 0.0001174555944 3.439e-06
474.1196127 0.0001132904931 2.97e-06
474.1196172 0.0001247060674 5.069e-06
474.1196169 0.000117942394 4.352e-06
474.1196167 0.0001164467966 3.084e-06
474.1196159 0.0001209412608 3.682e-06
474.1196161 0.0001140210906 2.883e-06
474.1196151 0.0001190249382 3.639e-06
474.1196172 0.0001136807193 4.062e-06
474.1196156 0.0001175347445 2.509e-06
474.1196164 0.0001175581538 3.269e-06
474.1196125 0.0001126684651 3.283e-06
474.119614 0.0001152183003 3.33e-06
474.1196138 0.0001168532914 2.922e-06
474.1223915 0.0001253702581 2.964e-06
474.1223942 0.0001260772391 4.093e-06
474.1223907 0.0001240415128 3.065e-06
474.1223939 0.0001204980533 3.004e-06
474.1223926 0.0001230124279 2.903e-06
474.1223947 0.0001233688829 6.175e-06
474.1223918 0.0001258107908 2.715e-06
474.1223944 0.0001193285969 4.457e-06
474.1223934 0.0001260030781 3.529e-06
474.1223905 0.0001238743279 2.815e-06
474.1223931 0.0001267870091 3.566e-06
474.1223921 0.0001186216639 3.036e-06
474.1223936 0.0001174275876 3.5e-06
474.1223947 0.0001260721236 3.654e-06
474.1223942 0.0001270740898 5.032e-06
474.1223944 0.0001267361389 4.304e-06
474.1223928 0.0001254857454 2.965e-06
474.1223939 0.0001253906248 3.794e-06
474.1223923 0.0001259411813 3.278e-06
474.1223902 0.0001241145348 2.861e-06
474.1223947 0.0001263606614 4.216e-06
474.1223944 0.0001250463068 5.562e-06
474.1223942 0.0001221517753 4.386e-06
474.1223934 0.0001217768113 3.444e-06
474.1223936 0.0001271498716 3.246e-06
474.1223926 0.0001280432891 3.181e-06
474.1223947 0.000128924386 4.414e-06
474.1223931 0.000124465828 3.086e-06
474.1223939 0.0001275532787 3.955e-06
474.1223899 0.0001267165867 3.12e-06
474.1223915 0.0001216873376 3.041e-06
474.1223913 0.0001205386807 2.655e-06
474.1251692 0.0001215155921 3.134e-06
474.1251718 0.0001220029515 6.191e-06
474.1251684 0.0001261365757 3.023e-06
474.1251715 0.0001313068859 3.788e-06
474.1251702 0.0001258441807 3.776e-06
474.1251723 0.0001204904926 5.843e-06
474.1251694 0.000126110941 2.976e-06
474.1251721 0.0001268696566 4.583e-06
474.125171 0.0001305787008 3.947e-06
474.1251681 0.0001235071399 3.134e-06
474.1251707 0.0001258293076 3.056e-06
474.1251697 0.0001253131503 2.773e-06
474.1251713 0.0001292511957 3.364e-06
474.1251723 0.0001300284672 3.276e-06
474.1251718 0.0001268689835 3.672e-06
474.1251721 0.0001395020229 5.042e-06
474.1251705 0.0001338253921 3.398e-06
474.1251715 0.0001381772816 3.464e-06
474.1251699 0.0001313814318 3.53e-06
474.1251678 0.0001345589809 2.904e-06
474.1251723 0.0001230059889 4.054e-06
474.1251721 0.0001275095689 4.574e-06
474.1251718 0.0001295687574 3.369e-06
474.125171 0.0001361570071 3.826e-06
474.1251713 0.0001332660554 3.999e-06
474.1251702 0.0001319774661 3.288e-06
474.1251723 0.0001251372925 4.846e-06
474.1251707 0.0001306012078 3.11e-06
474.1251715 0.0001280732896 4.009e-06
474.1251676 0.0001236829848 3.503e-06
474.1251692 0.0001274403771 2.93e-06
474.1251689 0.0001227784612 2.608e-06
474.1279471 0.0001311250029 2.861e-06
474.1279497 0.0001299703455 5.739e-06
474.1279463 0.0001265275062 3.155e-06
474.1279495 0.0001345250386 3.328e-06
474.1279481 0.0001307298235 3.646e-06
474.1279503 0.000127692638 5.587e-06
474.1279474 0.0001272283966 3.204e-06
474.12795 0.0001218825258 4.999e-06
474.1279489 0.0001333919511 3.463e-06
474.127946 0.0001250937554 2.808e-06
474.1279487 0.0001266432642 3.089e-06
474.1279476 0.0001241223168 2.931e-06
474.1279492 0.000126292804 2.698e-06
474.1279503 0.0001318559287 4.026e-06
474.1279497 0.0001285335227 3.628e-06
474.12795 0.0001350871298 5.289e-06
474.1279484 0.0001270851896 3.074e-06
474.1279495 0.0001248557669 3.462e-06
474.1279479 0.0001275874761 3.074e-06
474.1279458 0.0001233914644 2.966e-06
474.1279503 0.0001330318176 4.113e-06
474.12795 0.000129180396 3.937e-06
474.1279497 0.0001241390403 3.14e-06
474.1279489 0.0001252941085 3.751e-06
474.1279492 0.000118936676 3.435e-06
474.1279481 0.000127611495 3.611e-06
474.1279503 0.0001291365131 4.914e-06
474.1279487 0.0001273141494 2.609e-06
474.1279495 0.0001290552388 3.077e-06
474.1279455 0.0001265598961 3.236e-06
474.1279471 0.0001286702007 2.374e-06
474.1279468 0.0001269998678 3.231e-06
474.1307252 0.0001224153731 2.865e-06
474.1307279 0.0001153276022 5.439e-06
474.1307244 0.0001168582568 3.053e-06
474.1307276 0.0001298514092 3.347e-06
474.1307263 0.0001281884547 3.853e-06
474.1307284 0.0001247159048 6.008e-06
474.1307281 0.0001208305837 5.975e-06
474.1307271 0.0001247209984 3.857e-06
474.1307242 0.0001225697389 3.046e-06
474.1307268 0.0001177584059 2.583e-06
474.1307257 0.0001224811924 3.217e-06
474.1307273 0.0001206979232 2.806e-06
474.1307284 0.000123213393 4.536e-06
474.1307279 0.0001259546534 4.571e-06
474.1307281 0.00012348543 4.491e-06
474.1307265 0.0001292308586 3.204e-06
474.1307276 0.0001265881989 3.247e-06
474.130726 0.0001214700757 2.783e-06
474.1307239 0.0001222596683 3.412e-06
474.1307284 0.0001253969413 3.59e-06
474.1307281 0.0001209655031 4.696e-06
474.1307279 0.0001235481815 3.129e-06
474.1307271 0.0001324773321 3.608e-06
474.1307273 0.0001153661529 3.376e-06
474.1307263 0.0001205225786 3.622e-06
474.1307284 0.0001244034437 4.77e-06
474.1307268 0.0001211218857 2.738e-06
474.1307276 0.0001259381326 2.633e-06
474.1307236 0.0001158722377 3.52e-06
474.1307252 0.0001201833767 2.731e-06
474.130725 0.0001233634548 3.191e-06
474.1335037 0.0001122737275 2.437e-06
474.1335063 0.0001032927968 5.567e-06
474.1335029 0.0001120136465 2.763e-06
474.133506 0.0001123300911 3.839e-06
474.1335047 0.0001103535275 3.152e-06
474.1335068 0.0001175848699 6.697e-06
474.1335039 0.0001138961198 2.934e-06
474.1335066 0.0001125907192 6.604e-06
474.1335055 0.0001162799042 3.552e-06
474.1335026 0.0001126384472 2.59e-06
474.1335053 0.0001129216882 2.962e-06
474.1335042 0.0001111951144 3.034e-06
474.1335058 0.0001090683316 3.316e-06
474.1335068 0.0001071188148 5.008e-06
474.1335063 0.0001168432544 4.045e-06
474.1335066 0.0001228059249 4.001e-06
474.133505 0.0001118342192 2.829e-06
474.133506 0.0001100663149 2.723e-06
474.1335045 0.0001125480929 3.338e-06
474.1335024 0.0001118052963 2.795e-06
474.1335068 0.0001143741225 4.071e-06
474.1335066 0.0001179119119 5.147e-06
474.1335063 0.0001117014588 3.883e-06
474.1335055 0.0001150624576 3.22e-06
474.1335058 0.0001167275124 3.155e-06
474.1335047 0.000109437836 3.509e-06
474.1335068 0.0001139337564 5.417e-06
474.1335053 0.0001126628658 3.481e-06
474.133506 0.0001141470612 2.872e-06
474.1335021 0.0001141650233 3.341e-06
474.1335037 0.0001153756096 2.674e-06
474.1335034 0.0001099986769 2.596e-06
474.1362805 0.000104252701 2.997e-06
474.1362832 9.94121004e-05 5.343e-06
474.1362798 9.981065074e-05 3.477e-06
474.1362829 0.000106125776 3.835e-06
474.1362816 9.453039882e-05 3.193e-06
474.1362837 0.0001023390829 6.488e-06
474.1362808 9.056425106e-05 3.096e-06
474.1362834 0.0001077827558 4.084e-06
474.1362824 0.0001035774598 2.952e-06
474.1362795 9.013750716e-05 2.886e-06
474.1362821 9.733644775e-05 3.288e-06
474.1362811 9.272472921e-05 2.553e-06
474.1362826 0.0001032008225 3.649e-06
474.1362837 9.896693358e-05 3.857e-06
474.1362832 0.0001069792707 4.722e-06
474.1362834 0.0001010310966 3.594e-06
474.1362819 0.0001059313401 3.073e-06
474.1362829 0.000102745346 3.253e-06
474.1362813 9.908849122e-05 3.231e-06
474.1362792 9.606118482e-05 3.287e-06
474.1362837 0.0001016572922 4.107e-06
474.1362834 0.000103504006 7.927e-06
474.1362832 0.0001017246065 3.491e-06
474.1362824 9.824060069e-05 2.969e-06
474.1362826 9.694110779e-05 3.641e-06
474.1362816 0.0001000454495 3.4e-06
474.1362837 9.805051866e-05 5.085e-06
474.1362821 9.147421433e-05 3.086e-06
474.1362829 9.55903785e-05 3.247e-06
474.136279 9.059866778e-05 3.103e-06
474.1362805 0.000100216857 3.001e-06
474.1362803 0.0001020885069 2.863e-06
474.1390586 7.755050972e-05 3.143e-06
474.1390612 9.063715063e-05 4.384e-06
474.1390578 7.105415112e-05 3.128e-06
474.139061 8.063079297e-05 3.952e-06
474.1390597 7.837566648e-05 3.254e-06
474.1390618 7.773424898e-05 5.416e-06
474.1390589 8.234777984e-05 3.239e-06
474.1390615 8.174109322e-05 4.107e-06
474.1390604 8.284019283e-05 3.069e-06
474.1390576 7.570071068e-05 3.586e-06
474.1390602 8.08132429e-05 3.31e-06
474.1390591 8.277460211e-05 2.766e-06
474.1390607 8.166354616e-05 4.369e-06
474.1390618 7.724898098e-05 3.935e-06
474.1390612 8.749517841e-05 4.19e-06
474.1390615 8.550176685e-05 4.459e-06
474.1390599 8.756041029e-05 3.777e-06
474.139061 8.14326201e-05 3.123e-06
474.1390594 8.216036841e-05 2.934e-06
474.1390573 8.224972282e-05 3.074e-06
474.1390618 8.965000184e-05 4.639e-06
474.1390615 8.983911801e-05 4.586e-06
474.1390612 8.227256598e-05 4.354e-06
474.1390604 8.671282756e-05 3.226e-06
474.1390607 7.922739048e-05 3.745e-06
474.1390597 8.518720889e-05 3.415e-06
474.1390618 8.364181951e-05 4.11e-06
474.1390602 8.149636032e-05 3.193e-06
474.139061 8.055686782e-05 3.535e-06
474.139057 8.244641891e-05 2.878e-06
474.1390586 8.235932463e-05 3.213e-06
474.1390583 8.184882318e-05 3.154e-06
474.1418759 5.40557156e-05 3.549e-06
474.1418786 6.123974623e-05 3.754e-06
474.1418751 6.305052807e-05 3.072e-06
474.1418783 6.472513082e-05 3.234e-06
474.141877 5.996344946e-05 3.165e-06
474.1418791 6.358805693e-05 5.176e-06
474.1418762 5.738245043e-05 2.837e-06
474.1418788 5.989554515e-05 4.072e-06
474.1418778 6.20992408e-05 2.877e-06
474.1418749 5.974398604e-05 3.043e-06
474.1418775 6.315591937e-05 3.396e-06
474.1418765 6.016468746e-05 3.21e-06
474.141878 6.203265169e-05 3.123e-06
474.1418791 6.472933356e-05 4.708e-06
474.1418786 5.717686291e-05 4.052e-06
474.1418788 6.547123364e-05 3.994e-06
474.1418772 6.048326359e-05 3.02e-06
474.1418783 6.184310067e-05 4.209e-06
474.1418767 6.79146079e-05 3.083e-06
474.1418746 6.021844485e-05 3.018e-06
474.1418791 6.545521004e-05 4.54e-06
474.1418788 6.023363301e-05 5.51e-06
474.1418786 6.84346975e-05 2.747e-06
474.1418778 5.93021929e-05 3.567e-06
474.141878 6.147858034e-05 3.54e-06
474.141877 5.885223885e-05 2.984e-06
474.1418791 6.372151266e-05 4.226e-06
474.1418775 6.526605376e-05 2.982e-06
474.1418783 6.489172039e-05 3.226e-06
474.1418743 6.245151363e-05 3.314e-06
474.1418759 5.308378989e-05 2.95e-06
474.1418757 6.053328279e-05 2.731e-06
474.1446139 4.144671129e-05 2.981e-06
474.1446165 3.378063396e-05 4.437e-06
474.1446131 3.908472312e-05 2.799e-06
474.1446163 3.688461482e-05 4.214e-06
474.144615 3.922717173e-05 3.385e-06
474.1446171 5.06141247e-05 4.778e-06
474.1446142 3.50931269e-05 2.652e-06
474.1446168 4.456436627e-05 3.537e-06
474.1446158 3.668766303e-05 2.642e-06
474.1446129 3.614020298e-05 2.931e-06
474.1446155 3.909594489e-05 3.257e-06
474.1446144 4.231887121e-05 2.916e-06
474.144616 3.701347457e-05 3.577e-06
474.1446171 4.782119372e-05 5.335e-06
474.1446165 4.389434543e-05 4.702e-06
474.1446168 3.943601485e-05 3.362e-06
474.1446152 3.850793328e-05 2.877e-06
474.1446163 4.107278368e-05 3.578e-06
474.1446147 3.72827401e-05 2.663e-06
474.1446126 4.179762941e-05 3.121e-06
474.1446171 4.650481558e-05 4.057e-06
474.1446168 3.213702035e-05 4.543e-06
474.1446165 4.175408033e-05 3.323e-06
474.1446158 3.559957993e-05 3.285e-06
474.144616 3.478913318e-05 2.961e-06
474.144615 3.883962269e-05 3.381e-06
474.1446171 3.572616403e-05 4.781e-06
474.1446155 4.208126929e-05 3.08e-06
474.1446163 4.282427227e-05 3.457e-06
474.1446123 3.920613947e-05 2.99e-06
474.1446139 4.350872979e-05 3.427e-06
474.1446137 3.550129203e-05 3.173e-06
474.147394 1.039207407e-05 5.285e-06
474.1473914 1.2037431e-05 3.142e-06
474.1473906 1.79031261e-05 3.107e-06
474.1473937 1.708044082e-05 4.166e-06
474.1473924 1.321106799e-05 3.096e-06
474.1473916 1.275394421e-05 3.444e-06
474.1473943 1.479618357e-05 4.227e-06
474.1473932 2.239751505e-05 3.23e-06
474.1473903 1.309007172e-05 3.294e-06
474.1473929 1.824199789e-05 3.36e-06
474.1473919 2.144172797e-05 3.078e-06
474.1473935 1.589528501e-05 3.535e-06
474.1473945 2.429312065e-05 4.576e-06
474.147394 1.36621268e-05 4.913e-06
474.1473943 1.858183361e-05 3.467e-06
474.1473927 2.025653755e-05 3.54e-06
474.1473937 1.513590269e-05 3.701e-06
474.1473921 1.333094182e-05 3.433e-06
474.14739 2.084661532e-05 3.231e-06
474.1473945 1.91187339e-05 3.948e-06
474.1473943 1.232438582e-05 5.384e-06
474.147394 1.702885401e-05 3.282e-06
474.1473932 2.394645501e-05 3.756e-06
474.1473935 2.43661177e-05 3.603e-06
474.1473924 1.925030693e-05 3.21e-06
474.1473945 9.500389834e-06 4.336e-06
474.1473929 1.593684873e-05 4.221e-06
474.1473937 2.071355988e-05 3.752e-06
474.1473898 1.463055418e-05 3.165e-06
474.1473914 1.866899246e-05 3.119e-06
474.1473911 1.656780945e-05 3.266e-06
474.150173 7.902114449e-06 6.336e-06
474.1501704 3.940694604e-06 2.98e-06
474.1501696 -1.399337453e-07 2.759e-06
474.1501728 1.281777122e-06 3.362e-06
474.1501715 2.64749027e-06 2.874e-06
474.1501736 -1.465624822e-05 8.301e-06
474.1501707 -1.746096111e-06 3.407e-06
474.1501733 2.949296112e-06 3.836e-06
474.1501723 1.84118888e-06 3.456e-06
474.1501694 -6.496052848e-06 2.996e-06
474.150172 6.345506042e-07 2.873e-06
474.1501709 -3.54643271e-06 2.796e-06
474.1501725 -3.519464409e-06 3.656e-06
474.1501736 -4.739983947e-06 2.792e-06
474.150173 3.77169354e-06 3.243e-06
474.1501733 -4.863476401e-09 3.233e-06
474.1501717 1.24915658e-06 3.412e-06
474.1501728 -1.836382441e-07 3.018e-06
474.1501712 6.767233084e-07 2.828e-06
474.1501691 -2.818906431e-07 3.395e-06
474.1501736 9.841607981e-07 3.267e-06
474.1501733 -1.764527536e-07 4.098e-06
474.150173 -6.309987308e-07 3.467e-06
474.1501723 1.217758111e-06 3.681e-06
474.1501725 7.773273652e-07 3.449e-06
474.1501715 1.154755814e-06 2.967e-06
474.1501736 -1.880060279e-06 3.78e-06
474.150172 -3.633683472e-07 2.936e-06
474.1501728 -2.592334174e-06 3.89e-06
474.1501688 -9.892476608e-07 3.419e-06
474.1501704 -3.895009727e-06 3.219e-06
474.1501702 -2.294065227e-06 2.898e-06
474.1529495 -2.28282629e-05 3.983e-06
474.1529469 -2.074189049e-05 2.812e-06
474.1529492 -2.369152983e-05 3.004e-06
474.1529461 -2.188301135e-05 2.975e-06
474.1529479 -2.41806467e-05 2.759e-06
474.15295 -2.517745429e-05 6.116e-06
474.1529498 -2.54611747e-05 4.711e-06
474.1529471 -2.496278255e-05 3.1e-06
474.1529487 -2.206968932e-05 3.924e-06
474.1529458 -1.75437467e-05 2.909e-06
474.1529485 -2.671548726e-05 3.793e-06
474.1529474 -1.527672423e-05 3.699e-06
474.152949 -2.407336256e-05 3.655e-06
474.15295 -1.258515921e-05 4.201e-06
474.1529495 -2.280953533e-05 4.492e-06
474.1529498 -1.466027927e-05 3.44e-06
474.1529482 -2.423187138e-05 3.161e-06
474.1529492 -2.094932253e-05 3.261e-06
474.1529477 -2.199934794e-05 3.159e-06
474.1529456 -2.25187925e-05 3.302e-06
474.15295 -2.00924586e-05 3.482e-06
474.1529498 -2.186118323e-05 3.748e-06
474.1529495 -2.267782833e-05 3.85e-06
474.1529487 -2.414353725e-05 3.281e-06
474.152949 -1.705205938e-05 3.248e-06
474.1529479 -2.113910554e-05 3.108e-06
474.15295 -2.667934398e-05 4.358e-06
474.1529485 -2.77685292e-05 2.726e-06
474.1529492 -1.854605352e-05 3.159e-06
474.1529453 -2.718248718e-05 2.85e-06
474.1529469 -2.57891231e-05 3.211e-06
474.1529466 -2.48071354e-05 3.058e-06
474.15573 -3.863397083e-05 4.316e-06
474.1557274 -4.151067856e-05 3.239e-06
474.1557297 -4.330402747e-05 4.242e-06
474.1557266 -4.595371279e-05 2.808e-06
474.1557305 -4.114255014e-05 6.872e-06
474.1557284 -4.294988253e-05 2.625e-06
474.1557303 -4.968984902e-05 5.106e-06
474.1557276 -3.97992442e-05 2.718e-06
474.1557292 -3.985269965e-05 2.95e-06
474.1557263 -4.412287777e-05 3.318e-06
474.1557289 -3.989320974e-05 3.136e-06
474.1557279 -4.266018837e-05 2.96e-06
474.1557295 -3.894166794e-05 3.52e-06
474.1557305 -3.585287093e-05 3.514e-06
474.15573 -4.195633268e-05 3.718e-06
474.1557303 -4.254830623e-05 3.789e-06
474.1557287 -4.365585654e-05 2.869e-06
474.1557297 -3.482432844e-05 4.046e-06
474.1557282 -4.452011164e-05 2.878e-06
474.1557261 -3.90593287e-05 3.2e-06
474.1557305 -4.284487683e-05 4.396e-06
474.1557303 -3.632179472e-05 4.217e-06
474.15573 -4.150188762e-05 3.475e-06
474.1557292 -4.153967333e-05 3.212e-06
474.1557295 -3.976611723e-05 2.852e-06
474.1557284 -3.850829657e-05 2.838e-06
474.1557305 -4.08612855e-05 5.725e-06
474.1557289 -4.038327344e-05 2.766e-06
474.1557297 -4.310229071e-05 3.108e-06
474.1557258 -4.157609213e-05 3.082e-06
474.1557274 -4.156533479e-05 2.724e-06
474.1557271 -3.915481652e-05 2.808e-06
474.158508 -5.714219363e-05 3.252e-06
474.1585053 -5.511880192e-05 3.131e-06
474.1585077 -5.490745462e-05 3.241e-06
474.1585045 -6.195753218e-05 3.089e-06
474.1585064 -5.741604584e-05 2.749e-06
474.1585085 -5.179525728e-05 5.982e-06
474.1585082 -5.531308846e-05 3.746e-06
474.1585056 -6.003187777e-05 3.068e-06
474.1585072 -5.916492791e-05 3.074e-06
474.1585043 -5.676846018e-05 2.563e-06
474.1585069 -5.833094158e-05 2.847e-06
474.1585059 -5.253595123e-05 3.021e-06
474.1585074 -5.720278259e-05 3.624e-06
474.1585085 -5.517735945e-05 4.324e-06
474.158508 -5.558027852e-05 3.429e-06
474.1585082 -5.355125065e-05 3.282e-06
474.1585066 -5.510281876e-05 3.423e-06
474.1585077 -5.538008288e-05 4.082e-06
474.1585061 -5.697521419e-05 3.239e-06
474.158504 -5.157541781e-05 3.018e-06
474.1585085 -5.129007632e-05 5.995e-06
474.1585082 -5.971660815e-05 3.588e-06
474.158508 -5.26698834e-05 3.989e-06
474.1585072 -5.654290064e-05 3.755e-06
474.1585074 -6.397773511e-05 3.001e-06
474.1585064 -5.726679482e-05 3.121e-06
474.1585085 -5.703163465e-05 4.471e-06
474.1585069 -5.499951132e-05 2.928e-06
474.1585077 -5.714314906e-05 3.061e-06
474.1585038 -5.951955649e-05 3.318e-06
474.1585053 -5.885683345e-05 2.97e-06
474.1585051 -6.075711886e-05 2.709e-06
474.1605911 -5.833599652e-05 6.426e-06
474.1605884 -6.036026538e-05 4.636e-06
474.1605908 -5.802783523e-05 4.395e-06
474.1605876 -7.087836661e-05 4.101e-06
474.1605916 -6.367060309e-05 7.401e-06
474.1605895 -6.593388487e-05 4.884e-06
474.1605913 -6.629512322e-05 4.725e-06
474.1605887 -6.746597953e-05 5.196e-06
474.1605903 -6.440286503e-05 3.998e-06
474.1605874 -6.972196354e-05 3.695e-06
474.16059 -6.537190354e-05 3.83e-06
474.160589 -6.927406104e-05 4.201e-06
474.1605905 -6.273024299e-05 3.885e-06
474.1605916 -6.953248539e-05 5.864e-06
474.1605911 -5.809459238e-05 4.772e-06
474.1605913 -6.16967736e-05 4.544e-06
474.1605897 -7.064296214e-05 4.498e-06
474.1605908 -5.464449178e-05 5.327e-06
474.1605892 -6.828024747e-05 4.312e-06
474.1605871 -6.775509585e-05 4.163e-06
474.1605916 -6.177315424e-05 7.944e-06
474.1605913 -6.069952265e-05 5.412e-06
474.1605911 -6.441594095e-05 4.889e-06
474.1605903 -6.242586963e-05 4.745e-06
474.1605905 -6.703251918e-05 4.185e-06
474.1605895 -7.040968928e-05 4.347e-06
474.1605916 -7.080615331e-05 5.688e-06
474.16059 -6.924604051e-05 4.272e-06
474.1605908 -5.785184977e-05 5.012e-06
474.1605869 -7.02481125e-05 3.499e-06
474.1605884 -6.362167792e-05 4.497e-06
474.1605882 -6.179527107e-05 3.755e-06
