652.6670302 0.0001631984111 4.61e-06
652.6670299 0.0001669264185 3.272e-06
652.6670286 0.000166237294 2.426e-06
652.6670304 0.0001584781694 3.115e-06
652.6670307 0.0001724505961 4.158e-06
652.6670294 0.0001656203123 2.94e-06
652.6670291 0.0001701489174 2.945e-06
652.6670296 0.0001705608917 2.521e-06
652.6670307 0.0001740461719 6.71e-06
652.6670302 0.0001672536027 3.061e-06
652.6670304 0.0001619622419 3.046e-06
652.6670288 0.0001691868816 3.238e-06
652.6670299 0.0001662479461 2.418e-06
652.6670283 0.000164010977 3.032e-06
652.6670307 0.0001634537816 4.185e-06
652.6670304 0.0001665707628 3.017e-06
652.6670302 0.0001660702634 3.81e-06
652.6670294 0.0001701509252 3.708e-06
652.6670296 0.0001715282977 3.204e-06
652.6670286 0.0001675770622 2.556e-06
652.6670307 0.0001724533566 4.136e-06
652.6670291 0.0001655946869 3.111e-06
652.6670299 0.0001690750168 2.613e-06
652.6697651 0.0001316263188 2.585e-06
652.6697678 0.0001256251862 4.842e-06
652.6697643 0.0001257763928 2.666e-06
652.6697675 0.0001295319829 2.609e-06
652.6697662 0.0001303721363 2.346e-06
652.6697654 0.0001261342216 2.228e-06
652.669768 0.0001340439361 3.395e-06
652.6697683 0.0001267244148 5.698e-06
652.669767 0.0001307326624 2.664e-06
652.6697641 0.0001304769407 2.852e-06
652.6697667 0.0001246634034 2.355e-06
652.6697657 0.000128505056 2.867e-06
652.6697672 0.0001366151549 2.79e-06
652.6697683 0.000130777181 4.662e-06
652.6697678 0.0001308927698 2.931e-06
652.669768 0.0001293448012 3.33e-06
652.6697664 0.0001310743031 2.382e-06
652.6697675 0.0001298402888 3.102e-06
652.6697659 0.0001338421269 3.154e-06
652.6697638 0.0001322288533 2.639e-06
652.6697683 0.0001336497949 4.096e-06
652.669768 0.0001282416488 3.531e-06
652.6697678 0.0001408318787 3.32e-06
652.669767 0.0001390489466 3.047e-06
652.6697672 0.0001305508844 2.451e-06
652.6697662 0.0001326799825 2.723e-06
652.6697683 0.0001306354523 3.388e-06
652.6697667 0.0001330928863 2.729e-06
652.6697675 0.0001267290063 2.726e-06
652.6697636 0.0001308542029 2.652e-06
652.6697651 0.0001306888235 2.559e-06
652.6697649 0.0001270508287 2.399e-06
652.672543 8.921250147e-05 2.246e-06
652.6725456 9.142585481e-05 3.517e-06
652.6725422 9.210668532e-05 2.474e-06
652.6725454 9.413532383e-05 2.956e-06
652.6725441 9.455725767e-05 2.76e-06
652.6725433 8.817480921e-05 2.613e-06
652.6725462 8.948656782e-05 3.773e-06
652.6725459 9.484899902e-05 3.452e-06
652.6725448 9.44427842e-05 2.48e-06
652.672542 8.667159546e-05 2.374e-06
652.6725446 9.226567919e-05 3.237e-06
652.6725435 9.115876652e-05 2.365e-06
652.6725451 9.607596809e-05 2.88e-06
652.6725462 9.737813361e-05 4.376e-06
652.6725456 9.164032622e-05 3.738e-06
652.6725459 9.373092493e-05 2.522e-06
652.6725443 9.524333244e-05 2.785e-06
652.6725454 9.583820827e-05 3.044e-06
652.6725438 9.393539089e-05 2.562e-06
652.6725417 9.531007989e-05 2.59e-06
652.6725462 9.165398697e-05 3.686e-06
652.6725459 9.769603781e-05 3.256e-06
652.6725456 9.571221445e-05 3.031e-06
652.6725448 9.183108115e-05 2.674e-06
652.6725451 9.395886854e-05 2.602e-06
652.6725441 9.414703131e-05 2.11e-06
652.6725462 9.332987081e-05 3.095e-06
652.6725446 8.97509332e-05 2.912e-06
652.6725454 9.265918383e-05 2.393e-06
652.6725414 8.80219241e-05 2.365e-06
652.672543 8.933983424e-05 2.622e-06
652.6725427 8.762906069e-05 2.084e-06
652.675318 5.110573043e-05 2.364e-06
652.6753207 4.215625607e-05 3.421e-06
652.6753172 4.518817948e-05 2.606e-06
652.6753204 4.843124804e-05 3.258e-06
652.6753191 5.600912858e-05 3.175e-06
652.6753183 5.333487521e-05 2.641e-06
652.6753212 4.922244275e-05 4.727e-06
652.6753209 4.943510856e-05 3.538e-06
652.6753199 5.3440175e-05 2.973e-06
652.675317 4.971386208e-05 2.399e-06
652.6753196 5.179879343e-05 2.475e-06
652.6753185 5.145986727e-05 2.45e-06
652.6753201 5.050603245e-05 2.505e-06
652.6753212 5.757608151e-05 3.502e-06
652.6753207 5.201484452e-05 3.98e-06
652.6753209 4.873234849e-05 2.472e-06
652.6753193 5.084276793e-05 3.147e-06
652.6753204 5.201992761e-05 2.53e-06
652.6753188 5.054917107e-05 2.564e-06
652.6753167 5.549293908e-05 2.568e-06
652.6753212 5.334632496e-05 2.941e-06
652.6753209 6.186690389e-05 3.91e-06
652.6753207 5.455368039e-05 2.842e-06
652.6753199 4.994785653e-05 2.858e-06
652.6753201 5.44371924e-05 2.355e-06
652.6753191 5.086332955e-05 2.089e-06
652.6753212 5.813061753e-05 3.176e-06
652.6753196 4.895982704e-05 2.631e-06
652.6753204 4.864759994e-05 3.119e-06
652.6753164 4.647302442e-05 2.406e-06
652.675318 4.335849239e-05 2.391e-06
652.6753178 5.080266589e-05 2.633e-06
652.6780941 1.183160318e-05 2.599e-06
652.6780967 1.073347355e-05 3.59e-06
652.6780933 1.440000771e-05 2.831e-06
652.6780965 5.966055231e-06 3.226e-06
652.6780952 9.308600857e-06 2.892e-06
652.6780944 1.030056309e-05 2.842e-06
652.678097 1.28809428e-05 3.046e-06
652.6780973 1.170956406e-05 5.403e-06
652.6780959 8.930597395e-06 2.831e-06
652.6780931 1.035121746e-05 2.839e-06
652.6780957 1.198143971e-05 3.054e-06
652.6780946 6.159089228e-06 2.804e-06
652.6780962 1.213523743e-05 2.78e-06
652.6780973 6.515551672e-06 5.008e-06
652.6780967 1.012051748e-05 5.607e-06
652.678097 1.009578338e-05 2.372e-06
652.6780954 1.466710251e-05 2.482e-06
652.6780965 1.178284541e-05 3.106e-06
652.6780949 7.44743283e-06 3.047e-06
652.6780928 1.17936319e-05 2.615e-06
652.6780973 1.148058797e-05 3.417e-06
652.678097 1.12320695e-05 4.992e-06
652.6780967 4.501395533e-06 2.765e-06
652.6780959 1.240759581e-05 3.147e-06
652.6780962 1.034916272e-05 2.929e-06
652.6780952 6.826389991e-06 2.62e-06
652.6780973 1.176726848e-05 5.361e-06
652.6780957 1.35563407e-05 3.392e-06
652.6780965 9.122610044e-06 3.055e-06
652.6780925 7.299015059e-06 2.691e-06
652.6780941 6.218927897e-06 3.035e-06
652.6780938 8.796091337e-06 2.893e-06
652.6808734 -3.639753748e-05 2.641e-06
652.680876 -2.686917444e-05 3.136e-06
652.6808726 -2.555021377e-05 2.544e-06
652.6808757 -3.160867156e-05 3.344e-06
652.6808744 -3.348328528e-05 2.823e-06
652.6808736 -2.891500091e-05 2.638e-06
652.6808763 -2.799992764e-05 2.865e-06
652.6808765 -2.701513377e-05 6.204e-06
652.6808752 -2.645130492e-05 2.271e-06
652.6808723 -3.285874683e-05 2.39e-06
652.6808749 -3.001115255e-05 2.649e-06
652.6808739 -3.474451936e-05 3.043e-06
652.6808755 -2.936955262e-05 2.715e-06
652.6808765 -3.133267728e-05 4.007e-06
652.680876 -2.943440425e-05 3.766e-06
652.6808763 -2.749277593e-05 2.709e-06
652.6808747 -3.325934133e-05 2.699e-06
652.6808757 -2.399494923e-05 3.415e-06
652.6808742 -2.988603195e-05 2.572e-06
652.6808721 -3.236960921e-05 2.177e-06
652.6808765 -2.926845924e-05 2.692e-06
652.6808763 -2.416405556e-05 4.025e-06
652.680876 -2.946663846e-05 2.819e-06
652.6808752 -2.53445968e-05 2.428e-06
652.6808755 -2.907146286e-05 2.501e-06
652.6808744 -2.617962603e-05 2.363e-06
652.6808765 -2.783633889e-05 3.077e-06
652.6808749 -2.90263205e-05 2.918e-06
652.6808757 -2.958313469e-05 2.639e-06
652.6808718 -3.528649179e-05 2.689e-06
652.6808734 -2.84992342e-05 2.615e-06
652.6808731 -2.702765897e-05 2.756e-06
652.6836524 -6.603115733e-05 2.497e-06
652.683655 -6.150941294e-05 3.636e-06
652.6836548 -6.949589977e-05 3.341e-06
652.6836516 -6.771355924e-05 2.285e-06
652.6836535 -6.275235632e-05 3.204e-06
652.6836527 -7.256012529e-05 2.52e-06
652.6836553 -6.706073957e-05 2.947e-06
652.6836556 -6.939974698e-05 4.202e-06
652.6836542 -6.639186977e-05 2.824e-06
652.6836514 -7.039207459e-05 2.33e-06
652.683654 -6.862242593e-05 2.594e-06
652.6836529 -6.846536445e-05 2.187e-06
652.6836545 -6.705117257e-05 2.504e-06
652.6836556 -6.956739264e-05 5.623e-06
652.683655 -6.021890999e-05 4.731e-06
652.6836553 -6.869021835e-05 3.448e-06
652.6836537 -6.575234691e-05 2.885e-06
652.6836548 -6.64276162e-05 1.857e-06
652.6836532 -6.440772336e-05 3.202e-06
652.6836511 -7.09132718e-05 2.568e-06
652.6836556 -7.083179694e-05 2.646e-06
652.6836553 -6.669351578e-05 2.308e-06
652.683655 -6.677428428e-05 3.417e-06
652.6836542 -6.910490417e-05 2.953e-06
652.6836545 -6.464395323e-05 3.049e-06
652.6836535 -6.511505423e-05 2.742e-06
652.6836556 -7.050080428e-05 2.869e-06
652.683654 -7.072352304e-05 3.074e-06
652.6836548 -6.345758647e-05 2.564e-06
652.6836508 -6.791787065e-05 2.569e-06
652.6836524 -6.663449733e-05 2.017e-06
652.6836521 -6.600901757e-05 2.778e-06
652.6857372 -8.991762929e-05 2.766e-06
652.6857396 -9.088048264e-05 4.454e-06
652.6857364 -8.897504628e-05 3.419e-06
652.6857382 -8.787057134e-05 3.387e-06
652.6857403 -9.431203234e-05 9.943e-06
652.6857401 -9.072497053e-05 4.91e-06
652.6857375 -9.382012427e-05 3.038e-06
652.685739 -8.898284565e-05 4.89e-06
652.6857361 -9.4231445e-05 3.343e-06
652.6857388 -9.050277465e-05 3.593e-06
652.6857377 -9.539526697e-05 3.635e-06
652.6857393 -9.544878996e-05 3.329e-06
652.6857403 -8.558517263e-05 4.34e-06
652.6857398 -9.594153206e-05 7.078e-06
652.6857401 -8.3052618e-05 4.754e-06
652.6857385 -8.623058643e-05 4.498e-06
652.6857396 -9.228229525e-05 2.942e-06
652.685738 -8.806390443e-05 4.049e-06
652.6857359 -9.399819927e-05 3.253e-06
652.6857403 -8.63289164e-05 5.147e-06
652.6857401 -9.693317349e-05 4.861e-06
652.6857398 -9.212147745e-05 4.406e-06
652.685739 -8.811289274e-05 3.315e-06
652.6857393 -9.932872474e-05 4.117e-06
652.6857382 -9.62743837e-05 3.386e-06
652.6857403 -9.481963285e-05 3.859e-06
652.6857388 -9.022241214e-05 3.807e-06
652.6857396 -8.908069648e-05 3.886e-06
652.6857356 -8.91001216e-05 3.36e-06
652.6857372 -8.874459018e-05 3.162e-06
652.6857369 -9.444657737e-05 3.377e-06
652.6879213 -0.0001148771691 3.07e-06
652.6879186 -0.0001163728823 2.625e-06
652.687921 -0.0001193258549 4.353e-06
652.6879179 -0.0001188129983 2.132e-06
652.6879197 -0.0001203872379 2.088e-06
652.6879218 -0.0001231833546 5.628e-06
652.6879215 -0.00011405642 3.683e-06
652.6879189 -0.0001184906351 2.102e-06
652.6879205 -0.000111441792 2.709e-06
652.6879176 -0.000118262537 2.204e-06
652.6879202 -0.0001140125644 2.243e-06
652.6879192 -0.0001187420947 2.959e-06
652.6879207 -0.0001205750751 2.496e-06
652.6879218 -0.000116803721 2.966e-06
652.6879213 -0.0001170051468 4.082e-06
652.6879215 -0.0001162246294 2.178e-06
652.68792 -0.0001164334912 2.673e-06
652.687921 -0.000115213628 2.198e-06
652.6879194 -0.000114964273 2.45e-06
652.6879173 -0.0001166018919 2.252e-06
652.6879218 -0.0001154118903 3.166e-06
652.6879215 -0.0001200217597 2.995e-06
652.6879213 -0.0001209699601 3.089e-06
652.6879205 -0.0001161335388 2.348e-06
652.6879207 -0.0001161658711 2.467e-06
652.6879197 -0.0001144777931 2.56e-06
652.6879218 -0.0001164680478 3.088e-06
652.6879202 -0.0001170029118 2.39e-06
652.687921 -0.0001172402587 3.282e-06
652.6879171 -0.0001141449311 2.202e-06
652.6879186 -0.0001207436969 2.476e-06
652.6879184 -0.0001185295361 2.558e-06
652.6906914 -0.0001390790959 3.105e-06
652.6906888 -0.0001456984467 2.372e-06
652.6906912 -0.0001435474397 3.499e-06
652.690688 -0.0001461741214 2.313e-06
652.6906898 -0.0001450663895 2.534e-06
652.6906919 -0.0001446692258 3.785e-06
652.6906917 -0.0001417314562 3.063e-06
652.6906891 -0.0001474388191 2.401e-06
652.6906906 -0.000148230623 3.136e-06
652.6906877 -0.0001477248141 2.088e-06
652.6906904 -0.0001431545132 2.345e-06
652.6906893 -0.0001495045299 2.737e-06
652.6906909 -0.0001471389406 2.662e-06
652.6906919 -0.0001464500761 4.143e-06
652.6906914 -0.0001423803339 3.432e-06
652.6906917 -0.0001449184349 2.144e-06
652.6906901 -0.0001424568806 2.628e-06
652.6906912 -0.0001430753516 2.664e-06
652.6906896 -0.0001419470221 2.454e-06
652.6906875 -0.0001480737005 2.334e-06
652.6906919 -0.0001486418918 4.285e-06
652.6906917 -0.000147416171 5.22e-06
652.6906914 -0.000145393159 2.529e-06
652.6906906 -0.0001425121221 2.369e-06
652.6906909 -0.0001405748583 2.668e-06
652.6906898 -0.0001417593158 2.718e-06
652.6906919 -0.0001479627852 3.357e-06
652.6906904 -0.0001473188399 2.515e-06
652.6906912 -0.0001444467722 3.026e-06
652.6906872 -0.0001458042091 2.765e-06
652.6906888 -0.0001469405574 2.58e-06
652.6906885 -0.0001449766482 2.18e-06
652.6934694 -0.0001728888231 3.937e-06
652.6934668 -0.0001669341038 1.984e-06
652.6934691 -0.0001662688263 2.17e-06
652.693466 -0.0001691121716 1.876e-06
652.6934678 -0.0001701132456 2.663e-06
652.6934699 -0.0001682491205 3.207e-06
652.6934697 -0.000167942986 3.41e-06
652.693467 -0.0001715748456 2.445e-06
652.6934686 -0.0001706994012 2.827e-06
652.6934657 -0.0001729208695 2.296e-06
652.6934683 -0.0001633698496 2.605e-06
652.6934673 -0.0001684600165 2.411e-06
652.6934689 -0.0001651228924 2.515e-06
652.6934699 -0.0001695890403 2.786e-06
652.6934694 -0.000163109129 3.489e-06
652.6934697 -0.0001627838955 3.063e-06
652.6934681 -0.000162234698 3.215e-06
652.6934691 -0.0001653122673 3.37e-06
652.6934676 -0.0001656211479 2.267e-06
652.6934655 -0.000165344664 2.362e-06
652.6934699 -0.000168418684 4.484e-06
652.6934697 -0.0001643305475 3.385e-06
652.6934694 -0.0001653791902 2.759e-06
652.6934686 -0.0001633694689 3.229e-06
652.6934689 -0.0001626924831 2.381e-06
652.6934678 -0.0001631921702 2.557e-06
652.6934699 -0.000176936175 4.545e-06
652.6934683 -0.000165848486 2.61e-06
652.6934691 -0.0001681874734 2.333e-06
652.6934652 -0.0001697283212 2.886e-06
652.6934668 -0.0001614008684 2.624e-06
652.6934665 -0.0001710828193 2.148e-06
652.6962471 -0.0001836800597 4.692e-06
652.6962445 -0.0001863302408 2.577e-06
652.6962469 -0.000187767678 2.494e-06
652.6962437 -0.0001878351198 2.527e-06
652.6962455 -0.0001847248153 2.112e-06
652.6962476 -0.0001895098397 5.417e-06
652.6962474 -0.0001809820871 4.753e-06
652.6962448 -0.0001865844511 2.33e-06
652.6962463 -0.0001845731324 2.569e-06
652.6962434 -0.0001881544821 2.486e-06
652.6962461 -0.0001803630152 2.296e-06
652.696245 -0.0001841787352 2.527e-06
652.6962466 -0.0001819127761 2.9e-06
652.6962476 -0.0001795078697 2.641e-06
652.6962471 -0.0001873106046 3.443e-06
652.6962474 -0.0001849545508 1.699e-06
652.6962458 -0.0001847759848 2.923e-06
652.6962469 -0.0001821341587 2.834e-06
652.6962453 -0.0001826060101 2.621e-06
652.6962432 -0.0001851432905 2.014e-06
652.6962476 -0.0001849668969 4.08e-06
652.6962474 -0.0001802346581 3.323e-06
652.6962471 -0.0001807831196 4.06e-06
652.6962463 -0.0001784505432 3.047e-06
652.6962466 -0.0001875432234 1.931e-06
652.6962455 -0.0001876629207 1.998e-06
652.6962476 -0.0001822112709 5.211e-06
652.6962461 -0.0001868825127 1.897e-06
652.6962469 -0.0001859450327 2.423e-06
652.6962429 -0.0001880342737 2.217e-06
652.6962445 -0.0001831156512 2.745e-06
652.6962442 -0.0001851456666 2.453e-06
652.699021 -0.0001965095345 3.277e-06
652.6990184 -0.0001997492187 2.398e-06
652.6990207 -0.0001950558789 2.218e-06
652.6990176 -0.0002009711265 2.196e-06
652.6990194 -0.0001945661716 2.619e-06
652.6990212 -0.0002056378147 3.706e-06
652.6990215 -0.0001869227218 6.694e-06
652.6990186 -0.0002019577127 2.51e-06
652.6990202 -0.0001954751759 2.331e-06
652.6990173 -0.0002015471982 2.326e-06
652.6990199 -0.0001973966696 2.845e-06
652.6990189 -0.0001980330218 2.649e-06
652.6990205 -0.0002027724072 2.742e-06
652.6990215 -0.0001986724479 3.035e-06
652.699021 -0.000204412527 3.858e-06
652.6990212 -0.0002005373061 1.541e-06
652.6990197 -0.0002010606279 2.837e-06
652.6990207 -0.0001981631276 3.72e-06
652.6990191 -0.0001915017532 3.18e-06
652.699017 -0.0001936100323 2.34e-06
652.6990215 -0.0001918880525 5.237e-06
652.6990212 -0.0002057517943 4.116e-06
652.699021 -0.0001908898198 4.118e-06
652.6990202 -0.0001917611627 3.378e-06
652.6990205 -0.000198208002 1.825e-06
652.6990194 -0.0002007222966 2.071e-06
652.6990215 -0.0001984094654 4.41e-06
652.6990199 -0.0001948691498 2.473e-06
652.6990207 -0.0001944045671 3.373e-06
652.6990168 -0.0002051522085 2.358e-06
652.6990184 -0.0002030211386 2.218e-06
652.6990181 -0.0002018672379 2.124e-06
652.7018036 -0.0002104405107 3.958e-06
652.701801 -0.0002081181873 2.853e-06
652.7018034 -0.0002039730937 2.425e-06
652.7018002 -0.0002066912901 2.07e-06
652.7018021 -0.0002072540232 2.039e-06
652.7018039 -0.0002094033807 3.164e-06
652.7018042 -0.0002046883003 5.187e-06
652.7018013 -0.0002093938487 2.272e-06
652.7018028 -0.0002046052306 2.302e-06
652.7018 -0.0002061764266 2.273e-06
652.7018026 -0.0002066452589 2.314e-06
652.7018015 -0.000206136221 3.074e-06
652.7018031 -0.0002078815205 2.052e-06
652.7018042 -0.0002005403372 4.239e-06
652.7018036 -0.0001968162293 4.852e-06
652.7018039 -0.0002075510683 1.904e-06
652.7018023 -0.0002039550611 2.603e-06
652.7018034 -0.0002077634367 3.687e-06
652.7018018 -0.0002062989717 3.458e-06
652.7017997 -0.0002020441377 2.412e-06
652.7018042 -0.0002009839828 4.943e-06
652.7018039 -0.0002064600812 4.375e-06
652.7018036 -0.0002084772869 3.146e-06
652.7018028 -0.0002068698507 3.013e-06
652.7018031 -0.0002079500336 2.718e-06
652.7018021 -0.0002040870576 2.442e-06
652.7018042 -0.0002024006377 4.386e-06
652.7018026 -0.0002078628263 2.441e-06
652.7018034 -0.0002069707736 3.648e-06
652.7017994 -0.0002083853925 1.999e-06
652.701801 -0.0002094939801 1.968e-06
652.7018007 -0.0002061696289 2.448e-06
652.7045794 -0.000209257172 4.35e-06
652.7045768 -0.0002140190836 2.571e-06
652.7045791 -0.0002035712169 2.478e-06
652.704576 -0.0002075185486 2.194e-06
652.7045778 -0.0002099732228 2.497e-06
652.7045799 -0.0002022036644 4.51e-06
652.7045797 -0.0002093209636 2.372e-06
652.704577 -0.0002097207963 2.852e-06
652.7045786 -0.0002115285652 2.568e-06
652.7045757 -0.0002122945549 2.392e-06
652.7045783 -0.0002082762176 2.241e-06
652.7045773 -0.0002111186987 2.754e-06
652.7045789 -0.000213353167 2.005e-06
652.7045799 -0.0002026322619 6.527e-06
652.7045794 -0.0002098344729 3.775e-06
652.7045797 -0.000206557662 2.337e-06
652.7045781 -0.0002107987129 2.501e-06
652.7045791 -0.0002074298232 3.677e-06
652.7045776 -0.0002047130454 3.238e-06
652.7045755 -0.0002071403017 2.446e-06
652.7045799 -0.0002133969717 5.048e-06
652.7045797 -0.0002110580892 4.299e-06
652.7045794 -0.0002072469116 3.097e-06
652.7045786 -0.0002106812018 3.427e-06
652.7045789 -0.0002126833874 2.849e-06
652.7045778 -0.0002129411452 2.606e-06
652.7045799 -0.0002030519495 3.989e-06
652.7045783 -0.0002091862576 1.938e-06
652.7045791 -0.000217240558 3.208e-06
652.7045752 -0.0002124579509 2.252e-06
652.7045768 -0.0002107780263 2.705e-06
652.7045765 -0.0002076629505 2.823e-06
652.7073583 -0.0002091942513 2.863e-06
652.7073557 -0.0002054178064 2.111e-06
652.707358 -0.0002086770517 2.499e-06
652.7073549 -0.000210414603 2.075e-06
652.7073567 -0.0002086090885 2.583e-06
652.7073586 -0.0002028979053 2.773e-06
652.7073588 -0.0001944441814 5.063e-06
652.7073559 -0.0002101991233 2.786e-06
652.7073575 -0.0002099325932 3.092e-06
652.7073546 -0.0002098290503 1.922e-06
652.7073572 -0.0002110241914 2.152e-06
652.7073562 -0.0002110374043 2.568e-06
652.7073578 -0.0002045335767 2.754e-06
652.7073588 -0.0002081355571 4.576e-06
652.7073583 -0.0002072491376 2.5e-06
652.7073586 -0.0002050482529 2.335e-06
652.707357 -0.0002072664062 2.623e-06
652.707358 -0.0002078760863 3.788e-06
652.7073565 -0.0002035351745 2.323e-06
652.7073544 -0.0002117060333 2.198e-06
652.7073588 -0.0002056174476 4.97e-06
652.7073586 -0.0002106178344 6.395e-06
652.7073583 -0.0002079293591 3.39e-06
652.7073575 -0.0002024292658 3.991e-06
652.7073578 -0.0002125103554 3.186e-06
652.7073567 -0.0002050310133 2.812e-06
652.7073588 -0.0002054066834 2.95e-06
652.7073572 -0.0002091549651 2.289e-06
652.707358 -0.0002051908402 2.948e-06
652.7073541 -0.000208141281 2.523e-06
652.7073557 -0.0002105726188 2.637e-06
652.7073554 -0.0002088578643 2.496e-06
652.7101357 -0.0002059609883 3.791e-06
652.710133 -0.0002036514101 2.424e-06
652.7101354 -0.000206145565 2.475e-06
652.7101322 -0.0002026378452 2.47e-06
652.7101341 -0.0001987821716 2.236e-06
652.7101362 -0.000204327217 7.299e-06
652.7101359 -0.0001965034266 2.816e-06
652.7101333 -0.0001996159308 2.855e-06
652.7101349 -0.0001993279721 4.052e-06
652.710132 -0.0002030050339 2.423e-06
652.7101346 -0.0002020468061 2.328e-06
652.7101336 -0.0002015407565 2.645e-06
652.7101351 -0.0002033313685 2.888e-06
652.7101362 -0.0002012279001 4.227e-06
652.7101357 -0.0002050979846 2.227e-06
652.7101359 -0.0001992466661 3.363e-06
652.7101343 -0.000205669278 2.421e-06
652.7101354 -0.0002038373605 2.773e-06
652.7101338 -0.0001988329698 2.593e-06
652.7101317 -0.0001963453816 2.591e-06
652.7101362 -0.0002095543954 4.28e-06
652.7101359 -0.0002039964121 5.161e-06
652.7101357 -0.0002017283071 2.594e-06
652.7101349 -0.0002031781544 2.93e-06
652.7101351 -0.0001987908447 2.768e-06
652.7101341 -0.0002040923018 2.34e-06
652.7101362 -0.0002026936853 3.633e-06
652.7101346 -0.0002007029905 2.876e-06
652.7101354 -0.0002040856008 2.426e-06
652.7101315 -0.0002080125795 2.516e-06
652.710133 -0.0002001388714 2.23e-06
652.7101328 -0.0002004532841 2.436e-06
652.7129118 -0.0001993295901 5.698e-06
652.7129092 -0.0001915444085 2.278e-06
652.7129116 -0.0001955745726 3.084e-06
652.7129084 -0.0001947974036 1.943e-06
652.7129102 -0.0001907979759 2.536e-06
652.7129121 -0.0001928102804 2.816e-06
652.7129123 -0.0001916467473 4.179e-06
652.7129095 -0.0001893945984 2.854e-06
652.712911 -0.0001921615987 3.027e-06
652.7129081 -0.0001925987893 2.267e-06
652.7129108 -0.0001888124713 2.616e-06
652.7129097 -0.000195140914 2.542e-06
652.7129113 -0.0001940399103 2.386e-06
652.7129123 -0.0001844207775 4.451e-06
652.7129118 -0.0001888428557 3.925e-06
652.7129121 -0.0001901753098 3.605e-06
652.7129105 -0.0001923281536 2.76e-06
652.7129116 -0.0001919638918 2.349e-06
652.71291 -0.000193868444 3.044e-06
652.7129079 -0.0001934057681 2.007e-06
652.7129123 -0.0001863353323 4.15e-06
652.7129121 -0.0001865111739 4.557e-06
652.7129118 -0.0001903313053 2.658e-06
652.712911 -0.0001909192271 2.413e-06
652.7129113 -0.0001910728418 2.766e-06
652.7129102 -0.000188837339 2.395e-06
652.7129123 -0.0001921726969 3.783e-06
652.7129108 -0.00019086773 2.491e-06
652.7129116 -0.0001902849698 2.527e-06
652.7129076 -0.0001948786014 2.058e-06
652.7129092 -0.0001918897165 2.459e-06
652.7129089 -0.0001932866689 2.474e-06
652.7156879 -0.0001722456138 3.07e-06
652.7156852 -0.0001766352825 2.441e-06
652.7156876 -0.0001744086702 2.574e-06
652.7156845 -0.000178697067 2.132e-06
652.7156863 -0.0001733180744 2.635e-06
652.7156881 -0.0001788438659 3.515e-06
652.7156884 -0.0001725589146 3.507e-06
652.7156855 -0.000179955682 2.418e-06
652.7156871 -0.0001759696162 2.128e-06
652.7156842 -0.0001799529635 2.442e-06
652.7156868 -0.0001768254438 2.831e-06
652.7156858 -0.0001801487131 2.567e-06
652.7156873 -0.000178589227 2.392e-06
652.7156884 -0.0001715755898 4.765e-06
652.7156879 -0.0001727070177 3.935e-06
652.7156881 -0.0001718708919 2.554e-06
652.7156866 -0.0001745720277 2.941e-06
652.7156876 -0.0001805006147 2.45e-06
652.715686 -0.0001746766545 2.364e-06
652.7156839 -0.0001768834386 2.379e-06
652.7156884 -0.0001701563581 5.971e-06
652.7156881 -0.0001746731065 3.496e-06
652.7156879 -0.0001756142923 2.652e-06
652.7156871 -0.0001770641449 2.264e-06
652.7156873 -0.0001763841956 2.553e-06
652.7156863 -0.0001764935287 3.07e-06
652.7156884 -0.0001796526154 3.446e-06
652.7156868 -0.0001735277268 3.081e-06
652.7156876 -0.0001734701955 2.479e-06
652.7156837 -0.0001797207855 2.266e-06
652.7156852 -0.0001836140938 2.419e-06
652.715685 -0.0001762149492 2.258e-06
652.7184686 -0.0001558374527 2.972e-06
652.718466 -0.0001528309375 2.6e-06
652.7184683 -0.0001539412917 2.202e-06
652.7184652 -0.0001612112564 2.33e-06
652.718467 -0.0001627611485 2.495e-06
652.7184689 -0.0001560241274 3.503e-06
652.7184662 -0.0001594236898 2.66e-06
652.7184691 -0.0001544137735 5.139e-06
652.7184678 -0.0001559571799 2.793e-06
652.7184649 -0.0001616958236 2.501e-06
652.7184676 -0.0001524726558 2.931e-06
652.7184665 -0.0001633780836 2.565e-06
652.7184681 -0.0001532786082 3.021e-06
652.7184691 -0.00015822264 4.642e-06
652.7184686 -0.0001510438098 3.519e-06
652.7184689 -0.0001590616985 1.772e-06
652.7184673 -0.0001597296464 3.207e-06
652.7184683 -0.0001520820119 3.099e-06
652.7184668 -0.0001592566544 2.937e-06
652.7184647 -0.0001631070089 2.132e-06
652.7184691 -0.0001623472738 5.525e-06
652.7184689 -0.0001584707098 2.88e-06
652.7184686 -0.0001571545833 3.493e-06
652.7184678 -0.0001528320662 2.404e-06
652.7184681 -0.0001619182849 3.354e-06
652.718467 -0.0001527395287 2.629e-06
652.7184691 -0.0001517147002 3.232e-06
652.7184676 -0.000153809138 3.076e-06
652.7184683 -0.0001578238782 2.909e-06
652.7184644 -0.0001615975495 2.237e-06
652.718466 -0.000155795096 2.51e-06
652.7184657 -0.0001585695951 2.084e-06
652.7212433 -0.0001361065369 2.486e-06
652.7212459 -0.0001313237322 3.534e-06
652.7212457 -0.000129595825 2.8e-06
652.7212425 -0.0001381124857 2.581e-06
652.7212443 -0.0001329909833 2.271e-06
652.7212462 -0.0001304280268 3.214e-06
652.7212436 -0.0001345732716 2.664e-06
652.7212464 -0.0001286403351 5.931e-06
652.7212451 -0.0001330896584 2.489e-06
652.7212422 -0.000135268812 2.416e-06
652.7212449 -0.0001352944133 3.481e-06
652.7212438 -0.0001383589016 2.286e-06
652.7212454 -0.0001342722274 4.244e-06
652.7212464 -0.0001303949965 5.92e-06
652.7212459 -0.0001268896263 3.21e-06
652.7212462 -0.000135728253 2.827e-06
652.7212446 -0.0001352017326 1.935e-06
652.7212457 -0.0001326530454 2.52e-06
652.7212441 -0.0001368279601 2.397e-06
652.721242 -0.0001367698019 2.107e-06
652.7212464 -0.0001360708486 2.286e-06
652.7212459 -0.0001339408283 2.119e-06
652.7212462 -0.0001304178914 2.859e-06
652.7212451 -0.0001309713492 2.829e-06
652.7212454 -0.0001373721396 2.826e-06
652.7212443 -0.0001350967 2.619e-06
652.7212464 -0.000132438979 3.852e-06
652.7212449 -0.0001300906272 2.855e-06
652.7212457 -0.0001296532593 2.935e-06
652.7212417 -0.0001343916112 2.437e-06
652.7212433 -0.0001348733903 2.083e-06
652.721243 -0.0001311957383 2.634e-06
652.7240201 -0.00010975224 2.19e-06
652.7240228 -0.000100877728 3.652e-06
652.7240225 -0.0001032062594 2.843e-06
652.7240193 -0.0001048425519 2.352e-06
652.7240212 -0.0001060970596 2.144e-06
652.7240233 -0.0001041836181 6.267e-06
652.724023 -0.0001073570408 3.951e-06
652.7240204 -0.0001075744782 2.489e-06
652.724022 -0.0001032281954 2.921e-06
652.7240191 -0.0001088971671 2.349e-06
652.7240217 -9.943923792e-05 3.216e-06
652.7240207 -0.0001081820628 2.692e-06
652.7240222 -0.000104890774 2.37e-06
652.7240233 -0.0001022111279 4.887e-06
652.7240228 -0.0001025689165 3.143e-06
652.724023 -0.0001080105453 2.073e-06
652.7240214 -0.0001000905776 3.429e-06
652.7240225 -0.000106508791 2.722e-06
652.7240209 -0.0001072277145 2.452e-06
652.7240188 -0.0001064627686 2.071e-06
652.7240233 -0.0001091871651 2.081e-06
652.724023 -0.0001084539947 3.102e-06
652.7240228 -0.0001036406884 3.315e-06
652.724022 -0.0001068639284 3.045e-06
652.7240222 -0.0001059373639 2.952e-06
652.7240212 -0.0001063918737 2.558e-06
652.7240233 -0.0001123303127 3.577e-06
652.7240217 -0.0001005653662 2.982e-06
652.7240225 -0.0001069599179 3.704e-06
652.7240186 -0.0001063487704 2.568e-06
652.7240201 -0.0001034226431 2.217e-06
652.7240199 -0.0001097775195 2.249e-06
652.7268021 -8.028452346e-05 2.834e-06
652.7267994 -7.7485726e-05 2.527e-06
652.7268018 -7.677107195e-05 2.257e-06
652.7267986 -8.048649655e-05 2.168e-06
652.7268005 -7.679044166e-05 2.559e-06
652.7267997 -7.65155569e-05 2.211e-06
652.7268023 -7.154519427e-05 2.878e-06
652.7268026 -6.174037772e-05 8.219e-06
652.7268013 -7.312424004e-05 2.493e-06
652.7267984 -7.917492148e-05 2.207e-06
652.726801 -7.585631028e-05 2.827e-06
652.7268 -7.592982058e-05 1.844e-06
652.7268015 -7.666103177e-05 2.23e-06
652.7268026 -7.714386197e-05 3.133e-06
652.7268021 -7.119411853e-05 4.366e-06
652.7268023 -7.490193487e-05 2.898e-06
652.7268007 -7.451220456e-05 3.038e-06
652.7268018 -7.703268403e-05 1.885e-06
652.7268002 -7.771547918e-05 2.8e-06
652.7267981 -7.926997013e-05 2.244e-06
652.7268026 -7.371588434e-05 3.713e-06
652.7268021 -8.123977595e-05 3.047e-06
652.7268023 -7.366787519e-05 2.405e-06
652.7268013 -7.637074756e-05 2.318e-06
652.7268015 -7.786499999e-05 2.618e-06
652.7268005 -7.461832445e-05 2.51e-06
652.7268026 -8.125411892e-05 3.287e-06
652.726801 -7.785739699e-05 3.176e-06
652.7268018 -7.473344562e-05 3.582e-06
652.7267979 -7.662791543e-05 2.352e-06
652.7267994 -8.185268282e-05 2.338e-06
652.7267992 -7.534633254e-05 2.25e-06
652.7295744 -4.046401362e-05 2.555e-06
652.729577 -4.23460109e-05 2.873e-06
652.7295736 -4.507190734e-05 2.241e-06
652.7295768 -4.521086623e-05 2.687e-06
652.7295754 -4.351321463e-05 2.654e-06
652.7295775 -3.133609149e-05 5.131e-06
652.7295747 -4.471576462e-05 2.129e-06
652.7295773 -4.833875084e-05 2.972e-06
652.7295762 -4.112213244e-05 2.828e-06
652.7295733 -4.41028124e-05 2.189e-06
652.729576 -4.220915902e-05 2.803e-06
652.7295749 -4.491069673e-05 2.732e-06
652.7295765 -3.940974848e-05 3.633e-06
652.7295775 -5.043708123e-05 5.476e-06
652.729577 -4.176176916e-05 3.433e-06
652.7295773 -3.472527363e-05 3.424e-06
652.7295757 -4.49767872e-05 2.394e-06
652.7295768 -3.647824802e-05 2.764e-06
652.7295752 -4.5621738e-05 2.698e-06
652.7295731 -4.838454978e-05 2.353e-06
652.7295775 -3.810568168e-05 3.895e-06
652.729577 -4.70709087e-05 2.975e-06
652.7295773 -4.69568948e-05 3.124e-06
652.7295762 -4.069446623e-05 2.997e-06
652.7295754 -4.854880789e-05 2.558e-06
652.7295775 -4.272159045e-05 2.719e-06
652.729576 -4.502537019e-05 2.935e-06
652.7295768 -4.51930596e-05 2.166e-06
652.7295728 -4.714256963e-05 1.962e-06
652.7295744 -4.323939258e-05 2.465e-06
652.7295741 -3.815627962e-05 2.773e-06
652.7323535 -9.172319213e-06 2.305e-06
652.7323561 -4.130589725e-06 4.228e-06
652.7323527 -1.162265492e-05 2.244e-06
652.7323558 -2.981515223e-06 3.067e-06
652.7323545 -1.721202127e-06 3.152e-06
652.7323537 -1.148531105e-05 2.349e-06
652.7323564 -6.684366095e-06 2.783e-06
652.7323566 -4.694532925e-06 3.864e-06
652.7323553 -5.299899329e-06 3.167e-06
652.7323524 -7.975471807e-06 2.134e-06
652.732355 -5.29868622e-06 2.994e-06
652.732354 -1.159742763e-05 2.101e-06
652.7323556 -1.214456898e-05 2.994e-06
652.7323566 -2.909241411e-06 3.561e-06
652.7323561 -1.192466429e-05 3.292e-06
652.7323564 -5.787729816e-06 3.45e-06
652.7323548 -8.155947678e-06 3.167e-06
652.7323558 -8.37391842e-06 3.05e-06
652.7323543 -5.266145523e-06 2.371e-06
652.7323521 -5.679579379e-06 2.543e-06
652.7323566 -2.591842627e-06 3.47e-06
652.7323561 -8.745150901e-06 2.955e-06
652.7323564 -1.134865505e-05 3.597e-06
652.7323553 -2.162746561e-06 2.818e-06
652.7323556 -1.207509176e-06 3.071e-06
652.7323545 -2.052107312e-06 3.001e-06
652.7323566 -5.132874767e-06 2.897e-06
652.732355 -8.356949745e-06 2.449e-06
652.7323558 2.290013905e-07 3.332e-06
652.7323519 -1.224849075e-05 2.326e-06
652.7323535 -1.211455135e-05 2.181e-06
652.7323532 -7.576127303e-06 2.594e-06
652.735134 3.025357118e-05 2.305e-06
652.7351367 2.820905121e-05 2.637e-06
652.7351332 2.878668292e-05 2.501e-06
652.7351364 2.890864536e-05 2.666e-06
652.7351351 2.821737413e-05 2.705e-06
652.7351343 2.89142567e-05 2.591e-06
652.7351372 3.390854926e-05 4.922e-06
652.7351369 3.626772162e-05 4.277e-06
652.7351359 3.496013266e-05 2.945e-06
652.735133 2.948955021e-05 2.121e-06
652.7351356 3.204292179e-05 2.878e-06
652.7351346 2.901000326e-05 2.425e-06
652.7351361 3.07219645e-05 2.977e-06
652.7351372 2.589694422e-05 3.863e-06
652.7351367 3.737556267e-05 3.215e-06
652.7351369 3.160666401e-05 2.758e-06
652.7351353 2.789617007e-05 2.72e-06
652.7351364 2.975725434e-05 3.075e-06
652.7351348 3.046837976e-05 2.738e-06
652.7351327 3.192579629e-05 2.437e-06
652.7351372 3.216989838e-05 2.836e-06
652.7351367 2.918993884e-05 2.77e-06
652.7351369 3.486759359e-05 5.317e-06
652.7351359 3.690656244e-05 3.086e-06
652.7351361 3.69237157e-05 3.519e-06
652.7351351 3.24690129e-05 3.219e-06
652.7351372 2.906119674e-05 2.718e-06
652.7351356 2.657100486e-05 2.452e-06
652.7351364 2.808520307e-05 3.147e-06
652.7351325 2.370848918e-05 2.191e-06
652.735134 2.564560835e-05 2.37e-06
652.7351338 3.202526824e-05 2.395e-06
652.7379096 6.761036109e-05 2.745e-06
652.7379122 7.204180116e-05 3.112e-06
652.7379088 6.942183382e-05 2.213e-06
652.7379119 7.154094941e-05 3.021e-06
652.7379106 7.011597479e-05 2.704e-06
652.7379098 6.546138673e-05 2.606e-06
652.7379124 7.175887761e-05 2.806e-06
652.7379127 6.830542921e-05 5.14e-06
652.7379114 6.614301105e-05 2.674e-06
652.7379085 6.77768799e-05 2.01e-06
652.7379111 6.884682334e-05 2.638e-06
652.7379101 6.260657926e-05 2.457e-06
652.7379117 7.302603215e-05 3.66e-06
652.7379127 7.417288084e-05 3.769e-06
652.7379122 7.425425488e-05 2.862e-06
652.7379124 6.640295992e-05 2.551e-06
652.7379109 7.019426132e-05 2.61e-06
652.7379119 6.855244911e-05 2.851e-06
652.7379103 6.472375225e-05 2.395e-06
652.7379082 6.657282518e-05 1.952e-06
652.7379127 6.582201902e-05 3.785e-06
652.7379122 7.03430295e-05 2.72e-06
652.7379124 6.90124892e-05 3.155e-06
652.7379117 6.643101732e-05 3.502e-06
652.7379106 7.25423095e-05 2.899e-06
652.7379127 6.854048324e-05 3.594e-06
652.7379111 7.008776138e-05 2.62e-06
652.737908 6.441438124e-05 2.271e-06
652.7379119 7.040710521e-05 3.057e-06
652.7379096 6.60594952e-05 2.507e-06
652.7379093 6.499713179e-05 2.155e-06
652.7406863 0.0001071428246 2.533e-06
652.740689 0.0001059451414 3.757e-06
652.7406855 0.0001016280686 1.993e-06
652.7406887 0.0001089779871 3.035e-06
652.7406874 0.0001069535232 2.855e-06
652.7406866 0.0001021351825 2.419e-06
652.7406892 0.0001048684528 3.224e-06
652.7406895 9.993238417e-05 5.724e-06
652.7406882 0.000107713902 2.431e-06
652.7406853 0.0001030158029 2.54e-06
652.7406879 0.0001090370722 2.189e-06
652.7406869 0.0001091414646 2.455e-06
652.7406884 0.000104008323 2.717e-06
652.7406895 0.0001062949592 2.669e-06
652.740689 0.0001049403466 2.471e-06
652.7406892 0.0001077579664 3.363e-06
652.7406877 0.0001057783301 3.023e-06
652.7406887 0.0001041810507 2.482e-06
652.7406871 0.0001053609571 2.454e-06
652.740685 0.0001082944237 2.469e-06
652.7406895 0.0001099177429 3.714e-06
652.740689 0.000104144181 2.376e-06
652.7406892 0.0001078705648 2.358e-06
652.7406882 0.0001072638153 3.129e-06
652.7406884 0.0001066665038 2.469e-06
652.7406874 0.0001015193471 2.936e-06
652.7406895 0.000106285755 3.352e-06
652.7406879 0.000105153195 2.495e-06
652.7406848 9.891955704e-05 2.276e-06
652.7406887 0.0001081993095 2.675e-06
652.7406863 0.0001035007114 2.156e-06
652.7406861 0.0001042973712 2.5e-06
652.7434649 0.0001447078031 2.826e-06
652.7434675 0.0001395397677 3.274e-06
652.7434641 0.0001423458475 2.099e-06
652.7434673 0.0001391452748 3.157e-06
652.7434659 0.0001446367837 2.553e-06
652.7434651 0.0001400624823 2.47e-06
652.7434678 0.000141515268 2.339e-06
652.743468 0.0001424173957 4.337e-06
652.7434667 0.0001397519638 2.619e-06
652.7434638 0.0001353572549 2.559e-06
652.7434665 0.0001433250081 3.441e-06
652.7434654 0.0001410829639 2.921e-06
652.743467 0.0001391710156 2.24e-06
652.743468 0.0001462018733 3.196e-06
652.7434675 0.000146374037 2.958e-06
652.7434678 0.0001417493246 2.748e-06
652.7434662 0.0001393511577 2.683e-06
652.7434673 0.0001431923377 3.023e-06
652.7434657 0.0001408282257 2.141e-06
652.7434636 0.0001444283604 2.145e-06
652.743468 0.0001408486335 2.83e-06
652.7434675 0.000138217946 2.814e-06
652.7434678 0.000142506711 2.168e-06
652.7434667 0.0001500087365 3.156e-06
652.743467 0.0001370826047 2.943e-06
652.7434659 0.0001400541203 2.655e-06
652.743468 0.0001336158853 3.469e-06
652.7434665 0.0001372248112 2.82e-06
652.7434633 0.000143350952 2.22e-06
652.7434673 0.0001394925252 3.168e-06
652.7434649 0.0001431062175 2.4e-06
652.7434646 0.0001431903225 2.454e-06
652.746241 0.0001799584139 2.796e-06
652.7462436 0.0001761541482 3.219e-06
652.7462402 0.0001768608749 2.75e-06
652.7462433 0.0001725615679 3.272e-06
652.746242 0.0001762810396 2.776e-06
652.7462412 0.0001739446171 2.421e-06
652.7462439 0.0001739424948 2.662e-06
652.7462441 0.0001707509042 4.775e-06
652.7462428 0.0001740395663 2.956e-06
652.7462399 0.0001697688513 2.612e-06
652.7462426 0.0001740993668 2.488e-06
652.7462415 0.0001745322276 2.675e-06
652.7462431 0.0001777499002 3.155e-06
652.7462441 0.0001811905108 3.697e-06
652.7462436 0.0001715433244 2.9e-06
652.7462439 0.0001767434023 5.125e-06
652.7462423 0.0001694998948 3.022e-06
652.7462433 0.0001733124025 2.498e-06
652.7462418 0.0001761491809 2.452e-06
652.7462397 0.0001723680676 2.433e-06
652.7462441 0.000171260662 3.037e-06
652.7462436 0.0001794451839 3.287e-06
652.7462439 0.0001733683272 3.166e-06
652.7462428 0.0001782455284 3.275e-06
652.7462431 0.0001771781863 2.591e-06
652.746242 0.0001723630812 2.188e-06
652.7462441 0.0001752617393 3.662e-06
652.7462426 0.0001749713533 2.74e-06
652.7462394 0.0001680696152 2.753e-06
652.7462433 0.0001719953748 2.49e-06
652.746241 0.0001767480434 2.303e-06
652.7462407 0.0001673577791 2.434e-06
652.7490182 0.000204539282 2.851e-06
652.7490209 0.0002038670182 3.887e-06
652.7490174 0.0002036034487 2.324e-06
652.7490206 0.0002054691373 3.503e-06
652.7490193 0.0002064192065 3.067e-06
652.7490185 0.0002056380798 2.714e-06
652.7490211 0.0002012069351 3.798e-06
652.7490214 0.0002029099826 4.178e-06
652.7490201 0.0002016436581 2.111e-06
652.7490172 0.0001996034571 2.032e-06
652.7490198 0.0002059284586 2.791e-06
652.7490188 0.0001992770714 2.193e-06
652.7490203 0.000203921462 3.39e-06
652.7490214 0.0002017596446 4.278e-06
652.7490209 0.000204460741 4.3e-06
652.7490211 0.0002005911316 2.663e-06
652.7490195 0.0002050449292 3.095e-06
652.7490206 0.0002030715518 4.218e-06
652.749019 0.0002033918414 2.187e-06
652.7490169 0.0002006701094 2.319e-06
652.7490214 0.0002047147652 3.795e-06
652.7490209 0.0002043954193 2.104e-06
652.7490211 0.0001969947534 3.126e-06
652.7490201 0.0002024787343 3.014e-06
652.7490203 0.0001981029163 2.45e-06
652.7490193 0.0002039363652 2.248e-06
652.7490214 0.0002004771296 2.874e-06
652.7490198 0.0001980459897 3.215e-06
652.7490166 0.0002033281635 2.513e-06
652.7490206 0.0002050885536 2.148e-06
652.7490182 0.000199469023 2.746e-06
652.749018 0.0002006130048 2.453e-06
652.7517971 0.000223882445 1.967e-06
652.7517997 0.000222205432 3.318e-06
652.7517963 0.0002209791155 2.573e-06
652.7517995 0.0002195309511 2.737e-06
652.7517982 0.0002319714613 3.484e-06
652.7517974 0.0002244316079 2.374e-06
652.7518 0.0002263703403 3.072e-06
652.7518003 0.000233262069 3.844e-06
652.7517989 0.0002257797047 2.636e-06
652.7517961 0.0002231041194 2.198e-06
652.7517987 0.0002221810843 2.65e-06
652.7517976 0.0002261657796 2.444e-06
652.7517992 0.0002265073383 3.182e-06
652.7518003 0.0002229517393 4.216e-06
652.7517997 0.0002232590647 2.704e-06
652.7518 0.0002239061398 2.102e-06
652.7517984 0.0002251889592 2.562e-06
652.7517995 0.0002189026352 3.458e-06
652.7517979 0.0002226116806 2.114e-06
652.7517958 0.0002263868406 2.456e-06
652.7518003 0.0002288218473 3.681e-06
652.7517997 0.0002252071814 2.923e-06
652.7518 0.0002303131835 3.8e-06
652.7517989 0.0002300635375 2.606e-06
652.7517992 0.0002261387508 2.754e-06
652.7517982 0.0002251703782 2.717e-06
652.7518003 0.0002249020024 2.411e-06
652.7517987 0.0002267540836 2.608e-06
652.7517955 0.000219631357 2.681e-06
652.7517995 0.0002239414283 2.685e-06
652.7517971 0.0002250838808 2.285e-06
652.7517968 0.0002250957038 2.472e-06
652.7545725 0.0002363626292 1.788e-06
652.7545752 0.0002409447397 4.108e-06
652.7545717 0.000237030801 2.698e-06
652.7545749 0.0002386588874 3.327e-06
652.7545736 0.0002374004993 3.151e-06
652.7545728 0.0002372422376 1.976e-06
652.7545754 0.0002347728382 3.095e-06
652.7545757 0.0002436411406 4.537e-06
652.7545744 0.0002382628318 3.068e-06
652.7545715 0.0002344137742 2.424e-06
652.7545741 0.0002370311782 2.824e-06
652.7545731 0.0002366432009 2.465e-06
652.7545757 0.0002367665913 3.63e-06
652.7545752 0.0002305823224 4.045e-06
652.7545754 0.0002406799833 2.528e-06
652.7545738 0.0002355771253 2.819e-06
652.7545749 0.0002415540478 2.981e-06
652.7545733 0.0002383900622 2.329e-06
652.7545712 0.0002362789072 2.363e-06
652.7545757 0.0002317020538 4.531e-06
652.7545752 0.000237355072 2.834e-06
652.7545754 0.0002379776905 2.662e-06
652.7545744 0.0002402325956 2.771e-06
652.7545746 0.0002323656474 2.664e-06
652.7545736 0.0002380533056 2.966e-06
652.7545741 0.0002369597344 2.461e-06
652.7545757 0.0002430775625 2.739e-06
652.754571 0.0002352585959 2.294e-06
652.7545749 0.0002388213991 2.875e-06
652.7545725 0.0002331553236 2.607e-06
652.7545723 0.0002384921501 1.992e-06
652.7573481 0.0002429063843 2.305e-06
652.7573507 0.0002445210386 3.481e-06
652.7573473 0.0002470658562 2.319e-06
652.7573504 0.0002424181059 3.37e-06
652.7573483 0.0002422093583 1.833e-06
652.757351 0.0002457632851 4.567e-06
652.7573512 0.0002467553223 5.173e-06
652.7573499 0.0002513462068 3.333e-06
652.757347 0.0002402096131 2.141e-06
652.7573497 0.0002417611495 2.479e-06
652.7573486 0.000249337221 2.914e-06
652.7573502 0.0002425875123 2.186e-06
652.7573512 0.0002442668087 3.547e-06
652.7573507 0.000247053092 4.325e-06
652.757351 0.0002442939705 2.602e-06
652.7573494 0.0002420700409 2.682e-06
652.7573504 0.0002441704292 2.336e-06
652.7573489 0.0002396764996 2.362e-06
652.7573468 0.0002460608476 2.313e-06
652.7573512 0.000244897829 5.246e-06
652.757351 0.0002419716439 3.316e-06
652.7573507 0.0002422787394 2.681e-06
652.7573499 0.0002504971809 3.113e-06
652.7573502 0.0002407355382 2.67e-06
652.7573491 0.0002446267418 2.995e-06
652.7573512 0.0002412588837 2.77e-06
652.7573497 0.0002502235064 2.861e-06
652.7573465 0.0002469007047 2.737e-06
652.7573504 0.0002493050583 4.533e-06
652.7573481 0.000242419168 2.253e-06
652.7573478 0.0002416269404 2.265e-06
652.7601302 0.0002367464711 2.735e-06
652.7601328 0.000236347233 3.198e-06
652.7601294 0.0002385694282 2.735e-06
652.7601326 0.000237817957 3.483e-06
652.7601313 0.0002436304766 2.959e-06
652.7601305 0.0002406872277 2.519e-06
652.7601331 0.0002399665387 4.352e-06
652.7601334 0.0002471675936 4.693e-06
652.760132 0.0002410466476 2.699e-06
652.7601292 0.0002360465153 2.204e-06
652.7601318 0.0002442951106 2.278e-06
652.7601307 0.0002394139344 2.594e-06
652.7601323 0.0002401733706 2.548e-06
652.7601334 0.0002426672817 3.339e-06
652.7601328 0.000246845712 5.754e-06
652.7601331 0.0002369898386 3.678e-06
652.7601315 0.000240232526 2.729e-06
652.7601326 0.0002420098057 2.508e-06
652.760131 0.0002381778235 2.528e-06
652.7601289 0.0002362688827 2.033e-06
652.7601334 0.0002376809718 4.802e-06
652.7601331 0.0002428552379 4.312e-06
652.7601328 0.0002390614635 3.123e-06
652.760132 0.0002413894526 3.029e-06
652.7601323 0.0002432187543 2.568e-06
652.7601313 0.000241274689 2.813e-06
652.7601334 0.0002343308044 2.618e-06
652.7601318 0.0002409529154 3.184e-06
652.7601326 0.0002383956355 2.762e-06
652.7601286 0.0002357848707 2.712e-06
652.7601302 0.0002407408541 2.278e-06
652.7601299 0.0002412750403 2.323e-06
652.7629101 0.0002227867128 2.348e-06
652.7629128 0.000233737186 3.75e-06
652.7629093 0.0002263311572 2.238e-06
652.7629125 0.0002246632556 3.204e-06
652.7629112 0.0002229253339 2.633e-06
652.7629104 0.0002207798833 2.505e-06
652.7629133 0.0002274532962 5.201e-06
652.762913 0.0002231868587 3.479e-06
652.762912 0.0002299705773 2.515e-06
652.7629091 0.000224880663 2.13e-06
652.7629117 0.0002232380483 3.119e-06
652.7629107 0.0002207409377 1.972e-06
652.7629122 0.000229982005 2.415e-06
652.7629133 0.0002348430431 3.072e-06
652.7629128 0.0002378467917 4.089e-06
652.762913 0.0002247896724 3.415e-06
652.7629114 0.0002262899944 2.609e-06
652.7629125 0.0002247233573 2.954e-06
652.7629109 0.0002307532449 2.24e-06
652.7629088 0.0002299670063 2.392e-06
652.7629133 0.0002271760925 3.824e-06
652.762913 0.0002299121141 3.169e-06
652.7629128 0.0002278383288 3.628e-06
652.762912 0.0002307788836 2.476e-06
652.7629122 0.0002277447507 2.112e-06
652.7629112 0.0002195449212 2.426e-06
652.7629133 0.0002242657606 2.991e-06
652.7629117 0.000222108382 2.902e-06
652.7629125 0.0002322290145 2.178e-06
652.7629086 0.0002265604758 2.494e-06
652.7629101 0.000227219518 2.604e-06
652.7629099 0.00022635298 2.325e-06
652.7656885 0.0001973937471 3.545e-06
652.7656851 0.0002044216316 2.095e-06
652.7656883 0.0002047806321 2.984e-06
652.7656869 0.0002020226522 3.022e-06
652.7656862 0.0002016242215 2.251e-06
652.765689 0.0002099481383 5.031e-06
652.7656888 0.0002058307023 2.681e-06
652.7656877 0.0002029440093 3.352e-06
652.7656848 0.000203697493 2.258e-06
652.7656875 0.0002058628217 3.177e-06
652.7656864 0.000201273781 2.635e-06
652.765688 0.0002045212339 2.786e-06
652.765689 0.0002061190476 2.612e-06
652.7656885 0.0002058974195 3.096e-06
652.7656888 0.0002007881156 3.391e-06
652.7656872 0.0002049570814 2.648e-06
652.7656883 0.000204086943 2.18e-06
652.7656867 0.0002057916755 2.356e-06
652.765689 0.0002022623565 3.231e-06
652.7656888 0.0001981154802 2.938e-06
652.7656885 0.0002064089463 3.82e-06
652.7656877 0.0002105653898 3.4e-06
652.765688 0.000205113415 3.093e-06
652.7656869 0.0002058925298 2.651e-06
652.765689 0.0002085006524 4.826e-06
652.7656875 0.0002059355027 2.81e-06
652.7656883 0.0002049637146 2.77e-06
652.7656843 0.000205838609 2.921e-06
652.7656859 0.0002015339138 2.461e-06
652.7656856 0.0002039993373 2.184e-06
652.7684603 0.0001771168539 2.113e-06
652.7684629 0.0001843801669 5.218e-06
652.7684595 0.0001758724247 2.53e-06
652.7684627 0.0001836789815 4.357e-06
652.7684613 0.0001776721537 2.706e-06
652.7684606 0.000173961763 2.738e-06
652.7684634 0.0001759386748 5.458e-06
652.7684632 0.0001756156613 2.731e-06
652.7684621 0.0001710255616 2.708e-06
652.7684592 0.0001738867494 2.107e-06
652.7684619 0.000175527105 1.913e-06
652.7684608 0.0001726739248 2.244e-06
652.7684624 0.0001776763103 2.789e-06
652.7684634 0.0001770707424 2.529e-06
652.7684629 0.0001792869364 3.043e-06
652.7684632 0.0001735395395 4.23e-06
652.7684616 0.0001769354766 2.967e-06
652.7684627 0.0001777576333 2.421e-06
652.7684611 0.0001802251697 2.975e-06
652.768459 0.0001754515523 2.126e-06
652.7684634 0.0001750225313 3.032e-06
652.7684632 0.0001711855382 4.41e-06
652.7684629 0.0001731508909 2.863e-06
652.7684621 0.0001814945024 2.791e-06
652.7684624 0.0001780100111 2.853e-06
652.7684613 0.0001738625059 2.647e-06
652.7684634 0.0001814389101 3.879e-06
652.7684619 0.0001811089247 2.904e-06
652.7684627 0.0001729183589 2.935e-06
652.7684587 0.0001755484411 2.397e-06
652.7684603 0.0001743994014 2.109e-06
652.76846 0.00017692175 2.137e-06
652.7712869 0.0001370792513 2.596e-06
652.7712895 0.0001435453352 4.843e-06
652.7712861 0.0001398733752 2.118e-06
652.7712892 0.0001425996347 3.111e-06
652.7712879 0.0001443674696 2.585e-06
652.7712871 0.000138157344 2.267e-06
652.77129 0.0001427389387 4.913e-06
652.7712898 0.000145369027 2.787e-06
652.7712887 0.0001402942545 2.891e-06
652.7712858 0.0001415243995 2.222e-06
652.7712884 0.0001390539039 2.634e-06
652.7712874 0.0001354166473 2.7e-06
652.771289 0.000139753613 2.716e-06
652.77129 0.0001394443511 4.004e-06
652.7712895 0.0001391887493 3.222e-06
652.7712898 0.0001459101492 3.821e-06
652.7712882 0.0001444233289 3.39e-06
652.7712892 0.000146116929 3.594e-06
652.7712877 0.0001443202478 2.59e-06
652.7712856 0.0001398443809 2.645e-06
652.77129 0.00014690196 3.879e-06
652.7712898 0.0001349919964 2.875e-06
652.7712895 0.0001404213054 3.315e-06
652.7712887 0.0001345701391 2.81e-06
652.771289 0.0001374679546 3.477e-06
652.7712879 0.0001433112998 3.23e-06
652.77129 0.0001417293961 3.232e-06
652.7712884 0.0001391836628 3.296e-06
652.7712892 0.0001387596304 2.217e-06
652.7712853 0.000139438072 2.873e-06
652.7712869 0.0001395001899 2.45e-06
652.7712866 0.0001415213273 2.37e-06
652.7740181 0.0001061124499 2.521e-06
652.7740207 9.73145603e-05 2.578e-06
652.7740173 0.0001034020082 2.6e-06
652.7740205 0.0001017030295 3.06e-06
652.7740191 0.0001123758316 3.315e-06
652.7740184 9.801855562e-05 2.335e-06
652.7740212 0.0001081178934 2.391e-06
652.774021 0.0001027244724 2.315e-06
652.7740199 0.0001081511973 2.657e-06
652.774017 0.0001035326321 2.212e-06
652.7740197 0.0001046677482 3.054e-06
652.7740186 0.0001045378199 2.828e-06
652.7740202 0.0001016290142 2.944e-06
652.7740212 0.0001007114841 4.425e-06
652.7740207 0.0001016930551 3.974e-06
652.774021 0.0001038538425 3.502e-06
652.7740194 0.0001051511303 2.715e-06
652.7740205 0.0001070059447 2.673e-06
652.7740189 0.0001040805943 2.65e-06
652.7740168 0.0001066676216 2.269e-06
652.7740212 0.0001021157565 3.994e-06
652.774021 0.0001028066977 3.71e-06
652.7740207 0.0001012592248 2.714e-06
652.7740199 0.0001060633509 2.724e-06
652.7740202 0.0001032860985 3.221e-06
652.7740191 0.0001015625982 2.375e-06
652.7740212 0.0001060506032 3.047e-06
652.7740197 0.0001097669409 2.671e-06
652.7740205 0.0001033797497 3.015e-06
652.7740165 0.0001027994294 2.308e-06
652.7740181 0.0001023377591 2.737e-06
652.7740178 0.0001044796041 2.407e-06
652.7767951 6.473371087e-05 2.549e-06
652.7767977 6.586092502e-05 3.22e-06
652.7767943 5.742142316e-05 2.15e-06
652.7767974 6.546042729e-05 2.937e-06
652.7767961 6.178990538e-05 2.499e-06
652.7767953 6.210280447e-05 2.909e-06
652.7767982 7.461493478e-05 4.997e-06
652.776798 6.037734718e-05 3.36e-06
652.7767969 5.887342297e-05 2.732e-06
652.776794 6.349602858e-05 2.104e-06
652.7767967 6.707404057e-05 3.205e-06
652.7767956 6.040179107e-05 2.549e-06
652.7767972 6.436588572e-05 3.135e-06
652.7767982 6.459022243e-05 5.212e-06
652.7767977 6.43937967e-05 2.81e-06
652.776798 5.777696114e-05 1.981e-06
652.7767964 5.824089957e-05 2.302e-06
652.7767974 6.350814319e-05 2.487e-06
652.7767959 6.387187089e-05 2.737e-06
652.7767938 6.190581445e-05 2.587e-06
652.7767982 6.412501294e-05 2.819e-06
652.776798 6.210285705e-05 2.446e-06
652.7767977 6.136717326e-05 2.847e-06
652.7767969 6.224680529e-05 2.606e-06
652.7767972 6.528188194e-05 2.954e-06
652.7767961 6.309470123e-05 2.96e-06
652.7767982 6.411918246e-05 3.803e-06
652.7767967 6.002255774e-05 2.217e-06
652.7767974 6.581270991e-05 3.097e-06
652.7767935 6.067840439e-05 2.637e-06
652.7767951 5.92717965e-05 2.86e-06
652.7767948 6.134521471e-05 2.787e-06
652.7795718 2.659162643e-05 3.174e-06
652.7795745 1.574279895e-05 3.682e-06
652.779571 2.320405632e-05 2.66e-06
652.7795742 2.012912149e-05 4.828e-06
652.7795729 2.142204466e-05 2.433e-06
652.779575 2.826622608e-05 4.636e-06
652.7795721 2.314190204e-05 3.247e-06
652.7795747 2.982623985e-05 3.315e-06
652.7795737 2.783699304e-05 3.691e-06
652.7795708 2.213160756e-05 2.546e-06
652.7795734 1.601007179e-05 2.936e-06
652.7795724 2.086930811e-05 2.926e-06
652.7795739 3.162630893e-05 2.885e-06
652.779575 3.358765009e-05 3.548e-06
652.7795745 3.087224097e-05 4.128e-06
652.7795747 2.764402022e-05 4.417e-06
652.7795731 2.577278048e-05 2.925e-06
652.7795742 3.099970554e-05 2.849e-06
652.7795726 2.696995086e-05 3.196e-06
652.7795705 2.130754169e-05 2.487e-06
652.779575 2.471789393e-05 3.209e-06
652.7795747 2.290053153e-05 3.949e-06
652.7795745 2.254358964e-05 3.314e-06
652.7795737 2.934551748e-05 3.098e-06
652.7795739 2.319238342e-05 2.853e-06
652.7795729 2.673119104e-05 2.615e-06
652.779575 2.736939827e-05 2.672e-06
652.7795734 2.218105691e-05 2.392e-06
652.7795742 2.870638e-05 3.645e-06
652.7795703 2.021039732e-05 2.402e-06
652.7795718 2.535104555e-05 2.872e-06
652.7795716 2.46644575e-05 2.58e-06
652.7823502 -1.817953311e-05 2.615e-06
652.7823528 -2.005776207e-05 4.171e-06
652.7823494 -2.155062729e-05 2.411e-06
652.7823525 -1.50432643e-05 3.356e-06
652.7823512 -1.635050736e-05 2.81e-06
652.7823504 -1.855160189e-05 2.829e-06
652.7823531 -2.068793576e-05 3.745e-06
652.7823533 -1.579950228e-05 5.307e-06
652.782352 -1.896589776e-05 3.159e-06
652.7823491 -1.979565992e-05 2.376e-06
652.7823518 -1.760484617e-05 2.502e-06
652.7823507 -1.692794075e-05 2.665e-06
652.7823523 -1.826399116e-05 2.962e-06
652.7823533 -1.77027645e-05 2.562e-06
652.7823528 -1.766210758e-05 4.011e-06
652.7823531 -2.099890424e-05 2.504e-06
652.7823515 -1.852487843e-05 2.047e-06
652.7823525 -1.879729532e-05 4.504e-06
652.782351 -1.851734768e-05 2.324e-06
652.7823489 -1.869725013e-05 2.351e-06
652.7823533 -1.494948083e-05 3.213e-06
652.7823531 -1.409251839e-05 3.544e-06
652.7823528 -2.234658827e-05 3.189e-06
652.782352 -1.33365398e-05 2.532e-06
652.7823523 -1.759017502e-05 3.256e-06
652.7823512 -1.798301497e-05 3.108e-06
652.7823533 -1.773407624e-05 3.211e-06
652.7823518 -1.818564804e-05 2.555e-06
652.7823525 -1.835401943e-05 2.981e-06
652.7823486 -2.233236849e-05 2.202e-06
652.7823502 -1.899056822e-05 2.395e-06
652.7823499 -1.742306049e-05 2.063e-06
652.7851278 -5.61323651e-05 2.601e-06
652.7851304 -5.36356526e-05 3.539e-06
652.785127 -5.98879897e-05 2.438e-06
652.7851301 -5.285493406e-05 2.348e-06
652.7851288 -5.755092751e-05 2.461e-06
652.785128 -5.795182872e-05 2.94e-06
652.7851307 -5.584432452e-05 3.328e-06
652.7851309 -5.730718042e-05 4.234e-06
652.7851296 -5.192370496e-05 2.594e-06
652.7851267 -5.405333626e-05 2.291e-06
652.7851294 -5.771083895e-05 2.989e-06
652.7851283 -6.030640359e-05 3.214e-06
652.7851299 -6.022488805e-05 2.301e-06
652.7851309 -5.844104066e-05 3.477e-06
652.7851304 -6.161903553e-05 2.932e-06
652.7851307 -5.742491278e-05 2.105e-06
652.7851291 -5.878901932e-05 2.476e-06
652.7851301 -5.858871121e-05 3.733e-06
652.7851286 -5.159712786e-05 2.631e-06
652.7851265 -5.634448448e-05 2.071e-06
652.7851309 -5.055713507e-05 2.829e-06
652.7851307 -5.472520171e-05 3.501e-06
652.7851304 -5.59082855e-05 3.704e-06
652.7851296 -6.005568981e-05 3.036e-06
652.7851299 -5.577234533e-05 2.543e-06
652.7851288 -5.506828664e-05 2.485e-06
652.7851309 -5.927769627e-05 3.523e-06
652.7851294 -5.824292115e-05 2.443e-06
652.7851301 -5.288594403e-05 3.226e-06
652.7851262 -5.910043405e-05 2.481e-06
652.7851278 -5.793432139e-05 2.274e-06
652.7851275 -6.088574827e-05 2.28e-06
652.7879104 -8.580097419e-05 2.959e-06
652.7879078 -9.373358033e-05 2.185e-06
652.7879102 -8.927329841e-05 3.108e-06
652.787907 -9.117232678e-05 2.746e-06
652.7879089 -9.216687982e-05 2.675e-06
652.7879107 -8.414285426e-05 3.702e-06
652.7879081 -9.042406975e-05 2.244e-06
652.787911 -8.806953803e-05 4.984e-06
652.7879097 -9.277866289e-05 3.135e-06
652.7879068 -8.937174099e-05 2.885e-06
652.7879094 -8.974922387e-05 2.45e-06
652.7879083 -9.075187954e-05 2.296e-06
652.7879099 -9.455000037e-05 2.582e-06
652.787911 -9.110100285e-05 2.948e-06
652.7879104 -8.708670584e-05 4.481e-06
652.7879107 -8.745775117e-05 2.173e-06
652.7879091 -9.13357601e-05 2.262e-06
652.7879102 -8.692108815e-05 2.539e-06
652.7879086 -9.359034419e-05 2.679e-06
652.7879065 -9.325575765e-05 2.171e-06
652.787911 -8.702578307e-05 2.41e-06
652.7879107 -8.620057767e-05 3.406e-06
652.7879104 -9.106918822e-05 2.646e-06
652.7879099 -9.208232918e-05 3.146e-06
652.7879089 -8.957453548e-05 2.663e-06
652.787911 -9.473065379e-05 3.418e-06
652.7879094 -9.024392499e-05 2.544e-06
652.7879102 -9.229063755e-05 3.073e-06
652.7879062 -9.22274566e-05 2.263e-06
652.7879078 -9.204557796e-05 2.143e-06
652.7879076 -9.493223648e-05 2.184e-06
652.7900005 -0.0001221933506 3.53e-06
652.7900031 -0.0001143700235 4.493e-06
652.7900029 -0.0001144663566 2.585e-06
652.7899997 -0.0001099680841 3.983e-06
652.7900016 -0.0001143897293 3.686e-06
652.7900034 -0.000106657094 4.214e-06
652.7900008 -0.0001164800921 3.303e-06
652.7900037 -0.0001125350043 6.449e-06
652.7900024 -0.000113763867 3.57e-06
652.7899995 -0.0001174571385 4.204e-06
652.7900021 -0.0001182553095 2.331e-06
652.790001 -0.0001186138061 3.252e-06
652.7900026 -0.0001148827203 4.621e-06
652.7900037 -0.0001158579275 3.867e-06
652.7900031 -0.0001140751985 5.305e-06
652.7900034 -0.0001158270721 4.429e-06
652.7900018 -0.0001110293253 3.82e-06
652.7900029 -0.0001135671405 3.372e-06
652.7900013 -0.0001134429476 3.388e-06
652.7899992 -0.0001177236191 2.929e-06
652.7900037 -0.0001194888813 4.251e-06
652.7900034 -0.0001192089602 4.802e-06
652.7900031 -0.0001177764804 4.688e-06
652.7900024 -0.0001072313443 3.428e-06
652.7900016 -0.0001172123711 3.558e-06
652.7900037 -0.0001179177099 6.233e-06
652.7900021 -0.0001109491785 3.381e-06
652.7900029 -0.0001217098375 4.152e-06
652.7899989 -0.000123817521 3.22e-06
652.7900005 -0.0001122055417 3.314e-06
652.7900003 -0.0001112990817 3.325e-06
