266.6786058 8.720506979e-06 6.849e-06
266.6786066 2.642658474e-06 9.848e-06
266.6786063 2.051317806e-05 6.912e-06
266.6786055 5.177769545e-06 6.347e-06
266.6786066 1.037790399e-05 1.1175e-05
266.6786061 9.68366865e-06 8.599e-06
266.6786063 2.249692836e-05 8.098e-06
266.6786058 1.561775954e-05 5.497e-06
266.6786066 9.946480483e-06 6.753e-06
266.6786063 2.28178878e-05 8.316e-06
266.6786061 5.609693032e-06 7.985e-06
266.6786055 3.032365653e-07 5.646e-06
266.6786066 1.422634896e-05 7.187e-06
266.6786058 2.020293817e-05 5.271e-06
266.6786063 2.008942567e-05 1.0832e-05
266.681378 1.004732665e-05 4.652e-06
266.6813772 1.218649078e-05 4.932e-06
266.6813804 4.110359031e-06 6.116e-06
266.6813812 1.03387195e-05 9.094e-06
266.6813791 8.458621057e-06 5.772e-06
266.6813783 1.323385185e-05 4.513e-06
266.6813809 -6.753626521e-07 7.613e-06
266.6813799 4.665450856e-06 7.84e-06
266.681377 1.140355125e-05 4.064e-06
266.6813796 -2.471560137e-06 5.282e-06
266.6813786 1.059705369e-05 5.645e-06
266.6813801 1.169738431e-06 6.599e-06
266.6813812 6.542390161e-06 6.469e-06
266.6813807 1.542383988e-05 6.294e-06
266.6813809 1.710324326e-05 7.254e-06
266.6813793 7.625356006e-06 4.635e-06
266.6813804 1.05803842e-05 6.302e-06
266.6813788 1.872385037e-05 4.249e-06
266.6813767 1.120501234e-05 4.041e-06
266.6813812 8.454058349e-06 5.773e-06
266.6813807 1.960010891e-05 6.644e-06
266.6813799 -1.432920545e-06 6.859e-06
266.6813801 2.205519408e-06 6.133e-06
266.6813791 1.094602417e-06 4.428e-06
266.6813812 2.8135784e-06 8.222e-06
266.6813796 7.13342836e-06 5.315e-06
266.6813804 6.493422574e-06 5.37e-06
266.6813765 2.239890074e-05 4.342e-06
266.681378 1.242977602e-05 3.776e-06
266.6813809 1.155820871e-05 1.1981e-05
266.6813778 1.045709935e-05 4.487e-06
266.6841561 5.19095121e-06 5.116e-06
266.6841553 -1.652507034e-06 4.806e-06
266.6841585 -2.766232623e-06 5.469e-06
266.6841592 7.596902702e-06 1.0822e-05
266.6841571 4.972142815e-06 4.869e-06
266.6841563 6.33649721e-06 4.66e-06
266.684159 -1.366997249e-06 8.121e-06
266.6841579 7.871048965e-07 5.423e-06
266.684155 8.825140657e-07 5.414e-06
266.6841577 3.411809924e-06 6.122e-06
266.6841566 2.477569156e-06 5.257e-06
266.6841582 5.139454068e-06 5.569e-06
266.6841592 -1.389182369e-05 8.123e-06
266.6841587 -3.89591803e-06 1.0316e-05
266.684159 1.028271806e-05 9e-06
266.6841574 8.011187146e-06 5.595e-06
266.6841585 6.034669189e-06 6.778e-06
266.6841569 3.522547211e-06 5.763e-06
266.6841548 3.006583686e-06 4.757e-06
266.6841592 1.155380947e-05 8.93e-06
266.6841587 1.485855627e-06 6.443e-06
266.6841579 1.210592618e-05 5.116e-06
266.6841582 -1.405910885e-05 8.004e-06
266.6841571 2.16261966e-06 5.14e-06
266.6841592 -5.520346064e-06 8.094e-06
266.6841577 -5.71801204e-07 4.94e-06
266.6841585 4.960436178e-07 5.595e-06
266.6841545 -3.165256025e-06 4.469e-06
266.6841561 4.781171559e-06 5.232e-06
266.684159 -4.958700022e-07 1.3912e-05
266.6841558 1.396473719e-06 4.42e-06
266.6869337 -1.64146846e-06 4.755e-06
266.6869329 -7.488492462e-06 4.028e-06
266.686936 -1.111194717e-06 5.398e-06
266.6869368 3.218700555e-07 7.933e-06
266.6869347 -5.46022377e-06 4.907e-06
266.6869339 -2.38990788e-06 4.947e-06
266.6869366 -1.570099327e-05 7.853e-06
266.6869355 2.357305606e-06 6.497e-06
266.6869326 2.124156459e-06 4.104e-06
266.6869352 2.415023487e-07 5.387e-06
266.6869342 -4.225403305e-06 4.096e-06
266.6869358 -2.361020366e-06 6.014e-06
266.6869368 -1.243436144e-05 8.793e-06
266.6869363 3.261797294e-06 6.361e-06
266.6869366 2.542587976e-06 7.999e-06
266.686935 4.830961796e-06 7.078e-06
266.686936 4.736268156e-06 6.606e-06
266.6869345 1.322530519e-06 4.603e-06
266.6869324 -1.097364339e-06 3.84e-06
266.6869368 -6.264584866e-07 7.483e-06
266.6869366 9.13207435e-06 9.248e-06
266.6869363 -2.035216587e-05 5.922e-06
266.6869355 -1.009468615e-05 5.486e-06
266.6869358 -1.775900133e-05 5.341e-06
266.6869347 -8.581510624e-06 4.736e-06
266.6869368 -1.461530216e-05 7.824e-06
266.6869352 -3.846840147e-06 5.495e-06
266.686936 -1.454729706e-06 5.249e-06
266.6869321 -2.162160803e-06 3.546e-06
266.6869337 3.847722587e-06 3.745e-06
266.6869366 -9.533941347e-06 9.765e-06
266.6869334 -6.147940494e-06 4.63e-06
266.6897113 -9.717370248e-06 4.693e-06
266.6897105 -1.340633611e-05 3.708e-06
266.6897137 -6.415486992e-06 6.675e-06
266.6897145 -5.975645701e-06 8.62e-06
266.6897124 -1.478128193e-05 4.819e-06
266.6897116 -1.473726982e-05 4.044e-06
266.6897142 -6.462480394e-06 7.296e-06
266.6897132 -5.626006976e-06 4.704e-06
266.6897103 -7.482410932e-07 4.31e-06
266.6897129 -4.267116953e-06 6.534e-06
266.6897119 -1.137103285e-05 4.354e-06
266.6897134 -5.354455494e-06 5.558e-06
266.689714 -5.112229406e-06 8.668e-06
266.6897142 -1.827527659e-05 7.118e-06
266.6897126 -1.176105786e-05 5.492e-06
266.6897137 -1.042554922e-05 5.493e-06
266.6897121 -1.004819739e-05 4.711e-06
266.68971 -2.912010832e-06 4.006e-06
266.6897145 -1.030229283e-07 7.227e-06
266.6897142 3.214788734e-06 8.324e-06
266.689714 -1.327636003e-05 4.813e-06
266.6897132 -1.691159909e-05 5.272e-06
266.6897134 -1.524972913e-05 5.405e-06
266.6897124 -3.64368798e-06 4.478e-06
266.6897145 -1.840008404e-05 7.672e-06
266.6897129 -1.264833088e-05 5.271e-06
266.6897137 -2.712780986e-06 5.134e-06
266.6897098 -8.298557496e-06 3.599e-06
266.6897142 -8.286659591e-06 1.056e-05
266.6897113 -6.000847496e-06 3.955e-06
266.6897111 -8.459426322e-06 4.041e-06
266.692491 -1.401858036e-05 5.064e-06
266.6924933 -1.997245451e-05 5.407e-06
266.6924902 -1.614723576e-05 4.456e-06
266.6924941 -1.176016197e-05 1.0696e-05
266.692492 -8.656071537e-06 5.787e-06
266.6924938 -2.160635043e-05 7.751e-06
266.6924912 -1.590738047e-05 4.459e-06
266.6924928 -1.92289067e-05 5.891e-06
266.6924899 -1.616710171e-05 3.946e-06
266.6924925 -1.921661713e-05 6.174e-06
266.6924915 -1.301477443e-05 4.433e-06
266.6924931 -1.90222612e-05 6.446e-06
266.6924941 -1.5904988e-05 7.336e-06
266.6924936 -1.674682738e-05 6.734e-06
266.6924938 -2.80113764e-05 1.0372e-05
266.6924923 -5.133991331e-06 4.98e-06
266.6924933 -1.282272967e-05 5.823e-06
266.6924917 -1.703176818e-05 5.303e-06
266.6924896 -1.475286823e-05 3.801e-06
266.6924941 -2.416024573e-05 9.397e-06
266.6924938 -1.320399557e-05 7.283e-06
266.6924936 -1.352634953e-05 6.158e-06
266.6924928 -1.119997658e-05 6.071e-06
266.6924931 -2.734077954e-05 5.469e-06
266.692492 -1.380201825e-05 4.813e-06
266.6924941 -1.664753741e-05 6.339e-06
266.6924925 -1.922521571e-05 4.645e-06
266.6924933 -2.13752525e-05 5.221e-06
266.6924894 -1.86857481e-05 4.019e-06
266.6924938 -1.280323999e-05 8.358e-06
266.692491 -1.492849498e-05 4.572e-06
266.6924907 -1.348162258e-05 4.34e-06
266.694619 -2.539133185e-05 5.67e-06
266.6946214 -1.974988351e-05 6.777e-06
266.6946182 -1.041650728e-05 5.523e-06
266.6946201 -2.121036166e-05 6.672e-06
266.6946219 -2.671399472e-05 1.023e-05
266.6946193 -2.806242379e-05 5.766e-06
266.6946208 -2.09247072e-05 8.131e-06
266.694618 -1.677899582e-05 4.624e-06
266.6946206 -3.053359941e-05 9.176e-06
266.6946195 -2.718169736e-05 6.243e-06
266.6946211 -1.857531083e-05 8.153e-06
266.6946222 -1.926687425e-05 1.2091e-05
266.6946216 -9.551464086e-06 1.2952e-05
266.6946219 -9.580876633e-06 8.255e-06
266.6946203 -3.297308091e-05 7.359e-06
266.6946214 -2.526733341e-05 8.98e-06
266.6946198 -2.722300088e-05 8.077e-06
266.6946177 -1.303813684e-05 5.789e-06
266.6946216 -1.043720445e-05 8.466e-06
266.6946208 -2.550144176e-05 7.973e-06
266.6946211 -7.553310309e-06 8.295e-06
266.6946201 -1.491435741e-05 6.695e-06
266.6946222 -1.596868909e-05 1.2092e-05
266.6946206 -1.148526847e-05 7.879e-06
266.6946214 -2.452501911e-05 7.206e-06
266.6946174 -1.519530043e-05 5.175e-06
266.6946219 -2.248553652e-05 1.43e-05
266.694619 -2.977457909e-05 5.848e-06
266.6946187 -2.536737493e-05 6.301e-06
266.6969328 -2.27573231e-05 3.782e-06
266.6969351 -2.403468427e-05 5.937e-06
266.696932 -1.940482433e-05 4.387e-06
266.6969359 -3.339368047e-05 1.0766e-05
266.6969338 -2.359168761e-05 5.676e-06
266.6969356 -2.479671403e-05 8.557e-06
266.696933 -1.460567943e-05 4.535e-06
266.6969346 -2.084986485e-05 6.717e-06
266.6969317 -2.399445501e-05 3.542e-06
266.6969343 -1.988600799e-05 5.8e-06
266.6969333 -1.543060517e-05 4.607e-06
266.6969349 -2.645239784e-05 5.055e-06
266.6969359 -3.420701643e-05 1.0128e-05
266.6969354 -2.170858285e-05 5.884e-06
266.6969356 -2.780771569e-05 5.923e-06
266.6969341 -2.384893476e-05 4.746e-06
266.6969351 -2.655147985e-05 5.035e-06
266.6969335 -2.329612776e-05 4.599e-06
266.6969314 -1.669558039e-05 4.027e-06
266.6969359 -2.854898702e-05 7.391e-06
266.6969356 -2.425367098e-05 7.003e-06
266.6969354 -1.660250396e-05 6.775e-06
266.6969346 -3.131941488e-05 5.129e-06
266.6969349 -1.945734021e-05 6.44e-06
266.6969338 -2.555407549e-05 5.115e-06
266.6969359 -1.614714925e-05 6.894e-06
266.6969343 -1.88837742e-05 5.249e-06
266.6969351 -2.037282961e-05 6.28e-06
266.6969312 -1.809499596e-05 3.348e-06
266.6969356 -3.81620845e-05 7.888e-06
266.6969328 -1.790587291e-05 4.681e-06
266.6969325 -2.004972395e-05 4.372e-06
266.6997115 -2.885402807e-05 4.573e-06
266.6997139 -2.584339885e-05 7.025e-06
266.6997107 -2.208102892e-05 4.012e-06
266.6997147 -2.427314724e-05 1.0576e-05
266.6997126 -2.8356224e-05 5.198e-06
266.6997144 -2.265887587e-05 6.93e-06
266.6997118 -1.917592729e-05 4.412e-06
266.6997134 -3.126898313e-05 5.023e-06
266.6997105 -2.877842919e-05 4.03e-06
266.6997131 -3.52481558e-05 4.873e-06
266.699712 -2.211477297e-05 4.653e-06
266.6997136 -2.572484731e-05 4.972e-06
266.6997147 -2.195209114e-05 7.717e-06
266.6997141 -2.997692158e-05 5.985e-06
266.6997144 -3.109681786e-05 7.799e-06
266.6997128 -3.034716854e-05 5.043e-06
266.6997139 -2.460023927e-05 5.429e-06
266.6997123 -1.934110442e-05 5.274e-06
266.6997102 -1.927125856e-05 4.163e-06
266.6997147 -2.29814531e-05 8.51e-06
266.6997144 -2.276147416e-05 6.969e-06
266.6997141 -2.731305204e-05 6.93e-06
266.6997134 -2.760923442e-05 5.265e-06
266.6997136 -2.418525851e-05 5.47e-06
266.6997126 -2.887535907e-05 4.578e-06
266.6997147 -1.796795962e-05 6.097e-06
266.6997131 -2.431928734e-05 4.692e-06
266.6997139 -2.012984108e-05 6.5e-06
266.6997099 -2.865243073e-05 3.904e-06
266.6997144 -3.945950062e-05 8.664e-06
266.6997115 -2.48391789e-05 4.447e-06
266.6997113 -1.950088242e-05 4.235e-06
266.7024916 -2.284666915e-05 4.14e-06
266.702494 -2.73758545e-05 6.465e-06
266.7024908 -2.721629391e-05 4.444e-06
266.7024927 -3.057479738e-05 4.207e-06
266.7024945 -2.606922279e-05 8.346e-06
266.7024919 -3.086708699e-05 4.817e-06
266.7024934 -2.191051984e-05 5.31e-06
266.7024906 -2.731347777e-05 3.983e-06
266.7024932 -3.225930981e-05 4.405e-06
266.7024921 -2.65451298e-05 4.856e-06
266.7024937 -2.618910991e-05 6.281e-06
266.7024948 -4.186708662e-05 7.533e-06
266.7024942 -2.65041882e-05 7.367e-06
266.7024945 -3.286642098e-05 7.094e-06
266.7024929 -3.265239298e-05 4.518e-06
266.702494 -2.761148005e-05 5.79e-06
266.7024924 -3.088802792e-05 4.13e-06
266.7024903 -2.979902995e-05 3.401e-06
266.7024948 -2.941088138e-05 7.248e-06
266.7024942 -3.709812196e-05 5.973e-06
266.7024934 -3.324635131e-05 5.749e-06
266.7024937 -3.113140958e-05 5.832e-06
266.7024927 -2.375148714e-05 4.247e-06
266.7024948 -3.643264583e-05 5.898e-06
266.7024932 -2.622459241e-05 5.341e-06
266.702494 -3.531738792e-05 7.447e-06
266.70249 -3.520533505e-05 3.301e-06
266.7024945 -3.712488439e-05 8.184e-06
266.7024916 -2.6981329e-05 5.175e-06
266.7024913 -2.892831172e-05 4.337e-06
266.7052652 -3.258687846e-05 4.453e-06
266.7052676 -2.133224879e-05 5.455e-06
266.7052644 -3.032398609e-05 4.505e-06
266.7052684 -4.261960832e-05 1.0201e-05
266.7052663 -2.911742428e-05 4.933e-06
266.7052681 -3.642520746e-05 8.611e-06
266.7052671 -2.968112134e-05 5.002e-06
266.7052642 -2.778832033e-05 4.281e-06
266.7052668 -4.607007443e-05 5.509e-06
266.7052657 -2.850149265e-05 4.406e-06
266.7052673 -2.838002451e-05 5.943e-06
266.7052684 -2.167815955e-05 6.111e-06
266.7052665 -3.36461564e-05 5.865e-06
266.7052676 -3.59974686e-05 7.139e-06
266.705266 -3.705256925e-05 4.325e-06
266.7052639 -3.075734946e-05 3.895e-06
266.7052684 -4.451393631e-05 7.946e-06
266.7052681 -3.784856483e-05 1.0255e-05
266.7052678 -2.514004571e-05 7.306e-06
266.7052671 -3.313521299e-05 6.059e-06
266.7052673 -2.756312246e-05 5.861e-06
266.7052663 -2.664551989e-05 4.253e-06
266.7052668 -2.49439861e-05 4.598e-06
266.7052676 -2.431567708e-05 7.438e-06
266.7052636 -3.603074691e-05 4.423e-06
266.7052681 -3.23953826e-05 9.388e-06
266.7052652 -2.182552307e-05 4.468e-06
266.705265 -3.397534645e-05 4.349e-06
266.7080442 -2.894473449e-05 4.871e-06
266.7080466 -2.063413231e-05 5.773e-06
266.7080434 -2.955264651e-05 4.208e-06
266.7080453 -3.173119797e-05 4.166e-06
266.7080471 -3.479367723e-05 8.295e-06
266.7080445 -3.817259585e-05 5.562e-06
266.708046 -3.824529972e-05 4.832e-06
266.7080432 -3.127802188e-05 4.214e-06
266.7080458 -2.665238972e-05 5.774e-06
266.7080447 -3.49872775e-05 4.074e-06
266.7080463 -4.384742279e-05 7.167e-06
266.7080474 -3.147630287e-05 5.475e-06
266.7080468 -3.274302529e-05 6.473e-06
266.7080471 -3.413159068e-05 5.056e-06
266.7080455 -2.566786252e-05 5.88e-06
266.7080466 -3.361133551e-05 7.003e-06
266.708045 -3.154136974e-05 3.731e-06
266.7080429 -3.072367441e-05 4.512e-06
266.7080474 -2.856895955e-05 6.553e-06
266.7080471 -2.420735905e-05 1.2512e-05
266.7080468 -3.500210755e-05 6.023e-06
266.708046 -3.249328861e-05 4.84e-06
266.7080463 -4.110014775e-05 5.965e-06
266.7080453 -3.180554829e-05 4.852e-06
266.7080474 -2.322464621e-05 8.21e-06
266.7080458 -4.386418147e-05 5.716e-06
266.7080466 -2.213066293e-05 6.842e-06
266.7080426 -2.559641912e-05 4.354e-06
266.7080471 -3.502287284e-05 8.799e-06
266.7080442 -2.718490547e-05 3.857e-06
266.7080439 -3.712615924e-05 4.481e-06
266.7108213 -3.215728256e-05 4.86e-06
266.7108236 -4.202012181e-05 7.613e-06
266.7108205 -2.442721879e-05 4.226e-06
266.7108223 -2.863756994e-05 4.934e-06
266.7108242 -2.921212792e-05 1.088e-05
266.7108215 -3.757620229e-05 4.671e-06
266.7108231 -2.272174533e-05 4.824e-06
266.7108202 -3.182005951e-05 4.539e-06
266.7108229 -3.171817295e-05 5.339e-06
266.7108218 -3.649826524e-05 4.924e-06
266.7108234 -2.123050538e-05 6.367e-06
266.7108244 -3.576831587e-05 6.587e-06
266.7108239 -4.344362184e-05 9.322e-06
266.7108226 -3.139330891e-05 4.877e-06
266.7108236 -4.438462205e-05 5.856e-06
266.7108221 -2.351547589e-05 5.801e-06
266.71082 -3.541942667e-05 4.074e-06
266.7108244 -4.590654084e-05 7.808e-06
266.7108242 -2.904898478e-05 1.1187e-05
266.7108239 -3.266542104e-05 5.516e-06
266.7108231 -2.939955366e-05 5.646e-06
266.7108223 -3.797206142e-05 4.885e-06
266.7108229 -3.488302704e-05 5.9e-06
266.7108236 -3.201124386e-05 5.699e-06
266.7108197 -3.106317312e-05 3.843e-06
266.7108242 -2.272787924e-05 1.0772e-05
266.7108213 -3.718491794e-05 4.161e-06
266.710821 -3.205202497e-05 3.97e-06
266.7135983 -3.611022979e-05 3.829e-06
266.7136007 -3.395929454e-05 7.314e-06
266.7135976 -3.347996432e-05 4.205e-06
266.7136015 -4.62994252e-05 1.125e-05
266.7135994 -2.239509565e-05 5.035e-06
266.7136012 -2.822398333e-05 9.593e-06
266.7135986 -3.480424286e-05 4.344e-06
266.7136002 -3.640977315e-05 6.273e-06
266.7135973 -3.75048166e-05 3.984e-06
266.7135999 -4.277358446e-05 6.585e-06
266.7135989 -3.333975573e-05 4.477e-06
266.7136004 -3.204948121e-05 6.033e-06
266.7136015 -2.973756305e-05 5.928e-06
266.713601 -2.512817196e-05 8.548e-06
266.7136012 -3.22450877e-05 6.312e-06
266.7135997 -3.431452266e-05 5.719e-06
266.7136007 -4.202946177e-05 5.413e-06
266.7135991 -3.580208514e-05 4.856e-06
266.713597 -3.506330682e-05 4.029e-06
266.7136015 -3.334482057e-05 7.072e-06
266.7136012 -3.272867712e-05 7.29e-06
266.713601 -3.509244894e-05 4.641e-06
266.7136002 -2.921799353e-05 5.119e-06
266.7136004 -4.324178038e-05 6.043e-06
266.7135994 -3.220237513e-05 5.632e-06
266.7136015 -4.288818424e-05 7.072e-06
266.7135999 -3.643530637e-05 6.098e-06
266.7136007 -4.15615414e-05 6.699e-06
266.7135968 -3.792994654e-05 3.754e-06
266.7136012 -2.285564924e-05 1.4863e-05
266.7135983 -3.143225484e-05 4.081e-06
266.7135981 -4.321932336e-05 3.996e-06
266.7163765 -3.501347453e-05 3.83e-06
266.7163789 -2.489829472e-05 6.855e-06
266.7163757 -3.266418914e-05 4.74e-06
266.7163797 -3.648998414e-05 1.0416e-05
266.7163776 -3.28301716e-05 5.963e-06
266.7163794 -2.551900779e-05 8.782e-06
266.7163768 -3.244681588e-05 4.185e-06
266.7163783 -3.522811424e-05 4.957e-06
266.7163755 -2.892592324e-05 3.428e-06
266.7163781 -3.396071083e-05 5.822e-06
266.716377 -3.198505448e-05 4.933e-06
266.7163786 -3.738502116e-05 4.88e-06
266.7163797 -2.784581922e-05 6.233e-06
266.7163791 -2.766797148e-05 8.242e-06
266.7163794 -3.162823512e-05 7.027e-06
266.7163778 -2.971051006e-05 5.251e-06
266.7163789 -3.707250864e-05 5.691e-06
266.7163773 -1.958603029e-05 6.117e-06
266.7163752 -2.566363203e-05 3.556e-06
266.7163797 -3.316362739e-05 6.405e-06
266.7163794 -3.452938843e-05 6.238e-06
266.7163791 -3.360883793e-05 5.273e-06
266.7163783 -2.243176368e-05 5.497e-06
266.7163786 -3.310933005e-05 5.602e-06
266.7163776 -2.030049475e-05 5.63e-06
266.7163797 -3.811829215e-05 8.031e-06
266.7163781 -3.556013944e-05 6.356e-06
266.7163789 -3.471453428e-05 7.677e-06
266.7163749 -3.135895736e-05 3.84e-06
266.7163765 -3.050644067e-05 4.505e-06
266.7163762 -2.713538356e-05 4.126e-06
266.7191537 -2.919780094e-05 3.775e-06
266.7191561 -3.25188487e-05 6.868e-06
266.7191529 -2.222441177e-05 4.176e-06
266.7191569 -4.388184884e-05 1.0101e-05
266.7191566 -3.42482988e-05 6.721e-06
266.719154 -3.720944173e-05 4.569e-06
266.7191555 -4.358041751e-05 4.753e-06
266.7191527 -2.421736412e-05 4.402e-06
266.7191553 -3.31745359e-05 6.394e-06
266.7191542 -2.81508901e-05 4.691e-06
266.7191558 -4.054276205e-05 5.316e-06
266.7191569 -2.536578747e-05 6.563e-06
266.7191563 -2.700130625e-05 7.24e-06
266.7191566 -2.410380367e-05 7.005e-06
266.719155 -3.931375823e-05 5.162e-06
266.7191561 -3.132163789e-05 6.199e-06
266.7191545 -3.627890452e-05 5.317e-06
266.7191524 -2.652441216e-05 3.703e-06
266.7191569 -3.487342908e-05 5.803e-06
266.7191566 -3.208797387e-05 5.884e-06
266.7191563 -2.671836268e-05 7.181e-06
266.7191555 -4.439422595e-05 5.774e-06
266.7191558 -4.201400725e-05 5.505e-06
266.7191548 -3.09759773e-05 3.867e-06
266.7191569 -3.418096998e-05 7.093e-06
266.7191553 -2.606623104e-05 4.817e-06
266.7191561 -1.712161795e-05 7.337e-06
266.7191521 -2.934340135e-05 3.585e-06
266.7191566 -3.053654598e-05 1.3678e-05
266.7191537 -3.221494436e-05 4.247e-06
266.7191534 -2.895263995e-05 3.961e-06
266.7219316 -2.220532036e-05 3.865e-06
266.721934 -2.837987451e-05 9.472e-06
266.7219308 -2.534048264e-05 4.746e-06
266.7219327 -2.158976137e-05 6.244e-06
266.7219345 -3.067501207e-05 7.303e-06
266.7219319 -1.659766562e-05 4.471e-06
266.7219334 -2.692496566e-05 5.731e-06
266.7219306 -2.421422552e-05 4.009e-06
266.7219332 -2.630297647e-05 6.109e-06
266.7219321 -2.704713531e-05 4.453e-06
266.7219337 -3.166841827e-05 5.132e-06
266.7219348 -3.270324652e-05 8.904e-06
266.7219345 -3.394446256e-05 6.249e-06
266.7219329 -3.814426527e-05 5.392e-06
266.721934 -2.941050558e-05 7.375e-06
266.7219324 -2.7475229e-05 5.061e-06
266.7219303 -2.153712073e-05 3.761e-06
266.7219348 -2.606266486e-05 5.612e-06
266.7219345 -1.99957697e-05 9.249e-06
266.7219342 -1.623882324e-05 5.934e-06
266.7219334 -2.564427981e-05 5.936e-06
266.7219337 -3.101286932e-05 5.474e-06
266.7219327 -2.293403611e-05 5.286e-06
266.7219348 -4.121155896e-05 8.365e-06
266.7219332 -2.405125487e-05 4.475e-06
266.721934 -2.868952462e-05 3.784e-06
266.72193 -2.895207518e-05 3.907e-06
266.7219345 -2.863893975e-05 1.3596e-05
266.7219316 -2.823366776e-05 4.887e-06
266.7219313 -3.241458086e-05 3.928e-06
266.7247087 -3.270658026e-05 4.529e-06
266.724711 -2.266281541e-05 5.804e-06
266.7247079 -1.906181191e-05 4.331e-06
266.7247118 -2.395115744e-05 1.1363e-05
266.7247097 -1.759302513e-05 4.065e-06
266.7247116 -1.780709582e-05 7.254e-06
266.7247089 -2.415782568e-05 4.062e-06
266.7247105 -1.650780568e-05 5.514e-06
266.7247076 -1.947152595e-05 3.617e-06
266.7247102 -2.433836929e-05 5.716e-06
266.7247092 -3.588834543e-05 4.807e-06
266.7247108 -3.081271601e-05 5.14e-06
266.7247118 -2.523449457e-05 7.661e-06
266.7247113 -1.740877451e-05 7.634e-06
266.7247116 -2.394487536e-05 7.513e-06
266.72471 -2.122760383e-05 4.801e-06
266.724711 -1.524446306e-05 6.467e-06
266.7247095 -2.713636235e-05 5.355e-06
266.7247074 -1.760566205e-05 3.76e-06
266.7247118 -2.944112505e-05 6.061e-06
266.7247116 -2.543032737e-05 7.043e-06
266.7247113 -2.415474168e-05 6.737e-06
266.7247105 -1.759025668e-05 5.646e-06
266.7247108 -1.551126987e-05 6.042e-06
266.7247097 -2.533728036e-05 4.994e-06
266.7247118 -1.483203034e-05 7.48e-06
266.7247102 -2.746347048e-05 4.872e-06
266.724711 -1.539804576e-05 5.958e-06
266.7247071 -2.556868999e-05 4.06e-06
266.7247116 -2.812416816e-05 9.919e-06
266.7247087 -2.247213438e-05 4.568e-06
266.7247084 -2.719596859e-05 3.474e-06
266.7274863 -1.817523888e-05 4.233e-06
266.7274886 -1.604611819e-05 6.279e-06
266.7274855 -1.574680948e-05 4.109e-06
266.7274894 -1.298781044e-05 1.0593e-05
266.7274873 -1.778555596e-05 5.383e-06
266.7274892 -2.418013452e-05 7.683e-06
266.7274865 -1.615294879e-05 4.004e-06
266.7274881 -1.305511915e-05 6.617e-06
266.7274852 -2.635445629e-05 4.294e-06
266.7274878 -2.742076781e-05 5.677e-06
266.7274868 -2.337989187e-05 4.344e-06
266.7274884 -1.240502025e-05 5.645e-06
266.7274894 -1.927142851e-05 8.42e-06
266.7274889 -1.748010917e-05 7.316e-06
266.7274892 -3.174910101e-05 7.257e-06
266.7274876 -2.765858602e-05 5.417e-06
266.7274886 -2.797175555e-05 4.421e-06
266.7274871 -1.942348056e-05 5.034e-06
266.727485 -1.61805573e-05 4.152e-06
266.7274894 -3.034446643e-05 6.92e-06
266.7274892 -1.662253191e-05 6.785e-06
266.7274889 -2.697172348e-05 6.57e-06
266.7274881 -2.449978769e-05 5.176e-06
266.7274884 -1.34630908e-05 4.728e-06
266.7274873 -1.984979178e-05 4.52e-06
266.7274894 -2.471258292e-05 7.447e-06
266.7274878 -1.610140911e-05 4.117e-06
266.7274886 -3.058606508e-05 6.068e-06
266.7274847 -1.505226327e-05 3.701e-06
266.7274892 -1.174465793e-05 8.465e-06
266.7274863 -1.482227598e-05 3.711e-06
266.727486 -1.711878044e-05 3.627e-06
266.7302631 -9.389189952e-06 4.302e-06
266.7302655 -6.064975217e-06 5.414e-06
266.7302623 -1.118148137e-05 4.116e-06
266.7302663 -3.129600552e-05 8.246e-06
266.7302642 -1.459335265e-05 5.478e-06
266.7302634 -2.402232884e-05 4.607e-06
266.730265 -2.66702842e-05 4.967e-06
266.7302621 -1.458694122e-05 3.595e-06
266.7302647 -1.271223472e-05 5.048e-06
266.7302637 -1.929014483e-05 4.535e-06
266.7302652 -2.005674974e-05 6.771e-06
266.7302663 -1.323830496e-05 7.698e-06
266.7302658 -2.210384004e-05 9.369e-06
266.730266 -1.552495892e-05 7.246e-06
266.7302645 -2.475176901e-05 5.899e-06
266.7302655 -1.589441813e-05 4.669e-06
266.7302639 -8.961782777e-06 4.22e-06
266.7302618 -1.196844136e-05 4.36e-06
266.7302663 -1.057856983e-05 7.37e-06
266.730266 -1.75870905e-05 7.523e-06
266.7302658 -1.263369643e-05 5.429e-06
266.730265 -1.150386614e-05 4.948e-06
266.7302652 -7.36396857e-06 6.609e-06
266.7302642 -1.485591745e-05 4.19e-06
266.7302663 -1.622202352e-05 6.901e-06
266.7302647 -9.109415771e-06 4.989e-06
266.7302655 -1.824521748e-05 5.406e-06
266.7302616 -1.098427615e-05 3.589e-06
266.730266 -8.968209669e-06 1.1478e-05
266.7302631 -1.600766589e-05 4.412e-06
266.7302629 -1.016843587e-05 3.835e-06
266.7330443 -6.885758209e-06 4.19e-06
266.7330467 -2.342062876e-05 6.291e-06
266.7330435 -1.374864516e-05 3.997e-06
266.7330475 -5.10454471e-06 8.188e-06
266.7330454 -1.223108308e-05 4.74e-06
266.7330446 -1.126491934e-05 4.302e-06
266.7330472 -1.580528703e-05 5.514e-06
266.7330462 -2.268922022e-05 4.901e-06
266.7330433 -8.214744573e-06 4.363e-06
266.7330459 -1.259204997e-06 5.696e-06
266.7330449 -1.028639788e-05 4.577e-06
266.7330464 -1.386508859e-05 6.006e-06
266.7330475 -1.617366503e-05 7.511e-06
266.733047 -3.795159977e-06 9.064e-06
266.7330472 -8.637225507e-06 9.139e-06
266.7330456 -1.379805358e-05 4.67e-06
266.7330467 -3.759352405e-06 5.387e-06
266.7330451 -7.103281765e-06 3.826e-06
266.733043 6.736503346e-07 3.637e-06
266.7330475 -7.272311412e-06 6.01e-06
266.7330472 -1.181641202e-05 8.316e-06
266.733047 -1.346782125e-05 5.551e-06
266.7330462 -7.403700436e-06 4.324e-06
266.7330464 -1.337534523e-05 6.03e-06
266.7330454 -9.364472282e-06 4.674e-06
266.7330475 -1.945448476e-05 7.455e-06
266.7330459 -7.895457941e-06 5.566e-06
266.7330467 -7.337395816e-06 5.739e-06
266.7330428 -4.370329516e-06 4.07e-06
266.7330443 -1.249984506e-05 4.135e-06
266.7330441 -1.251150513e-05 4.206e-06
266.7358196 -4.812171826e-06 4.188e-06
266.7358188 3.509948921e-06 4.092e-06
266.735822 -5.639137623e-06 5.426e-06
266.7358228 2.55446307e-08 9.622e-06
266.7358207 -6.258421417e-06 3.947e-06
266.7358199 -8.867418445e-06 4.147e-06
266.7358225 -8.059646287e-06 7.28e-06
266.7358215 6.27135321e-08 6.492e-06
266.7358186 -7.26895196e-06 3.737e-06
266.7358212 -7.449561438e-07 4.923e-06
266.7358202 -4.216482543e-06 4.026e-06
266.7358217 -4.554362866e-06 5.518e-06
266.7358228 -1.544267636e-05 7.288e-06
266.7358223 1.815874657e-06 8.927e-06
266.7358225 -1.318870398e-05 8.905e-06
266.7358209 -2.26245772e-06 4.921e-06
266.735822 -1.102914593e-05 5.356e-06
266.7358204 -1.473908848e-06 4.705e-06
266.7358183 -2.917375323e-06 4.019e-06
266.7358228 -1.044102395e-05 7.342e-06
266.7358223 3.273820153e-06 5.782e-06
266.7358215 -1.102307595e-05 5.61e-06
266.7358217 -1.017277965e-05 5.59e-06
266.7358207 1.410051348e-07 4.273e-06
266.7358228 -3.753938711e-06 5.301e-06
266.7358212 -7.665976419e-06 4.745e-06
266.735822 -8.152550954e-06 5.298e-06
266.7358181 -2.724614749e-07 4.111e-06
266.7358196 -1.881851355e-06 4.077e-06
266.7358194 -3.257798373e-06 4.31e-06
266.7385975 1.75312445e-06 4.451e-06
266.7385967 5.200442429e-06 3.684e-06
266.7385999 5.693236182e-06 6.632e-06
266.7386006 4.917945508e-06 6.009e-06
266.7385985 4.310525162e-06 4.474e-06
266.7386004 -1.075325763e-05 8.003e-06
266.7385993 -2.484332075e-07 5.07e-06
266.7385964 7.616702266e-06 3.9e-06
266.7385991 -5.372304816e-06 4.89e-06
266.738598 -2.256847215e-07 4.486e-06
266.7385996 1.750636432e-06 6.406e-06
266.7386006 -1.177943258e-05 6.958e-06
266.7386001 -2.42546139e-06 8.126e-06
266.7386004 -3.934092263e-06 6.361e-06
266.7385988 5.372989493e-06 6.28e-06
266.7385999 5.591943208e-06 6.091e-06
266.7385983 -5.078100355e-08 3.888e-06
266.7385962 1.715512477e-06 3.535e-06
266.7386006 -6.429015328e-06 5.973e-06
266.7386004 -3.313749584e-06 9.771e-06
266.7386001 1.400364434e-05 5.828e-06
266.7385993 5.053454577e-08 5.296e-06
266.7385996 2.358087322e-06 5.35e-06
266.7385985 6.907308819e-06 4.427e-06
266.7386006 7.574890694e-06 5.532e-06
266.7385991 4.295956258e-06 4.627e-06
266.7385999 1.004791309e-05 6.36e-06
266.7385959 -5.45949563e-07 3.469e-06
266.7385975 -4.504633449e-06 4.084e-06
266.7385972 8.029747226e-07 3.909e-06
266.7413756 3.178174062e-06 4.575e-06
266.7413748 1.75770411e-05 3.783e-06
266.7413779 1.183176465e-05 5.932e-06
266.7413787 4.390169129e-06 8.404e-06
266.7413766 4.534678229e-06 4.966e-06
266.7413758 6.637838577e-06 4.794e-06
266.7413785 -7.399897857e-07 7.04e-06
266.7413774 1.288394173e-05 5.402e-06
266.7413745 1.019439677e-06 4.368e-06
266.7413772 6.336466185e-06 4.884e-06
266.7413761 1.367458334e-05 3.963e-06
266.7413777 9.98360585e-06 5.581e-06
266.7413787 5.680965501e-06 6.882e-06
266.7413782 7.109551193e-06 6.238e-06
266.7413785 1.807629847e-05 6.171e-06
266.7413769 1.127411738e-05 4.93e-06
266.7413779 6.536307566e-06 6.769e-06
266.7413764 1.38500193e-05 3.98e-06
266.7413743 1.381188815e-05 3.992e-06
266.7413787 9.274387926e-06 5.88e-06
266.7413785 6.092085651e-06 6.813e-06
266.7413782 1.404083737e-06 5.634e-06
266.7413774 3.425466337e-06 4.978e-06
266.7413777 1.690897742e-05 6.507e-06
266.7413766 5.830691972e-06 5.086e-06
266.7413787 1.046053342e-05 7.033e-06
266.7413772 6.374827943e-06 5.033e-06
266.7413779 6.960435158e-06 5.656e-06
266.741374 5.660575914e-06 4.053e-06
266.7413756 8.041525047e-06 4.201e-06
266.7413785 6.77154908e-06 1.0695e-05
266.7413753 1.817903396e-05 4.436e-06
266.7441526 1.140219153e-05 4.254e-06
266.7441518 1.87052145e-05 3.872e-06
266.7441549 1.359008033e-05 6.591e-06
266.7441557 2.088807097e-05 1.0481e-05
266.7441536 1.535965285e-05 4.556e-06
266.7441528 8.989282147e-06 4.164e-06
266.7441555 2.018554393e-05 7.013e-06
266.7441544 1.021244681e-05 5.344e-06
266.7441515 1.102404043e-05 3.379e-06
266.7441542 1.84155539e-05 4.761e-06
266.7441531 5.77391344e-06 4.702e-06
266.7441547 2.255043407e-06 4.914e-06
266.7441557 3.411431409e-06 7.885e-06
266.7441552 2.020493472e-05 9.742e-06
266.7441555 1.938684151e-05 6.709e-06
266.7441539 1.190963467e-05 5.254e-06
266.7441549 2.381703094e-05 5.596e-06
266.7441534 1.962762975e-05 4.702e-06
266.7441513 1.746905783e-05 3.547e-06
266.7441557 2.341949426e-05 6.828e-06
266.7441555 1.301808725e-05 8.189e-06
266.7441552 1.905428772e-05 6.701e-06
266.7441544 1.928384129e-05 4.309e-06
266.7441547 1.756233095e-05 5.759e-06
266.7441536 2.4442094e-05 5.057e-06
266.7441542 1.533979759e-05 4.608e-06
266.7441549 2.51480994e-05 5.324e-06
266.744151 1.404911781e-05 3.42e-06
266.7441526 1.729135723e-05 3.999e-06
266.7441523 1.494572885e-05 4.524e-06
266.7441555 2.510755141e-05 8.962e-06
266.7469303 2.331929379e-05 3.709e-06
266.7469295 2.631990894e-05 3.714e-06
266.7469327 2.687753227e-05 5.259e-06
266.7469314 1.545810049e-05 4.665e-06
266.7469306 2.267218664e-05 4.201e-06
266.7469332 1.91133431e-05 6.803e-06
266.7469322 1.99344899e-05 5.536e-06
266.7469293 2.319362776e-05 3.817e-06
266.7469319 1.137622111e-05 4.85e-06
266.7469309 2.826627203e-05 4.362e-06
266.7469324 2.129581405e-05 5.577e-06
266.7469335 2.165863047e-05 6.447e-06
266.746933 1.600750068e-05 9.294e-06
266.7469332 3.019198964e-05 6.74e-06
266.7469317 1.597747008e-05 5.141e-06
266.7469327 2.011321332e-05 5.983e-06
266.7469311 3.44493285e-05 4.41e-06
266.746929 2.005563119e-05 4.167e-06
266.7469335 3.553209487e-05 8.594e-06
266.7469332 2.236220406e-05 9.587e-06
266.746933 2.601546517e-05 5.641e-06
266.7469322 1.980840096e-05 5.854e-06
266.7469324 2.137680548e-05 4.851e-06
266.7469314 1.910455618e-05 4.502e-06
266.7469335 1.70157352e-05 6.845e-06
266.7469319 2.212323313e-05 4.601e-06
266.7469327 2.798840346e-05 5.579e-06
266.7469288 2.029958396e-05 3.799e-06
266.7469303 3.063122634e-05 4.323e-06
266.7469301 2.152494215e-05 4.018e-06
266.7469332 1.781655978e-05 9.826e-06
266.749708 2.60299984e-05 4.158e-06
266.7497072 2.555556004e-05 3.75e-06
266.7497104 2.489048638e-05 6.201e-06
266.7497112 3.126843542e-05 1.0314e-05
266.7497091 2.248512157e-05 4.441e-06
266.7497083 3.385496352e-05 4.525e-06
266.7497109 1.367112357e-05 6.879e-06
266.7497099 2.412220705e-05 5.684e-06
266.749707 2.791873674e-05 3.792e-06
266.7497096 3.317369069e-05 4.954e-06
266.7497086 2.465912457e-05 4.556e-06
266.7497101 2.989862343e-05 5.577e-06
266.7497112 3.05123313e-05 7.32e-06
266.7497107 3.334128622e-05 9.89e-06
266.7497109 2.682702859e-05 6.189e-06
266.7497094 3.169398461e-05 4.334e-06
266.7497104 3.459438526e-05 4.653e-06
266.7497088 2.842960596e-05 4.709e-06
266.7497067 3.796470708e-05 3.846e-06
266.7497112 3.281438461e-05 7.854e-06
266.7497109 3.158174258e-05 8.203e-06
266.7497107 2.752005123e-05 5.037e-06
266.7497099 2.863674706e-05 4.66e-06
266.7497101 1.430570059e-05 5.026e-06
266.7497091 2.336238649e-05 4.289e-06
266.7497112 2.961819602e-05 7.662e-06
266.7497096 2.161127811e-05 4.611e-06
266.7497104 2.628429459e-05 7.007e-06
266.7497065 2.458890439e-05 4.024e-06
266.749708 3.222177133e-05 4.279e-06
266.7497078 2.628596951e-05 3.684e-06
266.7497109 3.636344935e-05 9.647e-06
266.7524856 2.69975136e-05 3.912e-06
266.7524848 4.054322032e-05 3.329e-06
266.752488 3.329558904e-05 6.919e-06
266.7524867 3.908285843e-05 4.604e-06
266.7524859 3.547892838e-05 4.246e-06
266.7524885 2.990836864e-05 5.352e-06
266.7524875 3.457747586e-05 5.429e-06
266.7524846 3.644853327e-05 3.347e-06
266.7524872 4.532856995e-05 5.634e-06
266.7524862 2.999145753e-05 4.329e-06
266.7524877 2.739415999e-05 4.899e-06
266.7524888 3.9611329e-05 8.31e-06
266.7524883 4.398144389e-05 7.95e-06
266.7524885 3.812557356e-05 6.711e-06
266.752487 4.04923644e-05 4.178e-06
266.7524864 4.210968306e-05 4.755e-06
266.7524843 3.980557573e-05 3.767e-06
266.7524888 2.892402501e-05 6.529e-06
266.7524885 2.313047039e-05 9.736e-06
266.7524883 4.17422839e-05 5.595e-06
266.7524875 3.998323336e-05 4.888e-06
266.7524877 3.762265291e-05 6.021e-06
266.7524867 3.801618277e-05 4.916e-06
266.7524888 3.047864791e-05 7.871e-06
266.7524872 3.67135847e-05 4.615e-06
266.752488 3.470913354e-05 5.516e-06
266.7524841 3.63786118e-05 4.19e-06
266.7524856 3.48899325e-05 4.845e-06
266.7524854 3.616411925e-05 3.635e-06
266.7524885 2.403766601e-05 1.1053e-05
266.7552633 4.099241705e-05 4.283e-06
266.7552625 4.440466395e-05 4.23e-06
266.7552657 4.915155856e-05 6.419e-06
266.7552644 3.343412463e-05 4.852e-06
266.7552636 3.967937192e-05 4.872e-06
266.7552662 2.868993422e-05 5.409e-06
266.7552652 2.826025923e-05 6.026e-06
266.7552623 3.55689649e-05 4.093e-06
266.7552649 3.723425926e-05 4.526e-06
266.7552639 2.826238106e-05 4.62e-06
266.7552654 3.935582153e-05 5.813e-06
266.7552665 2.654074552e-05 7.705e-06
266.755266 3.745135289e-05 6.272e-06
266.7552662 3.209443921e-05 5.325e-06
266.7552646 3.45483368e-05 4.889e-06
266.7552657 3.36669177e-05 6.479e-06
266.7552641 4.101832987e-05 4.752e-06
266.755262 3.865158172e-05 4.214e-06
266.7552665 4.162887856e-05 9.317e-06
266.7552662 3.829473523e-05 9.368e-06
266.755266 4.150413063e-05 6.445e-06
266.7552652 4.936806832e-05 5.326e-06
266.7552654 2.874150567e-05 5.469e-06
266.7552644 4.013243192e-05 4.34e-06
266.7552665 3.005288705e-05 7.761e-06
266.7552649 4.449896176e-05 5.112e-06
266.7552657 4.044219556e-05 5.882e-06
266.7552618 3.848587499e-05 4.179e-06
266.7552633 3.70831544e-05 4.446e-06
266.7552631 3.015642103e-05 4.541e-06
266.7552662 3.823861702e-05 7.59e-06
266.758041 4.185534536e-05 4.633e-06
266.7580403 4.667897348e-05 4.199e-06
266.7580434 3.133524576e-05 5.78e-06
266.7580421 4.17557605e-05 5.547e-06
266.7580442 2.836806032e-05 1.3678e-05
266.7580413 3.321674186e-05 4.069e-06
266.7580439 3.632097176e-05 6.244e-06
266.7580429 3.522628941e-05 7.012e-06
266.75804 4.276781794e-05 3.702e-06
266.7580426 4.64125809e-05 4.992e-06
266.7580416 4.240129991e-05 4.208e-06
266.7580431 3.874747063e-05 5.979e-06
266.7580442 3.492293351e-05 6.383e-06
266.7580437 4.975326429e-05 6.711e-06
266.7580439 3.615539046e-05 5.055e-06
266.7580424 3.917812469e-05 4.224e-06
266.7580434 3.579152934e-05 7.052e-06
266.7580418 4.900909488e-05 4.995e-06
266.7580397 4.206512659e-05 4.043e-06
266.7580442 3.449272876e-05 6.845e-06
266.7580439 5.181355584e-05 1.0095e-05
266.7580437 3.967948167e-05 6.777e-06
266.7580429 3.785105977e-05 4.569e-06
266.7580431 3.056744742e-05 5.666e-06
266.7580421 3.566298151e-05 6.078e-06
266.7580426 4.465465934e-05 4.673e-06
266.7580442 4.756475938e-05 5.697e-06
266.7580434 4.061117187e-05 7.168e-06
266.7580395 4.882909908e-05 4.314e-06
266.758041 3.460012408e-05 3.935e-06
266.7580408 3.900523154e-05 4.58e-06
266.7580439 3.143846971e-05 1.1289e-05
266.7608187 5.443686026e-05 4.912e-06
266.7608179 4.095667528e-05 4.589e-06
266.760821 3.929590521e-05 5.379e-06
266.7608197 3.023310129e-05 5.016e-06
266.7608189 4.361054965e-05 3.799e-06
266.7608216 4.489747744e-05 5.913e-06
266.7608205 5.07219367e-05 5.666e-06
266.7608176 4.79684587e-05 3.695e-06
266.7608202 3.864897906e-05 5.109e-06
266.7608192 4.235776292e-05 5.417e-06
266.7608208 4.928214189e-05 5.736e-06
266.7608218 4.049463727e-05 7.032e-06
266.7608213 5.259980025e-05 8.113e-06
266.7608216 3.842628018e-05 7.369e-06
266.76082 5.408799247e-05 4.734e-06
266.760821 4.663820753e-05 5.954e-06
266.7608194 4.290294477e-05 4.67e-06
266.7608173 4.473206355e-05 4.078e-06
266.7608218 4.611680608e-05 6.422e-06
266.7608216 4.268276729e-05 7.705e-06
266.7608213 5.034155017e-05 6.837e-06
266.7608205 4.632072531e-05 4.726e-06
266.7608208 5.465073671e-05 5.681e-06
266.7608197 4.377830927e-05 4.36e-06
266.7608202 4.350030738e-05 5.348e-06
266.7608218 5.034017832e-05 8.206e-06
266.760821 3.215934437e-05 7.344e-06
266.7608171 4.5989126e-05 3.543e-06
266.7608187 3.695128933e-05 4.63e-06
266.7608184 4.942471188e-05 4.088e-06
266.7608216 5.534552515e-05 1.1702e-05
266.7635961 4.444090391e-05 4.331e-06
266.7635953 3.949203378e-05 4.86e-06
266.7635984 4.054013079e-05 5.783e-06
266.7635971 5.385814655e-05 5.11e-06
266.7635963 4.412028128e-05 4.655e-06
266.763599 4.96940502e-05 6.93e-06
266.7635979 3.13039066e-05 6.343e-06
266.763595 4.198492071e-05 3.89e-06
266.7635976 3.046463297e-05 6.164e-06
266.7635966 3.850071292e-05 5.017e-06
266.7635982 3.608971733e-05 6.543e-06
266.7635987 3.004505802e-05 7.162e-06
266.763599 4.620135311e-05 7.174e-06
266.7635974 5.19374548e-05 5.079e-06
266.7635984 4.300596083e-05 4.842e-06
266.7635969 4.141316872e-05 4.393e-06
266.7635948 4.878155566e-05 3.748e-06
266.7635992 4.473507143e-05 6.161e-06
266.763599 4.990071141e-05 6.272e-06
266.7635987 4.280592777e-05 6.26e-06
266.7635979 3.985520399e-05 5.755e-06
266.7635982 3.482859336e-05 5.484e-06
266.7635971 4.854075983e-05 4.528e-06
266.7635992 4.30713567e-05 9.112e-06
266.7635976 5.300756869e-05 6.343e-06
266.7635984 4.972551632e-05 5.684e-06
266.7635945 4.5729019e-05 3.876e-06
266.7635961 3.982690121e-05 4.008e-06
266.7635958 3.235239289e-05 3.672e-06
266.763599 5.382604793e-05 1.4361e-05
266.7663729 3.602445597e-05 4.699e-06
266.7663721 4.324508527e-05 3.823e-06
266.7663753 5.397903687e-05 6.636e-06
266.766374 4.009109749e-05 4.934e-06
266.7663761 3.95032923e-05 9.035e-06
266.7663732 4.327826543e-05 4.492e-06
266.7663758 4.809783136e-05 7.331e-06
266.7663747 5.138332252e-05 5.318e-06
266.7663718 4.116743012e-05 4.068e-06
266.7663745 3.111130334e-05 5.293e-06
266.7663734 3.790879975e-05 4.662e-06
266.766375 4.594901969e-05 6.193e-06
266.7663761 3.284601545e-05 7.569e-06
266.7663755 4.522049591e-05 7.897e-06
266.7663758 3.993131422e-05 6.157e-06
266.7663742 4.61044908e-05 5.281e-06
266.7663753 4.167268778e-05 5.442e-06
266.7663737 3.805085894e-05 4.627e-06
266.7663716 4.392088434e-05 3.891e-06
266.7663761 3.756998059e-05 7.937e-06
266.7663758 3.538458212e-05 7.197e-06
266.7663755 5.057060255e-05 8.121e-06
266.7663747 4.910535704e-05 6.768e-06
266.766375 3.771013766e-05 5.439e-06
266.766374 3.679971493e-05 4.896e-06
266.7663761 3.67071195e-05 1.1702e-05
266.7663745 4.442984281e-05 5.255e-06
266.7663753 3.739180526e-05 6.202e-06
266.7663713 4.654966981e-05 4.286e-06
266.7663729 4.399871464e-05 3.607e-06
266.7663726 3.562583059e-05 3.572e-06
266.7691501 4.334847169e-05 4.573e-06
266.7691493 4.226774629e-05 4.226e-06
266.7691525 4.079289203e-05 5.217e-06
266.7691511 3.25836674e-05 5.766e-06
266.7691504 4.501415382e-05 4.296e-06
266.769153 3.545966065e-05 6.605e-06
266.7691519 3.516646432e-05 6.468e-06
266.769149 4.105521275e-05 4.369e-06
266.7691517 4.78632911e-05 5.871e-06
266.7691506 3.222582482e-05 4.218e-06
266.7691522 4.509000161e-05 5.095e-06
266.7691532 4.200069664e-05 7.029e-06
266.7691527 3.748188861e-05 6.223e-06
266.769153 3.495337195e-05 5.423e-06
266.7691514 5.138610504e-05 5.736e-06
266.7691525 3.668738452e-05 4.961e-06
266.7691509 4.360309716e-05 5.603e-06
266.7691488 3.870734087e-05 3.649e-06
266.7691532 3.906017434e-05 7.877e-06
266.769153 4.343332426e-05 7.21e-06
266.7691527 3.250302541e-05 7.878e-06
266.7691519 3.899996811e-05 5.319e-06
266.7691522 2.601785248e-05 5.072e-06
266.7691511 3.427027408e-05 4.677e-06
266.7691532 3.409572385e-05 6.561e-06
266.7691517 3.778014283e-05 4.815e-06
266.7691525 3.635895618e-05 5.456e-06
266.7691485 3.651637792e-05 3.569e-06
266.7691501 3.972564064e-05 4.327e-06
266.7691498 3.751462583e-05 3.969e-06
266.769153 5.181484007e-05 1.0126e-05
266.7719302 3.845001386e-05 4.65e-06
266.7719294 4.004315984e-05 3.604e-06
266.7719325 3.771396638e-05 4.795e-06
266.7719333 3.320081386e-05 9.783e-06
266.7719312 4.009752605e-05 5.143e-06
266.7719304 2.815500438e-05 5.624e-06
266.7719331 3.503799127e-05 6.531e-06
266.771932 3.67542981e-05 5.151e-06
266.7719291 4.173629121e-05 4.31e-06
266.7719317 2.416735529e-05 5.957e-06
266.7719307 3.981407341e-05 4.311e-06
266.7719323 3.36374395e-05 5.013e-06
266.7719328 2.886745183e-05 8.435e-06
266.7719331 2.439829285e-05 4.817e-06
266.7719315 3.281008999e-05 5.613e-06
266.7719325 3.024636547e-05 6.988e-06
266.771931 3.337899828e-05 5.227e-06
266.7719289 3.221740788e-05 3.841e-06
266.7719333 3.674553991e-05 6.421e-06
266.7719328 2.330562406e-05 7.473e-06
266.771932 3.831351129e-05 5.707e-06
266.7719323 2.515224044e-05 5.86e-06
266.7719312 2.779924774e-05 4.524e-06
266.7719333 2.450491818e-05 5.7e-06
266.7719317 3.389342286e-05 4.491e-06
266.7719325 3.532760954e-05 4.757e-06
266.7719286 3.398192941e-05 4.002e-06
266.7719302 3.417076525e-05 4.364e-06
266.7719299 2.937811511e-05 4.615e-06
266.7719331 3.019504541e-05 8.276e-06
266.7747067 3.268292824e-05 3.868e-06
266.774706 3.585996724e-05 4.204e-06
266.7747091 3.264904737e-05 5.365e-06
266.7747099 2.950780906e-05 9.009e-06
266.7747078 3.589250767e-05 4.905e-06
266.774707 2.922570313e-05 4.233e-06
266.7747096 2.659433976e-05 5.809e-06
266.7747086 2.878928908e-05 6.036e-06
266.7747057 2.86469384e-05 3.585e-06
266.7747083 2.093964248e-05 5.899e-06
266.7747073 3.084676038e-05 4.649e-06
266.7747088 3.510160577e-05 6.952e-06
266.7747099 3.043782296e-05 6.54e-06
266.7747094 1.986420888e-05 7.712e-06
266.7747096 1.783006307e-05 5.172e-06
266.7747081 3.211940617e-05 4.722e-06
266.7747091 3.256346892e-05 4.277e-06
266.7747075 3.643051308e-05 4.646e-06
266.7747054 3.547216188e-05 3.903e-06
266.7747099 4.090293325e-05 8.044e-06
266.7747096 2.498092516e-05 6.717e-06
266.7747094 2.868277714e-05 5.579e-06
266.7747086 3.212316785e-05 5.346e-06
266.7747088 2.617537452e-05 6.219e-06
266.7747078 2.592583933e-05 4.281e-06
266.7747083 2.605962625e-05 4.789e-06
266.7747091 3.096079001e-05 5.99e-06
266.7747052 3.32558388e-05 4.271e-06
266.7747067 2.599063274e-05 5.315e-06
266.7747065 2.783139081e-05 4.488e-06
266.7747096 4.131291384e-05 9.792e-06
266.7774871 1.327898019e-05 7.498e-06
266.7774845 1.801332722e-05 3.907e-06
266.7774837 2.731370937e-05 3.713e-06
266.7774868 2.757947577e-05 5.71e-06
266.7774876 1.324682698e-05 7.429e-06
266.7774855 2.710197041e-05 4.251e-06
266.7774847 2.012029175e-05 3.893e-06
266.7774874 1.708414701e-05 6.41e-06
266.7774863 2.166710684e-05 4.319e-06
266.7774834 2.758510228e-05 3.748e-06
266.7774861 1.253548777e-05 5.727e-06
266.777485 2.116860188e-05 4.892e-06
266.7774866 2.690050458e-05 5.264e-06
266.7774876 2.383783597e-05 7.304e-06
266.7774871 3.246446523e-05 5.648e-06
266.7774874 1.479218435e-05 5.989e-06
266.7774858 2.540166339e-05 4.549e-06
266.7774868 2.68548585e-05 5.841e-06
266.7774853 2.750924205e-05 5.074e-06
266.7774832 1.57822495e-05 4.084e-06
266.7774876 1.384413007e-05 7.862e-06
266.7774874 2.263044508e-05 7.573e-06
266.7774871 1.821386317e-05 8.169e-06
266.7774863 1.856462831e-05 4.627e-06
266.7774866 1.990405188e-05 5.733e-06
266.7774855 2.939884131e-05 4.855e-06
266.7774876 2.880247689e-05 6.827e-06
266.7774861 3.060060661e-05 4.555e-06
266.7774868 1.697374178e-05 5.352e-06
266.7774829 2.8788837e-05 4.262e-06
266.7774845 2.198767753e-05 4.215e-06
266.7774842 2.037130356e-05 4.229e-06
266.7803984 2.487111421e-05 9.654e-06
266.7803958 1.931494472e-05 4.268e-06
266.780395 1.451905899e-05 3.808e-06
266.7803982 2.401502609e-05 7.075e-06
266.7803989 8.377382989e-06 7.082e-06
266.7803968 2.548873554e-05 4.863e-06
266.7803961 9.93287014e-06 5.062e-06
266.7803987 1.613711426e-05 6.897e-06
266.7803976 1.635349963e-05 4.213e-06
266.7803947 1.873612102e-05 3.437e-06
266.7803974 1.183736332e-05 5.671e-06
266.7803963 1.718289334e-05 4.788e-06
266.7803979 1.86040258e-05 5.403e-06
266.7803989 1.586049495e-05 5.242e-06
266.7803984 2.736262101e-05 7.841e-06
266.7803987 1.266311916e-05 5.678e-06
266.7803971 1.111869205e-05 4.687e-06
266.7803982 1.489187713e-05 7.198e-06
266.7803966 2.032936041e-05 4.444e-06
266.7803945 2.752111175e-05 4.199e-06
266.780399 2.31705515e-05 7.507e-06
266.7803987 1.716225271e-05 7.945e-06
266.7803984 2.315897042e-05 6.508e-06
266.7803976 1.427315295e-05 4.366e-06
266.7803979 1.010191264e-05 5.536e-06
266.7803968 1.117024387e-05 4.014e-06
266.7803974 1.833184962e-05 5.664e-06
266.7803982 1.887337852e-05 6.441e-06
266.7803942 1.991929848e-05 4.173e-06
266.7803958 1.240899231e-05 4.563e-06
266.7803955 1.742363183e-05 3.774e-06
266.7831337 -3.870207765e-06 8.995e-06
266.7831311 1.661100522e-05 4.396e-06
266.7831303 5.87601597e-06 3.863e-06
266.7831334 4.57031081e-06 6.574e-06
266.7831342 -1.247583504e-07 9.255e-06
266.7831321 7.164435617e-06 5.172e-06
266.7831313 1.103897775e-05 3.708e-06
266.7831339 1.824530935e-05 6.903e-06
266.7831329 4.615341278e-06 4.821e-06
266.78313 9.305619505e-06 3.908e-06
266.7831326 7.913532486e-06 4.851e-06
266.7831316 1.14341572e-05 4.608e-06
266.7831332 1.639434256e-05 5.203e-06
266.7831342 7.902524488e-06 7.295e-06
266.7831337 9.364972707e-06 6.492e-06
266.7831339 6.85238036e-06 5.355e-06
266.7831324 3.292534282e-06 4.782e-06
266.7831334 9.071137519e-06 6.475e-06
266.7831318 1.1547374e-05 4.077e-06
266.7831297 1.339602152e-05 3.759e-06
266.7831342 1.870323864e-06 7.077e-06
266.7831339 7.115076911e-06 9.02e-06
266.7831337 1.122843545e-07 7.309e-06
266.7831329 1.349638722e-05 4.976e-06
266.7831332 2.0782848e-05 4.748e-06
266.7831321 2.287057127e-06 4.26e-06
266.7831342 4.54731238e-06 5.859e-06
266.7831326 2.242540223e-06 4.47e-06
266.7831334 2.786061072e-06 6.263e-06
266.7831295 1.716886176e-05 3.763e-06
266.7831311 9.704787474e-06 3.999e-06
266.7831308 9.411323813e-06 3.822e-06
266.7859123 -1.123367658e-05 1.0988e-05
266.7859097 -1.208623358e-07 4.939e-06
266.7859089 -4.32736413e-07 4.531e-06
266.7859121 -2.132131414e-08 5.868e-06
266.7859129 8.978150345e-06 8.985e-06
266.7859108 8.93157966e-06 6.064e-06
266.78591 3.868172256e-06 4.815e-06
266.7859126 9.184685448e-06 7.518e-06
266.7859116 -7.207728004e-06 5.921e-06
266.7859087 1.178651706e-05 4.468e-06
266.7859113 3.767468559e-07 6.287e-06
266.7859102 1.894613636e-06 5.232e-06
266.7859118 -1.421208901e-07 5.923e-06
266.7859129 -1.125454001e-08 6.713e-06
266.7859123 -4.642101342e-06 7.422e-06
266.7859126 5.341160123e-06 7.791e-06
266.785911 4.111249761e-07 6.643e-06
266.7859121 1.148838225e-05 5.912e-06
266.7859105 5.086942273e-06 5.063e-06
266.7859084 4.239087074e-06 4.155e-06
266.7859129 -1.371313724e-06 7.464e-06
266.7859123 4.591015047e-06 6.258e-06
266.7859116 -6.729373228e-07 5.328e-06
266.7859118 5.431635156e-06 7.957e-06
266.7859108 2.898946049e-06 5.415e-06
266.7859129 7.252216544e-06 6.076e-06
266.7859113 -1.045093151e-05 6.294e-06
266.7859121 -1.083702946e-05 5.735e-06
266.7859081 4.783926289e-06 4.149e-06
266.7859097 -2.075467433e-06 4.213e-06
266.7859095 3.262594417e-06 3.93e-06
266.78869 7.694210842e-06 6.57e-06
266.7886874 -2.643200883e-06 4.1e-06
266.7886866 -1.307694735e-06 3.928e-06
266.7886897 -9.893327474e-06 6.167e-06
266.7886884 -1.870856688e-06 4.88e-06
266.7886876 -8.008359806e-06 3.934e-06
266.7886903 -1.321543049e-05 7.267e-06
266.7886892 -5.143542549e-06 4.165e-06
266.7886863 -6.946206886e-07 3.771e-06
266.788689 -9.636480281e-06 5.874e-06
266.7886879 8.461263285e-07 3.99e-06
266.7886895 -6.412206616e-06 5.276e-06
266.7886905 -7.931472319e-06 6.036e-06
266.78869 6.007898651e-06 6.888e-06
266.7886903 -4.676728895e-06 7.157e-06
266.7886887 5.915725425e-06 5.152e-06
266.7886897 9.699242967e-07 5.82e-06
266.7886882 -7.131766712e-06 4.172e-06
266.7886861 -7.722393583e-07 3.624e-06
266.7886905 -6.399270542e-06 6.355e-06
266.7886903 -2.562775509e-06 7.142e-06
266.78869 -4.89249942e-06 5.622e-06
266.7886892 -2.111373487e-06 5.735e-06
266.7886895 -8.82731994e-06 5.182e-06
266.7886884 5.09941722e-06 5.5e-06
266.7886905 8.835230316e-07 7.602e-06
266.788689 1.180415058e-06 5.032e-06
266.7886897 -7.173984098e-06 5.227e-06
266.7886858 -1.15220466e-06 3.59e-06
266.7886874 -5.9737667e-06 4.145e-06
266.7886871 7.554027509e-07 3.855e-06
266.7914662 -2.002468514e-05 5.594e-06
266.7914636 -6.526173183e-06 4.036e-06
266.7914628 -1.245830638e-05 4.065e-06
266.7914667 -1.330995484e-05 9.028e-06
266.7914646 5.17171668e-08 5.282e-06
266.7914638 -1.947699166e-05 4.399e-06
266.7914664 -1.315585376e-05 7.329e-06
266.7914654 -1.007805237e-05 5.151e-06
266.7914625 -1.105369928e-05 3.416e-06
266.7914651 -1.373087371e-05 4.882e-06
266.7914641 -1.5958119e-05 4.512e-06
266.7914657 -1.346382224e-05 5.992e-06
266.7914667 -1.248278646e-05 5.574e-06
266.7914662 -6.559096329e-06 8.946e-06
266.7914664 -9.269636155e-06 5.064e-06
266.7914649 -1.49052447e-05 5.212e-06
266.7914659 -1.333733492e-05 6.553e-06
266.7914643 -5.692005885e-06 4.523e-06
266.7914622 -9.333438471e-06 3.933e-06
266.7914667 -1.167127713e-05 8.269e-06
266.7914664 -1.917815545e-05 7.092e-06
266.7914662 -6.770340507e-06 5.117e-06
266.7914654 -3.435528289e-06 5.338e-06
266.7914657 -1.37714773e-05 4.831e-06
266.7914646 -1.071866509e-05 5.756e-06
266.7914667 -1.554276859e-06 7.2e-06
266.7914651 -1.299551061e-05 5e-06
266.7914659 1.783511537e-06 5.473e-06
266.791462 -1.023744056e-05 3.811e-06
266.7914636 -7.124595952e-06 3.638e-06
266.7914633 -1.945581966e-06 4.189e-06
266.7942482 -1.79126397e-05 7.287e-06
266.7942456 -2.36843964e-06 4.487e-06
266.794248 -1.369372557e-05 5.17e-06
266.7942448 -9.22286224e-06 3.821e-06
266.7942488 -1.768304038e-05 9.193e-06
266.7942467 -1.214873081e-05 4.459e-06
266.7942485 -2.999233228e-05 5.611e-06
266.7942459 -1.95612455e-05 4.02e-06
266.7942474 -1.035631983e-05 5.141e-06
266.7942446 -1.812159481e-05 3.709e-06
266.7942472 -1.544366441e-05 4.895e-06
266.7942461 -1.853471473e-05 5.423e-06
266.7942477 -1.923030416e-05 4.517e-06
266.7942488 -2.536784335e-05 6.363e-06
266.7942482 -1.647947387e-05 7.741e-06
266.7942485 -4.456983636e-06 8.025e-06
266.7942469 -1.938068413e-05 4.773e-06
266.794248 -9.899383014e-06 6.686e-06
266.7942464 -1.606090801e-05 4.874e-06
266.7942443 -1.455914191e-05 4.02e-06
266.7942488 -1.587430951e-05 8.561e-06
266.7942485 -2.213648301e-05 7.084e-06
266.7942482 -2.06647357e-05 8.776e-06
266.7942474 -1.383006552e-05 5.172e-06
266.7942477 -1.232918253e-05 5.031e-06
266.7942467 -6.311351996e-06 5.321e-06
266.7942488 -1.362091953e-05 5.64e-06
266.7942472 -1.023243176e-05 5.965e-06
266.794248 -1.640436507e-05 5.227e-06
266.794244 -1.249589357e-05 4.105e-06
266.7942456 -1.260327518e-05 4.285e-06
266.7942453 -1.811327817e-05 3.708e-06
266.7970225 -2.226550898e-05 6.59e-06
266.7970199 -1.910637274e-05 3.791e-06
266.7970223 -1.636191592e-05 5.836e-06
266.7970191 -2.186926127e-05 3.881e-06
266.7970231 -2.708301016e-05 7.385e-06
266.797021 -1.976290304e-05 4.832e-06
266.7970228 -1.59766307e-05 7.22e-06
266.7970202 -2.236485772e-05 3.56e-06
266.7970218 -2.58993993e-05 5.48e-06
266.7970189 -1.504649884e-05 3.73e-06
266.7970215 -1.795358457e-05 4.996e-06
266.7970204 -1.89302375e-05 4.452e-06
266.797022 -2.20541544e-05 5.462e-06
266.7970231 -1.333029639e-05 7.43e-06
266.7970225 -2.402471628e-05 7.304e-06
266.7970228 -8.623770739e-06 7.071e-06
266.7970212 -1.244884411e-05 5.709e-06
266.7970223 -2.070004484e-05 6.278e-06
266.7970207 -1.655463253e-05 4.812e-06
266.7970186 -2.058154117e-05 3.508e-06
266.7970231 -1.385271462e-05 6.816e-06
266.7970228 -1.361085317e-05 9.968e-06
266.7970225 -1.670901841e-05 5.763e-06
266.7970218 -1.76067397e-05 4.842e-06
266.797022 -3.164441368e-05 4.705e-06
266.797021 -2.349292592e-05 4.737e-06
266.7970231 -2.381367324e-05 7.2e-06
266.7970215 -1.530924553e-05 5.231e-06
266.7970223 -2.437693545e-05 5.507e-06
266.7970183 -6.241404314e-06 3.767e-06
266.7970199 -2.26656344e-05 4.067e-06
266.7970197 -2.397014401e-05 3.855e-06
266.799142 -2.523064973e-05 5.38e-06
266.7991444 -1.298643641e-05 7.173e-06
266.7991412 -1.01810982e-05 5.073e-06
266.7991451 -2.661248423e-05 1.0552e-05
266.799143 -3.011631804e-05 7.759e-06
266.7991449 -2.181575976e-05 1.0085e-05
266.7991423 -2.124044595e-05 7.425e-06
266.7991438 -2.877770288e-05 5.154e-06
266.7991409 -2.133806022e-05 5.381e-06
266.7991425 -2.833200696e-05 5.707e-06
266.7991441 -2.13691702e-05 8.36e-06
266.7991451 -3.552783668e-05 9.22e-06
266.7991446 -2.389498852e-05 1.0009e-05
266.7991449 -2.354010303e-05 1.1242e-05
266.7991433 -2.00694277e-05 7.906e-06
266.7991444 -2.524020804e-05 8.849e-06
266.7991428 -2.247663908e-05 5.888e-06
266.7991407 -2.199485497e-05 5.518e-06
266.7991446 -1.414879397e-05 8.948e-06
266.7991438 -2.828718346e-05 6.751e-06
266.7991441 -1.37447719e-05 6.713e-06
266.799143 -2.828232213e-05 6.1e-06
266.7991451 -3.637587939e-05 1.0927e-05
266.7991436 -2.501678624e-05 6.417e-06
266.7991444 -2.178691428e-05 8.202e-06
266.7991404 -2.03668376e-05 5.074e-06
266.799142 -2.762273807e-05 4.731e-06
266.7991417 -1.17723267e-05 5.741e-06
