83.24601783 5.851979718e-06 5.814e-06
83.24601757 -4.883604382e-06 4.313e-06
83.24601783 -9.524149027e-06 5.517e-06
83.24601809 -6.18380303e-07 8.202e-06
83.24601809 9.438394418e-06 6.962e-06
83.24601783 -6.605271966e-06 5.774e-06
83.24601809 -5.268019569e-06 5.961e-06
83.24601783 -5.993217613e-07 5.045e-06
83.24879694 4.630469118e-06 4.63e-06
83.24879642 5.014688104e-06 5.143e-06
83.24879615 -7.980908786e-07 3.273e-06
83.24879668 1.945716436e-06 4.313e-06
83.24879694 -8.789681031e-06 5.212e-06
83.2487972 -3.441856861e-06 5.838e-06
83.24879563 -5.095664418e-06 3.658e-06
83.2487972 5.255746358e-06 7.281e-06
83.24879694 -2.687268586e-06 4.496e-06
83.24879589 6.003501691e-06 3.571e-06
83.24879537 1.150375838e-06 3.469e-06
83.24879668 8.005458868e-06 4.771e-06
83.24879642 8.114550219e-06 5.187e-06
83.2487972 2.781197966e-06 6.686e-06
83.24879694 -6.979739694e-06 3.739e-06
83.24879615 7.126234671e-06 4.141e-06
83.25157114 -5.157595616e-06 5.007e-06
83.25157062 -1.500557708e-06 4.302e-06
83.25157036 4.94565415e-06 4.38e-06
83.25157088 -1.409560146e-06 4.335e-06
83.25157114 -2.371336808e-06 5.286e-06
83.25156983 5.350789114e-07 4.005e-06
83.25157141 -2.540048819e-06 6.397e-06
83.25157009 -1.277230763e-07 3.191e-06
83.25156957 2.473463289e-07 3.274e-06
83.25157088 7.097816641e-06 4.787e-06
83.25157062 2.50797056e-06 4.602e-06
83.25157141 -8.871227196e-06 6.656e-06
83.25157114 6.537629796e-06 4.074e-06
83.25157036 5.914149444e-07 3.626e-06
83.25434703 2.981539951e-06 4.021e-06
83.2543465 4.228378736e-06 4.516e-06
83.25434624 5.403634729e-07 4.267e-06
83.25434677 5.838545052e-07 3.953e-06
83.25434703 3.311947486e-06 5.021e-06
83.25434729 -3.606580278e-06 5.113e-06
83.25434571 -2.531802588e-06 4.015e-06
83.25434729 -1.822809488e-06 7.512e-06
83.25434703 6.346024468e-07 4.939e-06
83.25434677 3.151882525e-06 5.603e-06
83.25434598 3.545239476e-06 3.291e-06
83.2543465 -5.89511122e-06 4.446e-06
83.25434729 -4.521649477e-06 7.586e-06
83.25434703 8.910060595e-07 5.014e-06
83.25434624 2.497628823e-06 3.249e-06
83.25712778 -1.777251027e-06 4.37e-06
83.25712726 4.531448858e-06 5.784e-06
83.25712699 -3.793899213e-06 4.196e-06
83.25712752 -6.87631897e-06 4.661e-06
83.25712778 -6.732477855e-06 4.869e-06
83.25712804 -8.553879021e-06 5.16e-06
83.25712647 -1.938863186e-06 3.71e-06
83.25712804 -1.388746596e-05 6.969e-06
83.25712778 -3.326035523e-07 5.119e-06
83.25712621 -4.998623551e-06 4.125e-06
83.25712752 4.706965076e-06 5.789e-06
83.25712726 -2.049006223e-06 3.897e-06
83.25712673 -9.388156734e-06 3.443e-06
83.25712804 -1.237095463e-05 5.352e-06
83.25712778 -4.122346289e-06 3.764e-06
83.25712699 2.073138287e-06 3.67e-06
83.25991423 -4.925054384e-07 4.241e-06
83.25991371 -3.25253465e-06 4.592e-06
83.25991344 1.383860543e-06 4.786e-06
83.25991397 -4.304615658e-06 5.344e-06
83.25991423 5.390709914e-08 4.896e-06
83.25991449 -2.799126755e-06 5.658e-06
83.25991292 9.401633246e-07 3.529e-06
83.25991449 1.118061863e-05 6.797e-06
83.25991423 -2.237708399e-06 4.799e-06
83.25991266 -1.692590572e-06 3.242e-06
83.25991371 1.819058203e-06 4.809e-06
83.25991397 4.413413238e-06 6.144e-06
83.25991318 -1.936743725e-06 3.519e-06
83.25991449 3.265161786e-06 8.233e-06
83.25991423 -3.765144915e-06 4.36e-06
83.25991344 1.686706383e-06 4.022e-06
83.26202829 -1.018863335e-06 6.796e-06
83.26202776 -7.179387149e-06 5.661e-06
83.2620275 -3.549236239e-06 6.067e-06
83.26202802 -3.291370124e-06 6.605e-06
83.26202829 4.414961117e-06 6.946e-06
83.26202855 4.381133973e-06 8.707e-06
83.26202697 -2.134072552e-06 5.412e-06
83.26202855 1.1779306e-05 1.0418e-05
83.26202829 1.678082888e-06 6.003e-06
83.26202671 2.746243026e-06 4.482e-06
83.26202776 5.913088588e-06 6.308e-06
83.26202802 -4.566429772e-06 8.364e-06
83.26202724 3.529089668e-06 5.345e-06
83.26202855 -3.076014555e-06 9.73e-06
83.26202829 2.846861975e-06 6.624e-06
83.2620275 3.132002461e-06 4.452e-06
83.26427083 -1.318103837e-06 4.702e-06
83.2642703 -3.834403543e-06 5.079e-06
83.26427004 -2.342360911e-07 4.113e-06
83.26427057 3.654869243e-06 5.199e-06
83.26427083 -5.859916356e-06 5.96e-06
83.26427109 4.383656189e-06 5.555e-06
83.26427109 -4.992414348e-06 6.704e-06
83.26426951 1.961231738e-07 3.499e-06
83.26427083 -8.649821083e-06 4.146e-06
83.26426925 -1.118253961e-06 3.173e-06
83.2642703 2.711827332e-06 4.92e-06
83.26426978 -8.35199157e-06 3.045e-06
83.26427056 -9.761678639e-06 7.015e-06
83.26427109 8.646232517e-06 5.114e-06
83.26427083 -1.916818247e-06 5.291e-06
83.26427004 5.775640017e-06 3.805e-06
83.26703745 -1.129824594e-06 4.779e-06
83.26703693 3.761082547e-06 5.417e-06
83.26703666 7.576276105e-06 4.777e-06
83.26703719 -1.439201248e-06 6.126e-06
83.26703745 4.735152729e-06 6.081e-06
83.26703771 -3.535150112e-06 4.463e-06
83.26703771 -6.397133717e-06 6.326e-06
83.26703614 -4.109756299e-08 2.896e-06
83.26703745 -3.37833002e-07 5.317e-06
83.26703588 2.883563441e-06 3.218e-06
83.26703693 1.072059136e-06 4.732e-06
83.2670364 -3.504173511e-06 3.412e-06
83.26703719 -1.133172304e-05 6.341e-06
83.26703771 -5.700377729e-06 5.063e-06
83.26703745 -2.38048316e-06 5.1e-06
83.26703666 -8.78950182e-06 4.007e-06
83.26981467 -4.885534624e-06 4.624e-06
83.26981415 6.683394257e-06 5.68e-06
83.26981389 2.925828521e-06 4.592e-06
83.26981441 -2.735912442e-06 5.077e-06
83.26981467 2.310331166e-06 5.078e-06
83.26981494 6.405792257e-06 4.378e-06
83.26981494 -3.776317939e-06 6.845e-06
83.26981336 -3.92574714e-06 2.802e-06
83.26981467 -5.780486253e-06 5.344e-06
83.2698131 -3.702629524e-06 3.607e-06
83.26981362 -7.255457603e-06 3.558e-06
83.26981415 -8.874570093e-06 5.913e-06
83.26981441 1.057192299e-05 6.943e-06
83.26981494 -1.111535144e-05 8.131e-06
83.26981467 1.742883287e-06 5.231e-06
83.26981389 -9.843131029e-06 3.511e-06
83.27258733 -6.841335539e-06 5.653e-06
83.27258706 -3.633121859e-06 4.177e-06
83.27258759 -3.333642993e-06 5.076e-06
83.27258785 1.640218946e-06 4.821e-06
83.27258811 -7.026530393e-06 5.639e-06
83.27258811 -7.705214116e-06 7.902e-06
83.27258654 -4.861755707e-07 2.996e-06
83.27258785 -4.916191453e-06 5.474e-06
83.27258628 1.236060423e-06 3.709e-06
83.27258733 -1.002614106e-05 6.349e-06
83.2725868 -5.759708794e-06 4.018e-06
83.27258759 -1.160719385e-05 6.99e-06
83.27258811 -1.393564742e-05 7.73e-06
83.27258785 -4.097408239e-06 4.318e-06
83.27258706 5.108041739e-06 3.734e-06
83.27537253 -1.725691829e-06 4.339e-06
83.275372 -8.099189014e-06 4.722e-06
83.27537174 -6.223885921e-06 3.952e-06
83.27537226 -9.254064959e-07 4.343e-06
83.27537253 -6.722615817e-06 4.228e-06
83.27537279 -7.984070419e-06 5.512e-06
83.27537279 -9.500291514e-06 9.177e-06
83.27537121 -2.434274102e-06 3.297e-06
83.27537253 4.427984434e-06 4.552e-06
83.27537095 -1.783943805e-06 3.804e-06
83.275372 2.020319446e-06 4.884e-06
83.27537148 -1.371140838e-06 3.896e-06
83.27537226 -6.63420167e-06 5.843e-06
83.27537279 -8.374570323e-06 7.314e-06
83.27537253 4.831695575e-06 4.71e-06
83.27537174 6.662405826e-07 4.079e-06
83.27815301 -1.22095344e-05 4.673e-06
83.27815248 4.022464406e-07 4.175e-06
83.27815222 -5.92311252e-06 4.143e-06
83.27815274 -1.082443843e-05 3.991e-06
83.27815301 -2.93259201e-06 4.091e-06
83.27815327 -2.776036169e-06 9.037e-06
83.27815327 -1.793866771e-05 1.0555e-05
83.27815169 -2.101302331e-06 3.354e-06
83.27815301 -6.654736634e-06 4.894e-06
83.27815143 -2.887990676e-06 3.894e-06
83.27815248 -1.101358666e-06 4.814e-06
83.27815274 3.362109531e-06 5.916e-06
83.27815196 -2.823492403e-06 3.699e-06
83.27815327 3.721356674e-06 7.911e-06
83.27815301 -9.762412484e-06 5.441e-06
83.27815222 1.970353456e-06 4.166e-06
83.28092883 -9.35961279e-06 4.651e-06
83.2809283 -8.126337417e-06 3.201e-06
83.28092804 -6.439322963e-06 4.502e-06
83.28092856 2.235872151e-06 3.966e-06
83.28092883 -4.246207202e-07 3.801e-06
83.28092909 -4.178924434e-07 6.016e-06
83.28092909 -1.276061173e-05 9.049e-06
83.28092751 -3.186949436e-07 2.82e-06
83.28092883 -8.780831645e-07 4.344e-06
83.28092725 -3.297779289e-06 3.465e-06
83.2809283 -9.085797596e-06 4.586e-06
83.28092778 4.304618683e-07 2.822e-06
83.28092856 -1.667407244e-06 5.644e-06
83.28092909 -4.995221e-06 6.194e-06
83.28092883 -2.753070498e-06 4.898e-06
83.28092804 -1.666907166e-06 3.575e-06
83.28370503 -1.882533514e-06 4.324e-06
83.28370451 1.387113036e-06 3.37e-06
83.28370425 3.929056991e-06 4.314e-06
83.28370477 -1.334075383e-06 4.274e-06
83.28370503 -2.404784965e-06 3.267e-06
83.2837053 -1.058931658e-05 6.27e-06
83.2837053 -7.840123535e-06 6.627e-06
83.28370372 2.510485413e-06 3.899e-06
83.28370503 1.217489634e-06 4.847e-06
83.28370346 -1.752014436e-06 3.111e-06
83.28370477 -5.060185885e-06 4.877e-06
83.28370451 5.7675739e-06 4.948e-06
83.28370398 -1.478730823e-06 3.412e-06
83.2837053 -2.454175116e-06 5.562e-06
83.28370503 -7.734821791e-06 4.707e-06
83.28370425 -6.704423095e-07 3.855e-06
83.28648274 -1.823297375e-06 3.656e-06
83.28648379 -7.414892717e-06 5.041e-06
83.28648326 -8.589671069e-06 4.019e-06
83.286483 -1.196730651e-06 4.161e-06
83.28648353 -2.372445481e-06 4.828e-06
83.28648379 -6.245447242e-06 3.297e-06
83.28648405 -2.301118412e-07 7.435e-06
83.28648405 -1.579230692e-05 6.04e-06
83.28648248 -4.380390825e-06 3.272e-06
83.28648379 1.224627634e-06 3.886e-06
83.28648221 1.389442381e-06 3.272e-06
83.28648326 -4.978121113e-06 4.614e-06
83.28648353 5.450275479e-06 4.925e-06
83.28648274 -6.461452827e-06 4.309e-06
83.28648405 -7.76254479e-06 7.157e-06
83.28648379 5.35470234e-06 4.309e-06
83.28925544 4.598832613e-07 4.965e-06
83.28925491 -2.050801164e-06 5.135e-06
83.28925465 1.873175999e-06 4.651e-06
83.28925518 4.566162395e-06 4.287e-06
83.28925544 9.359699889e-07 3.381e-06
83.2892557 -1.672035764e-07 5.258e-06
83.2892557 -1.144001558e-05 6.532e-06
83.28925413 2.160785951e-06 3.477e-06
83.28925544 -4.549163357e-06 4.749e-06
83.28925491 -3.201088137e-06 4.862e-06
83.28925518 -4.238370529e-06 5.09e-06
83.28925439 5.866875777e-07 3.413e-06
83.2892557 -1.218280188e-06 6.025e-06
83.28925544 -6.738240825e-06 4.318e-06
83.28925465 -4.924728296e-06 4.248e-06
83.29204498 -1.908100854e-06 4.222e-06
83.29204446 -2.10719051e-06 5.162e-06
83.29204419 2.254784648e-06 5.283e-06
83.29204472 -1.830147857e-06 3.685e-06
83.29204498 -1.006940144e-05 5.162e-06
83.29204524 -9.404410272e-06 4.948e-06
83.29204524 -3.851445949e-06 7.595e-06
83.29204367 -3.596285321e-06 3.855e-06
83.29204498 -9.391596425e-06 3.746e-06
83.29204341 -1.175191864e-06 3.141e-06
83.29204472 -7.938070946e-06 4.566e-06
83.29204446 -9.011459469e-07 4.773e-06
83.29204393 -3.506060592e-06 3.243e-06
83.29204524 -2.874817079e-06 6.356e-06
83.29204498 -9.769251398e-07 4.257e-06
83.29204419 1.859219228e-06 4.335e-06
83.29482307 4.185853034e-06 4.746e-06
83.29482254 9.304815214e-08 5.904e-06
83.29482228 2.932019706e-06 4.391e-06
83.29482281 1.913909396e-06 3.834e-06
83.29482307 -1.053310384e-05 4.889e-06
83.29482333 -6.961045898e-07 5.559e-06
83.29482333 -5.156347969e-06 5.714e-06
83.29482176 -2.330480256e-06 3.27e-06
83.29482307 2.53502558e-06 4.005e-06
83.29482281 6.636393715e-06 4.234e-06
83.29482149 -4.262536684e-06 3.16e-06
83.29482254 -1.153521368e-05 4.405e-06
83.29482202 1.133864671e-06 3.943e-06
83.29482333 -9.282188235e-06 5.33e-06
83.29482307 -1.099804128e-06 3.96e-06
83.29482228 -2.836971475e-06 3.561e-06
83.29759447 -1.009553341e-06 4.795e-06
83.29759395 -4.129947029e-06 4.874e-06
83.29759368 3.29506361e-06 4.149e-06
83.29759421 3.806434135e-06 4.029e-06
83.29759447 3.201764067e-07 3.603e-06
83.29759473 2.370784012e-06 5.793e-06
83.29759473 2.059152593e-06 4.789e-06
83.29759316 3.380383154e-06 3.356e-06
83.29759447 -3.115444904e-06 4.86e-06
83.29759289 -2.678702693e-06 3.603e-06
83.29759395 -1.969097746e-06 5.7e-06
83.29759421 8.663893067e-06 4.878e-06
83.29759342 1.591533777e-06 3.291e-06
83.29759473 -5.545268058e-06 6.857e-06
83.29759447 6.9295258e-06 5.081e-06
83.29759368 2.432320418e-06 4.209e-06
83.30037447 3.829451348e-06 5.056e-06
83.30037394 -3.641494324e-06 5.458e-06
83.30037368 -4.69181349e-06 3.834e-06
83.3003742 5.232298591e-06 5.254e-06
83.30037447 -6.724318007e-06 4.555e-06
83.30037473 -1.025824727e-05 5.184e-06
83.30037473 2.961358632e-07 6.216e-06
83.30037315 2.311582199e-06 3.008e-06
83.30037447 -3.93054678e-06 5.118e-06
83.30037394 -1.013154084e-05 5.265e-06
83.30037289 4.794330941e-06 3.861e-06
83.3003742 -2.283348286e-06 4.684e-06
83.30037342 -1.159792264e-07 3.245e-06
83.30037473 1.145771374e-05 6.065e-06
83.30037368 -1.128458029e-06 3.482e-06
83.30314601 -4.752604382e-07 4.945e-06
83.30314549 1.010549426e-06 3.521e-06
83.30314522 -1.128950982e-06 4.106e-06
83.30314575 4.121979483e-06 4.865e-06
83.30314601 -3.608293021e-06 5.548e-06
83.30314628 -3.622697106e-06 5.923e-06
83.30314628 -2.50888686e-06 6.801e-06
83.3031447 5.494493041e-06 2.971e-06
83.30314601 2.473006706e-06 4.613e-06
83.30314549 -2.356355809e-06 3.88e-06
83.30314444 -4.111595034e-07 2.902e-06
83.30314575 -8.449129824e-06 6.272e-06
83.30314496 -1.368397538e-06 3.452e-06
83.30314628 -3.890944606e-06 5.392e-06
83.30314601 -2.333963937e-06 4.381e-06
83.30314522 6.425561951e-06 4.093e-06
83.3059312 -3.634101403e-06 4.973e-06
83.30593068 7.577169583e-06 4.959e-06
83.30593041 1.139530521e-06 4.496e-06
83.30593094 2.921011401e-06 4.924e-06
83.3059312 -4.241996949e-06 4.252e-06
83.30593146 -1.021231542e-05 6.223e-06
83.30593146 5.683493025e-06 6.174e-06
83.30592989 1.478432801e-06 3.298e-06
83.3059312 1.141913864e-06 5.243e-06
83.30592963 -3.056609395e-06 3.318e-06
83.30593068 -4.063370737e-06 4.585e-06
83.30593015 8.445584187e-06 3.207e-06
83.30593094 9.857035236e-06 6.057e-06
83.30593146 -1.280455103e-06 5.475e-06
83.3059312 1.011029104e-05 4.075e-06
83.30593041 6.417267023e-06 3.479e-06
83.30870875 2.204319856e-07 5.463e-06
83.30870823 -8.093863816e-06 5.685e-06
83.30870796 3.836325745e-06 3.791e-06
83.30870849 4.707621165e-06 4.949e-06
83.30870875 -3.7895413e-06 4.661e-06
83.30870902 -9.64209765e-06 6.726e-06
83.30870902 -4.487732684e-06 5.061e-06
83.30870744 6.051829839e-06 3.132e-06
83.30870875 -2.649138032e-06 5.828e-06
83.30870718 -3.24498458e-06 2.938e-06
83.30870823 2.520753664e-06 4.837e-06
83.3087077 -2.541987206e-06 3.364e-06
83.30870849 -2.610963715e-06 4.785e-06
83.30870902 1.059652608e-06 4.685e-06
83.30870875 -4.630807308e-06 4.224e-06
83.30870796 -3.14691883e-06 4.186e-06
83.31147917 1.368957972e-05 5.989e-06
83.31147865 6.801211554e-07 6.2e-06
83.31147838 -5.527583475e-06 4.858e-06
83.31147891 3.101809788e-06 4.25e-06
83.31147917 9.090707971e-06 4.987e-06
83.31147943 7.294117981e-06 8.334e-06
83.31147943 3.090960319e-06 4.829e-06
83.31147786 4.077591909e-06 2.843e-06
83.31147917 2.74567766e-07 5.085e-06
83.31147759 4.374493852e-06 3.125e-06
83.31147865 1.167360906e-05 4.633e-06
83.31147891 6.511392251e-06 5.144e-06
83.31147812 3.410004619e-07 3.466e-06
83.31147943 -6.061996789e-06 4.48e-06
83.31147917 4.785598762e-07 4.665e-06
83.31147838 6.438624916e-06 4.216e-06
83.31426582 -1.708427611e-06 5.707e-06
83.31426529 -3.245734142e-06 5.067e-06
83.31426503 1.252851931e-05 3.921e-06
83.31426555 6.599017383e-06 3.642e-06
83.31426582 -7.186813071e-07 5.505e-06
83.31426608 2.077927965e-06 5.389e-06
83.31426608 -2.277323754e-06 5.934e-06
83.3142645 8.315286138e-07 2.945e-06
83.31426582 2.222984454e-07 4.971e-06
83.31426529 6.568611303e-06 4.124e-06
83.31426424 3.69890827e-06 3.626e-06
83.31426555 1.08368001e-05 5.899e-06
83.31426476 -3.385056564e-06 3.735e-06
83.31426608 -8.707614688e-07 5.822e-06
83.31426582 7.767312085e-06 3.726e-06
83.31426503 4.387265246e-06 4.136e-06
83.31704102 1.444554251e-06 5.057e-06
83.31704049 8.099224434e-06 4.359e-06
83.31704023 3.314040958e-06 4.172e-06
83.31704076 5.985958211e-06 3.885e-06
83.31704102 3.28088728e-06 5.062e-06
83.31704128 -5.224145235e-06 6.008e-06
83.31704128 1.473195563e-06 6.344e-06
83.31703971 6.475536385e-06 3.243e-06
83.31704102 4.466469034e-06 4.047e-06
83.31703944 2.05242029e-06 2.973e-06
83.31704049 9.296459618e-06 5.012e-06
83.31704076 -1.318587048e-06 5.685e-06
83.31703997 6.380566218e-06 3.854e-06
83.31704128 6.212455816e-06 5.92e-06
83.31704102 -1.819628917e-06 5.225e-06
83.31704023 -1.486859936e-06 3.792e-06
83.31981496 1.586765649e-06 4.695e-06
83.31981443 1.342181821e-05 5.592e-06
83.31981417 3.28312561e-06 4.536e-06
83.31981469 1.400268712e-05 3.648e-06
83.31981496 1.27828587e-06 4.742e-06
83.31981522 9.772898533e-06 7.139e-06
83.31981522 -6.575916306e-06 6.276e-06
83.31981364 2.763288763e-06 3.038e-06
83.31981496 -5.617433066e-06 4.362e-06
83.31981338 -3.697842523e-07 2.851e-06
83.31981443 2.966929354e-06 5.544e-06
83.31981469 6.69821709e-06 5.397e-06
83.3198139 5.715280907e-06 3.555e-06
83.31981522 1.195770808e-05 4.394e-06
83.31981496 5.280550344e-06 4.283e-06
83.31981417 6.300768046e-07 3.593e-06
83.32260067 7.763154698e-06 5.415e-06
83.32260015 8.311768132e-07 5.867e-06
83.32259989 8.320549412e-06 4.35e-06
83.32260041 -9.041371167e-08 3.902e-06
83.32260067 8.951125315e-07 4.874e-06
83.32260094 5.805639613e-06 5.24e-06
83.32260094 -1.851649384e-06 7.457e-06
83.32259936 -9.176905253e-07 2.949e-06
83.32260067 5.80567529e-06 5.405e-06
83.3225991 4.120923759e-06 2.748e-06
83.32260015 4.369296328e-06 4.985e-06
83.32259962 1.694468728e-06 3.731e-06
83.32260041 1.100104974e-05 5.66e-06
83.32260094 3.099080928e-06 5.469e-06
83.32260067 4.342471705e-06 4.86e-06
83.32259989 6.311250757e-06 3.48e-06
83.3253715 3.511082703e-06 5.28e-06
83.32537097 3.020811117e-06 4.484e-06
83.32537071 -5.664434876e-07 4.961e-06
83.32537124 1.019367186e-05 3.402e-06
83.3253715 -1.777161271e-06 4.895e-06
83.32537176 2.755742835e-06 4.395e-06
83.32537176 1.233572166e-05 8.385e-06
83.32537018 1.519262267e-06 2.764e-06
83.3253715 -5.75524573e-07 4.104e-06
83.32536992 3.052877008e-06 3.122e-06
83.32537097 5.353562322e-06 5.332e-06
83.32537045 1.489929335e-06 3.695e-06
83.32537124 -1.853970173e-06 5.011e-06
83.32537176 3.380324094e-06 5.639e-06
83.3253715 7.470443424e-06 4.452e-06
83.32537071 1.079958628e-05 3.716e-06
83.32814967 6.063161032e-06 3.882e-06
83.32814915 5.576213595e-06 4.143e-06
83.32814888 6.558781905e-06 5.824e-06
83.32814941 1.27604848e-06 3.863e-06
83.32814967 4.452759582e-06 5.706e-06
83.32814993 -1.085669282e-06 3.516e-06
83.32814993 -1.976725374e-06 7.754e-06
83.32814836 9.000409114e-06 3.247e-06
83.32814967 1.58365708e-06 3.701e-06
83.32814809 5.331756147e-06 2.396e-06
83.32814862 2.824310922e-06 4.082e-06
83.32814915 8.448995587e-06 4.685e-06
83.32814941 9.383861666e-06 5.53e-06
83.32814994 3.13350894e-06 6.764e-06
83.32814967 -2.835748103e-06 4.861e-06
83.32814888 4.023595495e-06 3.423e-06
83.33093061 2.141673358e-06 4.166e-06
83.33093008 7.119372508e-07 4.582e-06
83.33092982 1.358637137e-05 5.545e-06
83.33093035 2.1415085e-06 4.101e-06
83.33093061 1.032790493e-05 5.235e-06
83.33093087 -1.491129054e-06 4.02e-06
83.33093087 1.163486904e-05 6.545e-06
83.33092929 6.551600151e-06 3.141e-06
83.33093061 7.060587826e-06 4.671e-06
83.33092903 3.734250046e-06 3.158e-06
83.33092956 6.419497885e-06 3.712e-06
83.33093008 8.270156928e-06 5.295e-06
83.33093035 -2.192324657e-06 5.621e-06
83.33093087 7.048665851e-06 6.112e-06
83.33093061 7.38563298e-06 4.585e-06
83.33092982 4.567288461e-06 3.598e-06
83.33370658 -4.672803745e-06 5.036e-06
83.33370606 3.403788958e-06 4.676e-06
83.33370579 6.346390772e-06 5.941e-06
83.33370632 6.608156079e-06 4.211e-06
83.33370658 7.869664639e-06 5.299e-06
83.33370685 3.053697723e-06 5.059e-06
83.33370685 -3.184108771e-06 6.988e-06
83.33370527 1.546178153e-06 3.394e-06
83.33370658 7.129040136e-06 4.806e-06
83.333705 -4.906076138e-07 2.732e-06
83.33370606 4.481451258e-06 5.982e-06
83.33370553 6.962787969e-06 3.603e-06
83.33370632 -1.993515145e-06 6.451e-06
83.33370685 9.859776354e-06 5.734e-06
83.33370658 4.966661907e-06 3.878e-06
83.33370579 -1.877454435e-06 4.077e-06
83.33648119 2.125468675e-06 4.58e-06
83.33648066 5.963488112e-06 4.588e-06
83.3364804 -1.693333958e-06 4.792e-06
83.33648093 -4.564172106e-07 4.425e-06
83.33648119 -2.051386278e-06 5.264e-06
83.33648145 -1.015119176e-05 8.025e-06
83.33648145 1.613197324e-06 7.212e-06
83.33647987 -2.447515644e-06 3.14e-06
83.33648119 -2.546425484e-06 4.848e-06
83.33647961 3.381312629e-06 3.553e-06
83.33648066 -5.483935944e-07 5.06e-06
83.33648014 -2.234053195e-06 3.746e-06
83.33648093 1.119387331e-05 6.688e-06
83.33648145 8.459399449e-06 5.728e-06
83.33648119 5.421742736e-06 4.76e-06
83.3364804 9.732747056e-06 5.056e-06
83.33926882 -2.810881348e-06 4.361e-06
83.33926829 4.038244884e-06 4.433e-06
83.33926803 6.187643541e-06 4.121e-06
83.33926856 4.317809815e-06 5.57e-06
83.33926882 1.917229808e-06 5.436e-06
83.33926908 6.848271836e-06 9.482e-06
83.33926908 -6.897724873e-07 5.515e-06
83.33926751 5.719455461e-06 3.38e-06
83.33926882 -6.419927459e-06 4.265e-06
83.33926724 7.802064336e-06 3.281e-06
83.33926829 4.941043218e-06 4.955e-06
83.33926777 3.229802467e-06 3.817e-06
83.33926856 2.383373397e-06 5.129e-06
83.33926908 -8.237019649e-06 5.05e-06
83.33926882 -8.15128796e-06 5.156e-06
83.33926803 4.245844911e-06 4.078e-06
83.34204156 -5.48908519e-06 4.565e-06
83.34204103 3.72731407e-06 5.061e-06
83.34204077 -1.026264345e-07 5.064e-06
83.3420413 3.929881603e-06 5.094e-06
83.34204156 3.229862074e-06 6.071e-06
83.34204182 8.129495301e-06 6.473e-06
83.34204182 8.218470415e-06 7.987e-06
83.34204025 1.069189295e-06 3.443e-06
83.34204156 5.078372964e-07 3.867e-06
83.34203998 2.252992905e-06 3.158e-06
83.34204103 -4.121761389e-07 4.782e-06
83.34204051 4.872336988e-06 2.96e-06
83.3420413 -5.864743926e-06 5.637e-06
83.34204182 5.883027116e-06 6.213e-06
83.34204156 5.549044369e-06 4.376e-06
83.34204077 6.155698502e-06 4.246e-06
83.34481857 8.672821457e-06 4.412e-06
83.34481805 -4.184359772e-06 5.465e-06
83.34481778 1.152397788e-06 5.265e-06
83.34481831 -6.398454412e-07 4.575e-06
83.34481857 -6.952308561e-06 6.141e-06
83.34481884 -3.849251975e-06 7.015e-06
83.34481884 1.352867673e-05 8.414e-06
83.34481726 5.670734553e-06 2.961e-06
83.34481857 -5.494711838e-06 4.238e-06
83.344817 3.964254071e-06 3.429e-06
83.34481805 4.302378807e-07 5.602e-06
83.34481831 3.93117781e-06 6.562e-06
83.34481752 4.157672932e-06 3.598e-06
83.34481884 7.083951077e-06 6.903e-06
83.34481857 9.294831674e-06 5.247e-06
83.34481778 -6.041071845e-06 3.496e-06
83.34786733 1.144514691e-05 5.73e-06
83.3478668 2.648566108e-06 5.558e-06
83.34786654 4.423118529e-06 5.583e-06
83.34786707 1.293753794e-05 5.127e-06
83.34786733 9.2138417e-06 4.803e-06
83.34786759 1.076307462e-05 6.749e-06
83.34786759 2.26938253e-06 6.162e-06
83.34786602 9.264200905e-06 3.151e-06
83.34786733 7.536526291e-06 4.578e-06
83.34786575 9.635363487e-06 3.636e-06
83.3478668 4.365780998e-06 4.445e-06
83.34786628 6.883994113e-06 4.403e-06
83.34786759 -1.692642158e-06 9.204e-06
83.34786733 4.753993548e-06 5.27e-06
83.34786654 4.853726653e-06 5.075e-06
83.35064966 -3.413613467e-06 6.014e-06
83.35064914 -1.663061655e-07 6.79e-06
83.35064887 1.674898155e-06 4.66e-06
83.3506494 1.509494465e-06 4.345e-06
83.35064966 2.213774093e-06 3.635e-06
83.35064992 -5.400505081e-06 7.715e-06
83.35064992 -1.484353905e-05 6.734e-06
83.35064835 -3.015809548e-06 3.173e-06
83.35064966 -2.486254868e-06 3.805e-06
83.35064808 -1.852579572e-06 3.506e-06
83.35064914 -8.181311874e-06 5.025e-06
83.3506494 -6.993901799e-06 6.405e-06
83.35064861 -5.96342969e-07 3.115e-06
83.35064992 -1.113993704e-05 8.117e-06
83.35064966 -6.809323766e-06 5.067e-06
83.35064887 -8.233809819e-06 5.077e-06
83.3534318 7.286343749e-07 5.998e-06
83.35343128 -3.414049817e-06 6.141e-06
83.35343102 1.332877657e-05 4.997e-06
83.35343154 2.121993914e-06 4.805e-06
83.3534318 3.614922146e-06 3.683e-06
83.35343207 -1.536639272e-06 5.311e-06
83.35343207 -3.080024956e-06 7.578e-06
83.35343049 -4.453112669e-06 2.867e-06
83.3534318 3.989178586e-06 4.043e-06
83.35343023 -3.817373702e-06 3.926e-06
83.35343128 -2.59768571e-06 6.002e-06
83.35343075 -6.876910967e-06 3.282e-06
83.35343154 4.519507044e-06 5.587e-06
83.35343207 7.601788214e-06 7.535e-06
83.3534318 -5.301444644e-07 4.336e-06
83.35343102 -3.412540121e-07 4.634e-06
83.35620958 -3.432272689e-06 4.117e-06
83.35620906 1.124874402e-06 4.897e-06
83.3562088 4.762351087e-06 4.564e-06
83.35620932 -3.238548688e-07 5.062e-06
83.35620958 -3.066658475e-07 4.142e-06
83.35620985 3.294263561e-06 5.01e-06
83.35620985 8.094997493e-07 7.497e-06
83.35620827 4.772387507e-07 2.925e-06
83.35620958 -4.912322295e-06 4.528e-06
83.35620801 -3.343569834e-07 3.942e-06
83.35620906 -2.832876406e-06 4.451e-06
83.35620932 7.798301076e-06 4.951e-06
83.35620853 5.816183025e-06 3.843e-06
83.35620985 -7.358716048e-06 8.648e-06
83.35620958 -4.58867659e-06 4.411e-06
83.3562088 9.483063879e-07 4.475e-06
83.35899328 -3.208258041e-06 4.377e-06
83.35899275 -5.799868765e-07 5.631e-06
83.35899249 5.12938045e-06 4.416e-06
83.35899301 -6.061827351e-06 5.333e-06
83.35899328 -7.87441361e-06 4.037e-06
83.35899354 1.6902866e-06 6.032e-06
83.35899354 -4.055343632e-06 5.73e-06
83.35899196 2.434370608e-06 3.262e-06
83.35899328 -2.524641982e-06 4.763e-06
83.3589917 2.111158006e-06 4.026e-06
83.35899275 -1.890097394e-06 4.17e-06
83.35899223 -2.710154433e-06 3.484e-06
83.35899301 -3.145249823e-06 5.337e-06
83.35899328 -5.458724541e-06 4.387e-06
83.35899249 3.197074948e-06 3.847e-06
83.36176192 -6.676594202e-06 4.51e-06
83.36176139 4.109205276e-06 4.982e-06
83.36176113 -7.391838918e-06 5.704e-06
83.36176166 6.086960272e-06 5.655e-06
83.36176192 7.187447445e-06 5.13e-06
83.36176218 -3.940346605e-06 6.003e-06
83.36176218 3.373297103e-06 5.709e-06
83.3617606 -2.644256416e-06 2.887e-06
83.36176192 4.146750654e-06 4.579e-06
83.36176034 -3.783807721e-06 3.593e-06
83.36176139 3.859499572e-06 4.308e-06
83.36176087 -3.925971094e-06 3.426e-06
83.36176166 9.252049167e-06 5.904e-06
83.36176218 -1.480239135e-05 1.1159e-05
83.36176192 5.075545312e-06 4.396e-06
83.36176113 -4.560612441e-06 4.204e-06
83.36454548 -8.457447882e-06 4.607e-06
83.36454496 -1.807182016e-07 4.764e-06
83.3645447 4.62757599e-06 5.684e-06
83.36454522 -1.065276066e-05 4.828e-06
83.36454548 -1.453638182e-05 6.687e-06
83.36454575 -3.46727413e-07 4.847e-06
83.36454575 -2.416759561e-06 5.152e-06
83.36454548 -8.595982454e-06 3.835e-06
83.36454417 -1.108010056e-06 3.331e-06
83.36454496 6.048729912e-06 5.531e-06
83.36454391 -6.769420852e-07 3.246e-06
83.36454522 -5.414863703e-06 5.468e-06
83.36454443 -1.117748877e-06 4.258e-06
83.36454575 -5.154890818e-06 8.583e-06
83.36454548 -6.202498204e-06 4.439e-06
83.3645447 -8.949426201e-06 4.963e-06
83.36670663 -1.061756869e-06 7.663e-06
83.3667061 -4.309266564e-06 7.628e-06
83.36670584 -5.69454574e-06 7.476e-06
83.36670636 1.000835364e-05 7.834e-06
83.36670663 -1.208964833e-05 8.212e-06
83.36670689 -3.892193877e-06 4.961e-06
83.36670689 -3.147867259e-06 8.091e-06
83.36670663 2.255918493e-06 5.579e-06
83.36670531 -4.367586064e-06 4.107e-06
83.3667061 1.634512697e-07 5.928e-06
83.36670505 -1.200618674e-05 4.002e-06
83.36670636 2.953685666e-06 6.718e-06
83.36670558 -1.083569796e-05 6.055e-06
83.36670689 -1.102181684e-05 9.844e-06
83.36670663 -7.836880031e-06 5.909e-06
83.36670584 4.922629571e-06 6.205e-06
