770.1576321 0.0001475874021 5.496e-06
770.1576318 0.000141929487 4.709e-06
770.1576321 0.0001544870643 3.705e-06
770.1576318 0.000150346044 2.672e-06
770.1576321 0.0001488591514 2.908e-06
770.1576318 0.0001555447222 5.123e-06
770.1576321 0.0001561030605 5.799e-06
770.1604077 9.015484631e-05 2.609e-06
770.1604069 9.526737292e-05 2.185e-06
770.1604101 9.706993478e-05 2.547e-06
770.1604088 9.906940539e-05 3.566e-06
770.1604109 9.632849516e-05 4.626e-06
770.160408 9.270533051e-05 2.665e-06
770.1604106 9.579404724e-05 4.265e-06
770.1604096 8.920417575e-05 2.738e-06
770.1604067 9.264699067e-05 2.133e-06
770.1604093 9.394716714e-05 3.463e-06
770.1604082 9.288164068e-05 2.285e-06
770.1604098 8.886550422e-05 2.86e-06
770.1604109 9.784965951e-05 3.775e-06
770.1604106 9.34173239e-05 3.068e-06
770.160409 9.573139308e-05 2.938e-06
770.1604101 9.59461697e-05 2.969e-06
770.1604085 9.412289028e-05 2.389e-06
770.1604103 8.81605174e-05 6.417e-06
770.1604064 9.165527142e-05 1.82e-06
770.1604109 9.575863392e-05 2.752e-06
770.1604096 9.317786049e-05 5.484e-06
770.1604106 9.561606151e-05 5.233e-06
770.1604061 9.277154894e-05 2.739e-06
770.1604103 8.970776579e-05 3.801e-06
770.1604098 9.536443827e-05 3.06e-06
770.1604088 9.380962063e-05 2.656e-06
770.1604109 9.852201598e-05 4.977e-06
770.1604093 9.401222399e-05 2.586e-06
770.1604101 8.692137251e-05 4.084e-06
770.1604077 9.33954136e-05 1.999e-06
770.1604075 9.578750206e-05 2.16e-06
770.1631881 3.289594607e-05 2.693e-06
770.1631873 3.268398972e-05 2.785e-06
770.1631891 3.972801516e-05 4.638e-06
770.1631912 2.540032489e-05 8.246e-06
770.1631884 2.909585533e-05 2.639e-06
770.163191 3.088041162e-05 4.756e-06
770.1631899 3.248849484e-05 3.275e-06
770.163187 2.896788129e-05 2.314e-06
770.1631897 3.041536411e-05 3.113e-06
770.1631912 3.383136555e-05 6.008e-06
770.163191 2.868740188e-05 3.329e-06
770.1631905 3.624410036e-05 4.561e-06
770.1631907 3.168578202e-05 6.6e-06
770.1631912 3.121878344e-05 5.197e-06
770.163191 2.643454094e-05 6.334e-06
770.1631865 2.671117111e-05 2.877e-06
770.1631899 2.732287539e-05 4.98e-06
770.1631907 3.966993333e-05 4.754e-06
770.1631902 3.05253228e-05 3.035e-06
770.1631891 2.89001653e-05 3.119e-06
770.1631912 2.833334119e-05 5.524e-06
770.1631897 2.991783179e-05 2.658e-06
770.1631905 2.906901476e-05 3.252e-06
770.1631881 2.982665388e-05 2.354e-06
770.1631878 2.961407622e-05 2.37e-06
770.1659606 -1.960356621e-05 2.238e-06
770.1659598 -2.558655199e-05 2.505e-06
770.165963 -2.293614923e-05 3.392e-06
770.1659616 -1.990227444e-05 4.32e-06
770.1659637 -1.653432321e-05 7.731e-06
770.1659609 -2.229286157e-05 2.27e-06
770.1659635 -1.932978625e-05 3.733e-06
770.1659624 -1.736492044e-05 3.199e-06
770.1659595 -1.954377862e-05 2.24e-06
770.1659611 -2.25289715e-05 2.184e-06
770.1659627 -2.020720912e-05 2.474e-06
770.1659637 -1.474613743e-05 4.193e-06
770.1659635 -1.915265609e-05 4.028e-06
770.1659619 -2.061706641e-05 2.67e-06
770.165963 -1.873844093e-05 3.81e-06
770.1659614 -2.00917879e-05 1.996e-06
770.1659593 -2.398323008e-05 2.202e-06
770.1659637 -1.44121381e-05 4.715e-06
770.1659635 -2.096939141e-05 2.814e-06
770.1659624 -2.595527208e-05 4.661e-06
770.165959 -1.789273163e-05 2.848e-06
770.1659632 -1.754619453e-05 4.764e-06
770.1659627 -2.037543671e-05 2.645e-06
770.1659616 -2.292760807e-05 3.439e-06
770.1659637 -2.325360393e-05 4.307e-06
770.1659622 -2.37713941e-05 2.064e-06
770.165963 -1.656928727e-05 2.673e-06
770.1659606 -1.85180686e-05 2.202e-06
770.1659603 -2.052096186e-05 2.043e-06
770.1687439 -7.276559729e-05 2.447e-06
770.168745 -7.920457225e-05 3.427e-06
770.1687463 -7.271006048e-05 2.809e-06
770.1687431 -7.257424652e-05 2.04e-06
770.1687471 -7.263029131e-05 4.886e-06
770.1687468 -6.996328853e-05 2.879e-06
770.1687442 -7.662437386e-05 2.269e-06
770.1687457 -7.879691598e-05 3.8e-06
770.1687429 -7.647135788e-05 1.959e-06
770.1687455 -7.311183318e-05 2.664e-06
770.1687444 -7.237027111e-05 2.554e-06
770.168746 -7.098276953e-05 3.132e-06
770.1687471 -7.397542027e-05 4.852e-06
770.1687468 -7.121446417e-05 3.778e-06
770.1687452 -7.375688828e-05 3.062e-06
770.1687463 -7.240578685e-05 3.862e-06
770.1687465 -7.051399039e-05 9.645e-06
770.1687447 -7.582520857e-05 1.916e-06
770.1687426 -7.573523961e-05 2.447e-06
770.1687471 -6.367125954e-05 4.237e-06
770.1687468 -7.54607854e-05 3.892e-06
770.1687457 -7.027111403e-05 4.512e-06
770.1687423 -7.53134843e-05 3.168e-06
770.1687465 -7.325583045e-05 4.153e-06
770.168746 -7.4908544e-05 3.273e-06
770.168745 -7.077794364e-05 2.571e-06
770.1687471 -7.676454411e-05 4.105e-06
770.1687455 -7.289690733e-05 2.056e-06
770.1687463 -7.047145402e-05 2.606e-06
770.1687439 -7.560323243e-05 2.106e-06
770.1687436 -7.550162376e-05 2.29e-06
770.1715181 -0.0001249947002 2.192e-06
770.1715205 -0.0001203107892 3.862e-06
770.1715173 -0.000123780152 1.96e-06
770.1715192 -0.000122398353 4.158e-06
770.1715213 -0.0001174642213 4.546e-06
770.171521 -0.0001181852271 3.383e-06
770.1715184 -0.0001241186877 2.355e-06
770.1715199 -0.0001174154953 2.945e-06
770.1715171 -0.0001214910201 2.357e-06
770.1715197 -0.0001209825273 2.99e-06
770.1715186 -0.0001212853128 2.201e-06
770.1715202 -0.0001228672192 3.201e-06
770.1715213 -0.0001212573283 4.088e-06
770.171521 -0.0001268502286 4.068e-06
770.1715194 -0.000121090554 2.816e-06
770.1715205 -0.0001226400246 4.059e-06
770.1715189 -0.0001206359156 2.319e-06
770.1715168 -0.0001243744108 2.328e-06
770.1715213 -0.0001150652777 4.759e-06
770.171521 -0.0001205749581 4.791e-06
770.1715165 -0.0001232088876 2.567e-06
770.1715199 -0.000120073618 4.24e-06
770.1715207 -0.0001197722045 3.733e-06
770.1715202 -0.0001232897674 2.705e-06
770.1715192 -0.0001255631648 2.147e-06
770.1715213 -0.0001191746817 2.779e-06
770.1715197 -0.0001188347789 2.693e-06
770.1715205 -0.0001201894908 2.339e-06
770.1715181 -0.0001242905557 2.433e-06
770.1715178 -0.0001209444585 1.905e-06
770.1736052 -0.0001583987518 3.007e-06
770.1736076 -0.0001441273181 5.929e-06
770.1736045 -0.0001547542475 3.387e-06
770.1736063 -0.0001570062614 6.318e-06
770.1736084 -0.0001576105729 5.63e-06
770.1736081 -0.0001540179263 4.654e-06
770.1736055 -0.0001580121259 3.795e-06
770.1736071 -0.0001477763464 4.224e-06
770.1736042 -0.000152814872 3.377e-06
770.1736068 -0.0001533057971 4.27e-06
770.1736058 -0.0001530651523 3.349e-06
770.1736073 -0.0001486702615 3.619e-06
770.1736084 -0.0001422599688 6.121e-06
770.1736081 -0.0001470033855 6.89e-06
770.1736079 -0.0001565808403 9.916e-06
770.1736066 -0.0001512467314 2.846e-06
770.1736076 -0.0001547022602 3.725e-06
770.173606 -0.0001508853226 3.762e-06
770.1736039 -0.0001579794315 3.152e-06
770.1736084 -0.0001522894724 1.0942e-05
770.1736081 -0.0001513991439 4.861e-06
770.1736037 -0.0001595568955 3.072e-06
770.1736071 -0.0001507851666 4.554e-06
770.1736079 -0.0001551708685 3.828e-06
770.1736073 -0.0001579669847 3.838e-06
770.1736063 -0.0001501802907 3.363e-06
770.1736084 -0.0001544601719 3.343e-06
770.1736068 -0.0001523574214 5.332e-06
770.1736076 -0.0001573990501 4.776e-06
770.1736052 -0.0001566211618 3.553e-06
770.173605 -0.0001607245356 3.126e-06
770.1757767 -0.0001884302997 2.374e-06
770.1757791 -0.0001812379713 3.17e-06
770.1757778 -0.0001879904698 3.542e-06
770.1757759 -0.0001821101593 2.276e-06
770.1757799 -0.0001773617656 4.142e-06
770.1757796 -0.0001827353381 3.788e-06
770.175777 -0.0001869513029 2.61e-06
770.1757786 -0.0001840209237 3.394e-06
770.1757757 -0.0001875819858 2.4e-06
770.1757783 -0.0001843612811 2.761e-06
770.1757772 -0.0001809987817 2.595e-06
770.1757788 -0.0001825174631 2.868e-06
770.1757799 -0.0001780946164 3.436e-06
770.1757796 -0.0001825713221 4.03e-06
770.1757793 -0.0001947780348 8.941e-06
770.175778 -0.0001841485276 2.628e-06
770.1757791 -0.0001838149277 2.307e-06
770.1757775 -0.000183705384 2.23e-06
770.1757754 -0.0001837808227 2.155e-06
770.1757799 -0.0001879632234 3.884e-06
770.1757796 -0.0001819115721 4.674e-06
770.1757751 -0.0001847211337 3.067e-06
770.1757793 -0.0001776220778 4.208e-06
770.1757786 -0.0001880789389 3.327e-06
770.1757788 -0.0001844444982 2.713e-06
770.1757778 -0.0001858103464 2.63e-06
770.1757799 -0.0001801872034 3.184e-06
770.1757783 -0.0001865309616 2.629e-06
770.1757791 -0.0001825368925 3.22e-06
770.1757796 -0.0001806295439 1.4052e-05
770.1757767 -0.0001835128899 2.132e-06
770.1757765 -0.0001835532735 2.076e-06
770.1785566 -0.0002186320511 1.828e-06
770.1785589 -0.0002108332601 2.878e-06
770.1785558 -0.0002194922615 1.979e-06
770.1785576 -0.0002148182296 4.446e-06
770.1785597 -0.0002204252257 4.223e-06
770.1785594 -0.0002125677995 4.075e-06
770.1785568 -0.0002141609377 2.589e-06
770.1785584 -0.0002221004686 3.155e-06
770.1785555 -0.0002183835964 2.403e-06
770.1785571 -0.0002189977413 2.25e-06
770.1785587 -0.0002216022194 2.884e-06
770.1785597 -0.0002166930084 2.218e-06
770.1785594 -0.0002138066499 4.279e-06
770.1785579 -0.0002208769993 2.294e-06
770.1785589 -0.0002168462767 2.148e-06
770.1785592 -0.0002120692445 6.773e-06
770.1785573 -0.0002138605697 2.881e-06
770.1785552 -0.0002184438507 1.923e-06
770.1785597 -0.0002124358232 3.244e-06
770.1785594 -0.0002152746554 4.703e-06
770.178555 -0.0002184741073 2.648e-06
770.1785592 -0.0002158306437 3.158e-06
770.1785584 -0.0002099285258 2.458e-06
770.1785587 -0.0002221296446 2.655e-06
770.1785576 -0.0002178356426 2.327e-06
770.1785597 -0.0002218179724 3.583e-06
770.1785581 -0.000218967361 2.827e-06
770.1785589 -0.0002204424139 3.246e-06
770.1785566 -0.0002221547724 2.373e-06
770.1785563 -0.0002205782643 2.105e-06
770.1813335 -0.0002463787827 1.845e-06
770.1813359 -0.0002446139513 3.263e-06
770.1813327 -0.0002414011418 2.347e-06
770.1813346 -0.0002462725144 3.73e-06
770.1813367 -0.0002417827792 4.909e-06
770.1813364 -0.0002422747601 2.472e-06
770.1813338 -0.0002441193051 1.973e-06
770.1813353 -0.0002447888918 3.407e-06
770.1813325 -0.0002469068413 2.286e-06
770.1813351 -0.0002460164721 3.797e-06
770.181334 -0.0002443234481 2.537e-06
770.1813356 -0.0002458611926 2.476e-06
770.1813367 -0.0002401039105 2.629e-06
770.1813364 -0.0002424007136 3.018e-06
770.1813348 -0.0002468030614 2.428e-06
770.1813359 -0.0002397880871 2.92e-06
770.1813361 -0.0002534400755 1.013e-05
770.1813343 -0.0002431754336 2.743e-06
770.1813322 -0.0002420755952 2.149e-06
770.1813367 -0.0002406691655 2.619e-06
770.1813364 -0.0002438184591 3.46e-06
770.1813319 -0.0002468366326 2.541e-06
770.1813361 -0.0002448334544 2.235e-06
770.1813353 -0.0002394573703 3.025e-06
770.1813356 -0.0002434416556 3.409e-06
770.1813346 -0.0002428751479 2.904e-06
770.1813367 -0.0002369621374 4.247e-06
770.1813351 -0.0002405789653 2.242e-06
770.1813359 -0.0002514857926 3.163e-06
770.1813335 -0.0002453318323 2.431e-06
770.1813332 -0.0002471583061 1.895e-06
770.1841134 -0.0002619540908 2.395e-06
770.1841158 -0.0002602417237 3.144e-06
770.1841126 -0.0002615762223 2.423e-06
770.1841166 -0.0002491321267 7.239e-06
770.1841145 -0.0002662887286 3.089e-06
770.1841163 -0.0002592156203 3.139e-06
770.1841137 -0.0002648644991 1.894e-06
770.1841152 -0.0002612618747 2.63e-06
770.1841124 -0.0002650328817 1.808e-06
770.184115 -0.0002641644395 3.166e-06
770.1841139 -0.0002633624745 2.492e-06
770.1841155 -0.0002638594061 2.381e-06
770.1841166 -0.0002565275832 2.965e-06
770.1841163 -0.0002590297508 2.446e-06
770.1841147 -0.000263767638 2.3e-06
770.1841158 -0.0002569553662 2.777e-06
770.1841142 -0.0002604944338 2.488e-06
770.1841121 -0.0002643437773 2.658e-06
770.1841166 -0.0002624569747 2.673e-06
770.1841163 -0.000257360919 3.743e-06
770.1841118 -0.0002686266535 2.74e-06
770.184116 -0.0002595846375 2.587e-06
770.1841152 -0.0002656483954 3.643e-06
770.1841155 -0.0002652234733 3.053e-06
770.1841145 -0.0002608613387 3.146e-06
770.1841166 -0.0002621190301 5.917e-06
770.184115 -0.0002628636601 2.266e-06
770.1841158 -0.0002614589386 3.323e-06
770.1841134 -0.0002617961785 2.226e-06
770.1841131 -0.0002596491122 1.917e-06
770.1868906 -0.0002741492164 2.364e-06
770.1868929 -0.0002714047342 3.422e-06
770.1868898 -0.0002738309907 2.29e-06
770.1868937 -0.0002805507779 8.381e-06
770.1868916 -0.0002719319257 2.74e-06
770.1868934 -0.0002685706558 4.121e-06
770.1868908 -0.0002759553064 2.058e-06
770.1868924 -0.0002695790689 2.755e-06
770.1868895 -0.0002741114022 2.136e-06
770.1868921 -0.0002759125715 2.644e-06
770.1868911 -0.0002707146182 2.598e-06
770.1868927 -0.0002704178871 2.557e-06
770.1868937 -0.0002624338001 3.658e-06
770.1868934 -0.0002717456126 2.964e-06
770.1868919 -0.0002741482483 2.43e-06
770.1868929 -0.0002740506339 2.482e-06
770.1868913 -0.0002687127333 2.515e-06
770.1868892 -0.0002760707897 1.971e-06
770.1868937 -0.0002688291842 4.549e-06
770.1868934 -0.0002661431996 3.823e-06
770.186889 -0.0002726292519 2.748e-06
770.1868932 -0.0002717841215 4.346e-06
770.1868924 -0.0002707207506 2.937e-06
770.1868927 -0.0002767690295 3.494e-06
770.1868916 -0.0002769610399 2.448e-06
770.1868937 -0.0002751920015 6.726e-06
770.1868921 -0.0002760978337 2.731e-06
770.1868929 -0.0002707156082 4.26e-06
770.1868906 -0.0002755855356 2.689e-06
770.1868903 -0.0002726865561 2.394e-06
770.1896674 -0.0002788549087 2.413e-06
770.1896697 -0.0002784287367 3.213e-06
770.1896666 -0.0002771451348 2.376e-06
770.1896705 -0.000273527241 7.216e-06
770.1896684 -0.0002814822429 2.577e-06
770.1896702 -0.0002795105644 4.801e-06
770.1896676 -0.0002797593939 2.139e-06
770.1896692 -0.0002781776381 2.388e-06
770.1896663 -0.0002800893871 2.214e-06
770.1896689 -0.0002792976187 2.724e-06
770.1896679 -0.0002788689775 2.172e-06
770.1896695 -0.0002760508239 3.428e-06
770.1896705 -0.0002735877671 3.62e-06
770.18967 -0.0002896434465 5.289e-06
770.1896702 -0.0002827639182 3.899e-06
770.1896687 -0.0002828813376 2.342e-06
770.1896697 -0.0002788493469 2.829e-06
770.1896681 -0.0002808924045 3.039e-06
770.189666 -0.0002825739985 2.147e-06
770.1896705 -0.0002803009393 5.318e-06
770.1896702 -0.0002787329425 3.303e-06
770.1896692 -0.0002819385507 3.538e-06
770.1896658 -0.0002785134861 2.923e-06
770.18967 -0.0002745334322 4.043e-06
770.1896695 -0.0002813697456 3.275e-06
770.1896684 -0.0002779437713 2.508e-06
770.1896705 -0.0002824175088 6.2e-06
770.1896689 -0.0002782548495 2.764e-06
770.1896697 -0.0002720037547 3.38e-06
770.1896674 -0.0002824065916 2.656e-06
770.1896671 -0.0002817749233 2.085e-06
770.1924468 -0.0002808107254 2.216e-06
770.1924491 -0.0002725245654 3.217e-06
770.192446 -0.0002807308343 2.242e-06
770.1924499 -0.000270284817 4.955e-06
770.1924478 -0.0002776101106 2.712e-06
770.1924497 -0.0002699550108 5.003e-06
770.192447 -0.0002786417012 1.992e-06
770.1924486 -0.0002736477835 3.198e-06
770.1924457 -0.0002820418813 2.168e-06
770.1924483 -0.0002731046184 2.568e-06
770.1924489 -0.0002781650979 4.118e-06
770.1924499 -0.0002780548495 4.417e-06
770.1924494 -0.0002739483754 4.634e-06
770.1924497 -0.0002753126156 4.14e-06
770.1924481 -0.0002789455724 3.359e-06
770.1924491 -0.000280290911 2.708e-06
770.1924476 -0.0002759256613 3.209e-06
770.1924455 -0.0002804572504 2.362e-06
770.1924499 -0.0002712667476 6.346e-06
770.1924497 -0.0002753375018 2.975e-06
770.1924452 -0.0002806177619 2.562e-06
770.1924494 -0.0002819113529 3.794e-06
770.1924489 -0.0002747587575 2.916e-06
770.1924478 -0.000278376975 2.627e-06
770.1924499 -0.0002843043643 4.451e-06
770.1924483 -0.0002812230581 2.855e-06
770.1924491 -0.0002734336807 2.581e-06
770.1924468 -0.0002800060707 2.261e-06
770.1924465 -0.0002829168001 1.861e-06
770.1952189 -0.0002695183531 2.394e-06
770.1952212 -0.0002642836746 4.078e-06
770.1952181 -0.0002722932574 2.216e-06
770.195222 -0.0002630787628 4.714e-06
770.1952199 -0.00026781206 3.033e-06
770.1952218 -0.000271248 4.163e-06
770.1952191 -0.0002705076824 2.745e-06
770.1952207 -0.0002619698847 3.401e-06
770.1952178 -0.0002695978893 1.861e-06
770.1952205 -0.0002682574265 2.882e-06
770.1952194 -0.0002719828193 2.349e-06
770.195221 -0.0002681264364 2.813e-06
770.195222 -0.0002733998235 6.903e-06
770.1952215 -0.0002731412354 3.505e-06
770.1952218 -0.0002709502948 4.225e-06
770.1952202 -0.0002689095395 2.599e-06
770.1952212 -0.0002720872986 2.352e-06
770.1952197 -0.0002671638279 3.478e-06
770.1952176 -0.0002717737201 2.525e-06
770.195222 -0.000264782042 4.564e-06
770.1952218 -0.0002631371467 3.825e-06
770.1952173 -0.0002715255898 2.124e-06
770.1952215 -0.0002707092084 3.704e-06
770.1952207 -0.0002664812396 3.602e-06
770.195221 -0.0002683562439 3.594e-06
770.1952199 -0.0002684864283 2.705e-06
770.195222 -0.0002698547048 3.297e-06
770.1952205 -0.0002660386165 2.971e-06
770.1952212 -0.0002652376216 3.467e-06
770.1952189 -0.0002714634218 2.191e-06
770.1952186 -0.0002731197223 2.083e-06
770.1979984 -0.0002600131479 2.632e-06
770.1979995 -0.0002553472689 5.399e-06
770.1980008 -0.0002585637365 3.508e-06
770.1979976 -0.0002605693223 2.066e-06
770.1980016 -0.0002558758425 7.63e-06
770.1980013 -0.0002554244462 3.507e-06
770.1979987 -0.0002613983787 2.927e-06
770.1980003 -0.0002555632033 2.799e-06
770.1979974 -0.0002584770581 2.139e-06
770.198 -0.0002623205967 2.713e-06
770.197999 -0.000259287316 2.336e-06
770.1980005 -0.000254187109 3e-06
770.1980016 -0.0002607829878 6.733e-06
770.1980013 -0.0002543777646 5.199e-06
770.1980011 -0.0002547031286 7.018e-06
770.1979997 -0.0002580358815 2.546e-06
770.1980008 -0.000258245769 2.565e-06
770.1979992 -0.0002533712087 2.717e-06
770.1979971 -0.0002582801241 2.466e-06
770.1980016 -0.000256025149 4.132e-06
770.1980013 -0.0002509258968 4.607e-06
770.1980003 -0.0002540633796 3.191e-06
770.1979969 -0.0002601631566 2.853e-06
770.1980011 -0.0002588508385 4.417e-06
770.1979995 -0.0002565208303 3.217e-06
770.1980016 -0.0002509106335 2.005e-06
770.198 -0.0002588330918 3.306e-06
770.1980008 -0.0002520873368 3.968e-06
770.1979984 -0.0002558457761 2.526e-06
770.1979982 -0.0002575878078 2.392e-06
770.2007816 -0.00023822297 2.071e-06
770.2007839 -0.0002402424109 3.504e-06
770.2007808 -0.0002395132464 2.209e-06
770.2007847 -0.0002311834635 5.714e-06
770.2007845 -0.0002307569429 2.487e-06
770.2007818 -0.0002299031082 2.567e-06
770.2007834 -0.0002335101786 2.371e-06
770.2007805 -0.0002358614525 2.105e-06
770.2007831 -0.0002359045133 2.616e-06
770.2007821 -0.0002316323629 2.544e-06
770.2007837 -0.0002320283738 2.467e-06
770.2007847 -0.0002227617198 5.178e-06
770.2007845 -0.0002307483415 3.975e-06
770.2007829 -0.0002319674186 2.829e-06
770.2007839 -0.0002314001175 2.922e-06
770.2007824 -0.0002367366206 2.416e-06
770.2007803 -0.0002382781456 1.839e-06
770.2007847 -0.0002337224279 4.844e-06
770.2007845 -0.0002251193051 5.178e-06
770.20078 -0.0002366378787 2.566e-06
770.2007842 -0.0002318554986 4.158e-06
770.2007834 -0.0002293326373 3.433e-06
770.2007837 -0.0002356114933 2.168e-06
770.2007847 -0.0002359090401 3.985e-06
770.2007831 -0.000236694311 2.667e-06
770.2007826 -0.0002341049543 3.636e-06
770.2007839 -0.0002342505775 3.339e-06
770.2007816 -0.0002391322665 2.89e-06
770.2007829 -0.0002352399642 3.633e-06
770.2007813 -0.0002356354289 2.458e-06
770.2035597 -0.0002033303002 2.552e-06
770.2035607 -0.0002088357363 3.313e-06
770.203562 -0.0002054321839 3.689e-06
770.2035589 -0.0002076778049 2.586e-06
770.2035628 -0.0001951758104 5.533e-06
770.2035625 -0.0002074819217 4.598e-06
770.2035599 -0.0002071130271 2.357e-06
770.2035615 -0.0002052483754 2.304e-06
770.2035586 -0.0002127411126 1.935e-06
770.2035612 -0.0002038867818 3.275e-06
770.2035602 -0.0002034041059 2.535e-06
770.2035618 -0.0002031327108 3.304e-06
770.2035628 -0.0002056579463 4.152e-06
770.2035625 -0.0002036383182 3.573e-06
770.2035623 -0.0002060080255 9.679e-06
770.203561 -0.0002069707356 2.911e-06
770.203562 -0.0002030995438 3.734e-06
770.2035604 -0.0002043646584 2.281e-06
770.2035583 -0.000209434576 2.163e-06
770.2035628 -0.0002065640943 2.713e-06
770.2035625 -0.0002135411338 7.034e-06
770.2035581 -0.000209592797 2.741e-06
770.2035623 -0.0002032177039 3.599e-06
770.2035615 -0.000205682405 3.314e-06
770.2035618 -0.0002045859266 3.599e-06
770.2035607 -0.0002071057614 3.241e-06
770.2035628 -0.0002117927219 5.331e-06
770.2035612 -0.0002086697077 2.451e-06
770.203562 -0.0002033615588 3.453e-06
770.2035597 -0.0002074371477 2.511e-06
770.2035594 -0.0002090371406 2.256e-06
770.2063343 -0.0001753704449 2.367e-06
770.2063354 -0.0001754231358 3.262e-06
770.2063367 -0.0001708622171 3.295e-06
770.2063335 -0.0001795041818 2.218e-06
770.2063375 -0.0001653871128 7.054e-06
770.2063372 -0.0001822748604 6.595e-06
770.2063346 -0.0001782416397 2.428e-06
770.2063362 -0.0001787019032 2.474e-06
770.2063333 -0.0001817204379 2.051e-06
770.2063359 -0.000175725172 2.683e-06
770.2063348 -0.0001773417278 2.722e-06
770.2063364 -0.0001746788974 3.149e-06
770.2063375 -0.0001680324889 5.949e-06
770.2063369 -0.000172545686 8.955e-06
770.2063372 -0.0001734259192 3.065e-06
770.2063356 -0.0001787332533 2.72e-06
770.2063367 -0.0001730088018 4.334e-06
770.2063351 -0.000181298512 2.9e-06
770.206333 -0.0001795150695 2.09e-06
770.2063375 -0.0001709717956 3.898e-06
770.2063372 -0.0001741830133 5.558e-06
770.2063327 -0.0001809270972 3.071e-06
770.2063369 -0.0001795564089 2.727e-06
770.2063362 -0.0001786742608 3.085e-06
770.2063364 -0.0001789941807 2.957e-06
770.2063354 -0.0001739160115 2.496e-06
770.2063375 -0.0001762837403 3.8e-06
770.2063359 -0.0001766880484 2.572e-06
770.2063367 -0.0001772304081 3.127e-06
770.2063343 -0.0001804818294 2.652e-06
770.2063341 -0.0001783203586 2.275e-06
770.2091164 -0.0001438826541 1.948e-06
770.2091187 -0.0001321195512 3.548e-06
770.2091156 -0.000142143541 2.58e-06
770.2091174 -0.0001394829988 3.136e-06
770.2091195 -0.0001339718552 5.193e-06
770.2091193 -0.0001416494697 3.47e-06
770.2091166 -0.00014076683 2.09e-06
770.2091182 -0.000140422549 2.702e-06
770.2091153 -0.000140196034 2.108e-06
770.209118 -0.0001419367586 2.091e-06
770.2091169 -0.0001439582158 2.145e-06
770.2091185 -0.0001387863824 3.175e-06
770.2091195 -0.0001399769143 6.228e-06
770.209119 -0.0001429688208 6.499e-06
770.2091193 -0.000142771925 4.612e-06
770.2091177 -0.0001388935467 2.481e-06
770.2091187 -0.0001334999717 3.751e-06
770.2091172 -0.0001394207442 2.792e-06
770.2091151 -0.0001396897159 2.58e-06
770.2091195 -0.0001398599087 4.677e-06
770.2091193 -0.0001385176504 5.061e-06
770.2091148 -0.000140431113 2.449e-06
770.209119 -0.0001366953549 4.558e-06
770.2091182 -0.0001326495071 2.756e-06
770.2091185 -0.0001383404712 2.411e-06
770.2091174 -0.0001419969304 2.6e-06
770.2091195 -0.0001403300808 2.492e-06
770.209118 -0.0001395644008 2.663e-06
770.2091187 -0.0001398062975 3.04e-06
770.2091164 -0.0001433744014 2.377e-06
770.2091161 -0.0001414048964 2.338e-06
770.2118891 -9.731681118e-05 2.286e-06
770.2118914 -9.528338304e-05 2.959e-06
770.2118883 -0.0001001608886 2.252e-06
770.2118901 -9.961022954e-05 4.326e-06
770.2118922 -9.178865596e-05 8.2e-06
770.211892 -9.853624356e-05 2.531e-06
770.2118893 -0.0001016514418 2.448e-06
770.2118909 -9.78790748e-05 2.962e-06
770.211888 -9.596317391e-05 2.533e-06
770.2118907 -9.459924734e-05 2.138e-06
770.2118896 -9.765120768e-05 2.168e-06
770.2118912 -0.0001022332993 3.69e-06
770.2118922 -9.650725751e-05 4.076e-06
770.211892 -9.541773519e-05 3.029e-06
770.2118917 -9.365267111e-05 3.353e-06
770.2118904 -9.406484144e-05 2.22e-06
770.2118914 -9.730200006e-05 3.898e-06
770.2118899 -9.826700931e-05 2.618e-06
770.2118878 -9.854596648e-05 2.26e-06
770.2118922 -9.562814277e-05 3.051e-06
770.211892 -9.509685677e-05 3.688e-06
770.2118875 -9.998556367e-05 2.576e-06
770.2118917 -9.792726303e-05 3.587e-06
770.2118909 -9.648133446e-05 2.279e-06
770.2118912 -9.95176545e-05 3.193e-06
770.2118901 -9.692007058e-05 2.406e-06
770.2118922 -0.0001014549264 3.047e-06
770.2118907 -0.0001004438409 2.208e-06
770.2118914 -0.0001005783377 2.643e-06
770.2118891 -0.0001010902806 2.437e-06
770.2118888 -0.0001005027039 2.209e-06
770.2146703 -5.626590533e-05 2.367e-06
770.2146727 -5.25841794e-05 3.268e-06
770.2146695 -5.457321542e-05 2.43e-06
770.2146735 -5.493510298e-05 7.188e-06
770.2146714 -5.896403774e-05 3.464e-06
770.2146732 -5.057921109e-05 4.07e-06
770.2146706 -5.468576392e-05 2.021e-06
770.2146721 -5.375044732e-05 3.011e-06
770.2146693 -5.466562411e-05 2.279e-06
770.2146719 -5.299900775e-05 2.601e-06
770.2146708 -5.321616516e-05 2.441e-06
770.2146724 -5.010481989e-05 3.263e-06
770.2146735 -4.644764484e-05 3.708e-06
770.2146732 -5.333406594e-05 2.378e-06
770.2146716 -5.256872378e-05 2.899e-06
770.2146727 -5.072703937e-05 3.381e-06
770.2146729 -6.192075892e-05 9.574e-06
770.2146711 -5.226912461e-05 2.732e-06
770.214669 -5.453638399e-05 2.102e-06
770.2146735 -5.593106297e-05 2.575e-06
770.2146732 -5.051903594e-05 5.834e-06
770.2146687 -5.83891596e-05 2.813e-06
770.2146729 -4.519421815e-05 4.954e-06
770.2146721 -5.21128237e-05 3.192e-06
770.2146724 -5.424922949e-05 3.205e-06
770.2146714 -5.292226861e-05 2.502e-06
770.2146735 -4.919390322e-05 3.788e-06
770.2146719 -5.367843428e-05 2.362e-06
770.2146727 -5.00460778e-05 3.184e-06
770.2146703 -5.140891092e-05 2.893e-06
770.21467 -5.096491205e-05 2.25e-06
770.2174417 -1.278950657e-06 2.567e-06
770.2174409 -6.451407193e-06 2.318e-06
770.2174441 -3.191047615e-06 2.891e-06
770.2174449 2.92710697e-06 3.949e-06
770.217442 -5.098208909e-06 2.395e-06
770.2174446 -6.150822102e-06 3.446e-06
770.2174435 -4.357686462e-06 3.39e-06
770.2174407 -8.645190984e-06 2.441e-06
770.2174433 -7.50455316e-06 2.032e-06
770.2174422 -5.452750493e-06 2.087e-06
770.2174438 -6.741812478e-06 3.259e-06
770.2174449 -3.180642831e-06 2.965e-06
770.2174446 -7.865496425e-07 3.251e-06
770.217443 -5.758379582e-06 2.54e-06
770.2174441 1.399357713e-06 3.503e-06
770.2174425 -6.357722497e-06 2.898e-06
770.2174443 -1.043240649e-05 9.861e-06
770.2174404 -7.272037432e-06 2.093e-06
770.2174449 -1.601904463e-06 4.353e-06
770.2174401 -7.492086203e-06 2.771e-06
770.2174435 1.742082625e-06 3.598e-06
770.2174443 -5.552837017e-06 3.512e-06
770.2174438 -3.192029944e-06 3.707e-06
770.2174428 -8.649613828e-06 3.035e-06
770.2174433 -2.197376417e-06 2.596e-06
770.2174441 -5.263391217e-06 2.86e-06
770.2174417 -7.053333856e-06 2.406e-06
770.217443 -1.958417642e-06 4.678e-06
770.2174414 -5.128720826e-06 2.16e-06
770.2202241 4.643786302e-05 2.433e-06
770.2202251 4.416380319e-05 4.654e-06
770.2202233 4.731061573e-05 2.424e-06
770.2202264 4.876605821e-05 2.487e-06
770.2202272 5.724643846e-05 5.479e-06
770.2202243 4.667853388e-05 2.863e-06
770.2202269 5.281655681e-05 3.032e-06
770.2202259 5.03012797e-05 2.901e-06
770.2202256 4.725320958e-05 2.077e-06
770.2202246 4.515437604e-05 2.789e-06
770.2202262 4.503304297e-05 2.021e-06
770.2202272 4.40949897e-05 5.308e-06
770.2202269 4.831652077e-05 4.863e-06
770.2202254 4.69418818e-05 3.311e-06
770.2202264 4.843642794e-05 3.323e-06
770.2202248 4.529029127e-05 2.721e-06
770.2202267 4.074743029e-05 1.4183e-05
770.2202227 4.583964197e-05 2.117e-06
770.2202272 4.795939791e-05 3.311e-06
770.2202269 4.156708052e-05 3.613e-06
770.2202225 4.647155754e-05 2.722e-06
770.2202259 3.944097513e-05 3.9e-06
770.2202267 4.347624089e-05 3.259e-06
770.2202262 4.65271213e-05 3.319e-06
770.2202251 4.547342369e-05 2.921e-06
770.2202272 4.884332259e-05 2.01e-06
770.2202256 5.105715523e-05 3.035e-06
770.2202264 4.273941037e-05 3.375e-06
770.2202241 4.389074764e-05 2.403e-06
770.2202238 4.774155707e-05 1.983e-06
770.2230074 9.542269229e-05 2.405e-06
770.2230066 9.885079106e-05 2.3e-06
770.2230098 0.0001033828489 2.742e-06
770.2230105 0.0001087148683 3.925e-06
770.2230077 9.790716133e-05 2.083e-06
770.2230103 0.0001034676295 3.005e-06
770.2230092 0.0001024104022 2.732e-06
770.2230063 0.0001002860365 2.384e-06
770.223009 9.355322706e-05 2.61e-06
770.2230079 9.339776999e-05 2.478e-06
770.2230095 9.720135146e-05 2.16e-06
770.2230105 0.0001037138555 3.201e-06
770.2230103 9.735759897e-05 3.585e-06
770.2230087 0.0001004720382 2.828e-06
770.2230098 0.0001046554267 2.224e-06
770.2230082 9.790623129e-05 2.795e-06
770.22301 0.0001032281029 7.127e-06
770.2230061 9.374605975e-05 2.17e-06
770.2230105 0.0001022356768 3.755e-06
770.2230103 9.432513847e-05 4.252e-06
770.2230058 9.670050124e-05 2.653e-06
770.22301 9.674891118e-05 3.117e-06
770.2230092 9.981185157e-05 3.493e-06
770.2230095 9.920181807e-05 2.321e-06
770.2230105 0.0001032320742 2.324e-06
770.223009 0.0001049398379 2.916e-06
770.2230087 0.0001094334785 7.814e-06
770.2230084 0.0001005077686 2.96e-06
770.2230098 0.0001029243894 2.28e-06
770.2230074 9.178723733e-05 2.315e-06
770.2230071 9.878736612e-05 2.294e-06
770.2257807 0.0001491573425 2.701e-06
770.2257799 0.000151948005 2.372e-06
770.225783 0.0001560056506 3.914e-06
770.2257838 0.0001533671043 4.641e-06
770.2257809 0.0001468538251 2.515e-06
770.2257836 0.0001521261542 4.064e-06
770.2257825 0.0001514039521 3.438e-06
770.2257796 0.0001466241959 2.299e-06
770.2257823 0.0001550647846 2.709e-06
770.2257812 0.0001499174021 2.44e-06
770.2257828 0.0001526398641 2.888e-06
770.2257838 0.0001582859837 4.175e-06
770.2257836 0.0001541993122 2.985e-06
770.225782 0.0001529445391 2.663e-06
770.225783 0.0001513945079 2.392e-06
770.2257815 0.0001532248536 2.523e-06
770.2257833 0.0001484781855 1.2783e-05
770.2257794 0.0001477293733 2.399e-06
770.2257838 0.0001540028278 5.141e-06
770.2257836 0.0001544944695 5.06e-06
770.2257791 0.0001455601616 2.751e-06
770.2257833 0.0001542125828 2.758e-06
770.2257828 0.0001488012848 2.291e-06
770.2257838 0.0001565889826 3.723e-06
770.2257823 0.0001498568838 2.622e-06
770.2257817 0.0001493410987 3.091e-06
770.225783 0.0001511248163 2.304e-06
770.2257807 0.0001485351189 2.409e-06
770.225782 0.0001421587167 3.869e-06
770.2257804 0.0001492207492 2.266e-06
770.2285594 0.0001957090019 2.262e-06
770.2285586 0.000198880764 1.892e-06
770.2285618 0.0002003837386 3.727e-06
770.2285626 0.0002016088975 4.676e-06
770.2285597 0.0001959715139 2.246e-06
770.2285623 0.0002033777665 2.734e-06
770.2285613 0.0002035252658 2.691e-06
770.2285584 0.0001975156301 2.223e-06
770.228561 0.0002031509334 2.578e-06
770.2285599 0.0001992777474 2.175e-06
770.2285615 0.0001962098348 3.949e-06
770.2285626 0.0002044569259 4.854e-06
770.2285623 0.0002043947004 3.961e-06
770.2285607 0.0002012329224 2.719e-06
770.2285618 0.0002017503874 2.658e-06
770.2285602 0.0001976241401 2.707e-06
770.228562 0.0001861144547 1.2223e-05
770.2285581 0.0001950418137 2.359e-06
770.2285626 0.0002025828839 4.728e-06
770.2285623 0.0002058300651 5.215e-06
770.2285578 0.0002030450015 2.968e-06
770.228562 0.000202329259 3.39e-06
770.2285613 0.0002039498319 3.561e-06
770.2285615 0.0002018288934 2.992e-06
770.2285626 0.0002054640432 4.463e-06
770.228561 0.0002004467786 2.407e-06
770.2285618 0.0002031823776 2.789e-06
770.2285605 0.000202719698 2.611e-06
770.2285607 0.000199988367 5.289e-06
770.2285594 0.0001991202559 1.799e-06
770.2285591 0.0001987432948 2.118e-06
770.231337 0.0002418413974 2.376e-06
770.2313362 0.0002445192204 2.007e-06
770.2313394 0.0002413448534 2.915e-06
770.2313401 0.0002540046712 4.313e-06
770.2313373 0.0002444090428 2.652e-06
770.2313399 0.0002465533025 4.329e-06
770.2313388 0.0002419331816 2.983e-06
770.2313359 0.000242610141 2.219e-06
770.2313386 0.0002476718319 2.691e-06
770.2313375 0.0002417142623 2.344e-06
770.2313391 0.0002509580024 3.434e-06
770.2313401 0.000252700795 2.62e-06
770.2313399 0.0002587151465 4.531e-06
770.2313383 0.0002439827682 2.05e-06
770.2313394 0.0002503811978 3.233e-06
770.2313378 0.000249905064 2.964e-06
770.2313396 0.0002374640452 1.4281e-05
770.2313357 0.0002438216627 2.149e-06
770.2313401 0.0002512539861 4.648e-06
770.2313399 0.0002420187208 7.922e-06
770.2313354 0.000242587389 2.53e-06
770.2313396 0.0002458170123 2.874e-06
770.2313388 0.0002445019806 3.017e-06
770.2313391 0.0002437705796 2.394e-06
770.2313401 0.0002502046893 4.307e-06
770.2313386 0.0002474647944 2.829e-06
770.2313394 0.0002479556382 3.633e-06
770.231338 0.000244291531 2.867e-06
770.231337 0.0002444169445 2.176e-06
770.2313399 0.0002516277154 1.2321e-05
770.2313367 0.000242575319 2.351e-06
770.2341131 0.0002869161473 2.83e-06
770.2341123 0.0002843981448 2.543e-06
770.2341155 0.0002804997934 3.405e-06
770.2341163 0.0002828511434 4.075e-06
770.2341134 0.0002828237228 2.255e-06
770.234116 0.0002791142539 3.369e-06
770.234115 0.0002880363911 3.267e-06
770.2341121 0.0002847348476 2.303e-06
770.2341147 0.0002849168286 3.054e-06
770.2341136 0.0002795863867 3.194e-06
770.2341152 0.0002831801063 2.886e-06
770.2341163 0.0002941361551 4.823e-06
770.234116 0.0002881469863 2.876e-06
770.2341144 0.0002847555861 1.992e-06
770.2341155 0.0002861071843 3.471e-06
770.2341139 0.0002884756577 3.015e-06
770.2341118 0.0002890149366 2.561e-06
770.2341163 0.0002850046709 4.102e-06
770.234116 0.0002872232573 4.627e-06
770.2341115 0.0002887408393 2.755e-06
770.2341157 0.0002861751133 2.866e-06
770.234115 0.0002836839467 2.995e-06
770.2341152 0.0002820404725 2.893e-06
770.2341163 0.000283252898 4.199e-06
770.2341147 0.0002880155531 2.395e-06
770.2341144 0.0002935589202 5.559e-06
770.2341155 0.0002873771583 3.456e-06
770.2341142 0.0002793881499 4.182e-06
770.2341131 0.0002828225431 2.072e-06
770.2341129 0.0002870229762 2.363e-06
770.2368932 0.0003143734105 2.177e-06
770.2368925 0.0003183111706 2.537e-06
770.2368956 0.0003227693386 3.338e-06
770.2368935 0.0003193132753 2.582e-06
770.2368964 0.0003160772072 4.328e-06
770.2368961 0.0003167373348 2.694e-06
770.2368951 0.0003179635274 2.975e-06
770.2368922 0.0003181997002 2.142e-06
770.2368948 0.0003195972527 3.17e-06
770.2368938 0.0003149598791 2.953e-06
770.2368954 0.0003169291176 4.528e-06
770.2368964 0.0003277584806 6.061e-06
770.2368961 0.0003173215058 4.41e-06
770.2368946 0.000313724882 2.77e-06
770.2368956 0.0003206755225 3.041e-06
770.236894 0.0003253577636 3.641e-06
770.2368919 0.0003130736765 2.232e-06
770.2368964 0.000318268845 2.98e-06
770.2368961 0.0003136125566 3.273e-06
770.2368917 0.0003160936613 2.892e-06
770.2368959 0.0003238001566 3.723e-06
770.2368951 0.0003159739728 2.259e-06
770.2368954 0.000320207835 2.915e-06
770.2368964 0.0003156288827 2.688e-06
770.2368948 0.000320290285 1.868e-06
770.2368946 0.0003071444483 6.575e-06
770.2368956 0.000319092281 2.883e-06
770.2368943 0.0003176384912 3.948e-06
770.2368932 0.0003148211216 2.223e-06
770.236893 0.0003158512661 2.376e-06
770.239671 0.0003396690313 2.115e-06
770.2396702 0.0003361899807 2.38e-06
770.2396734 0.0003425655575 4.664e-06
770.2396741 0.0003384143403 4.795e-06
770.2396713 0.0003380941678 3.011e-06
770.2396739 0.00033959735 2.57e-06
770.2396728 0.0003361838623 2.473e-06
770.2396699 0.0003366267943 2.022e-06
770.2396726 0.0003372528529 2.946e-06
770.2396715 0.0003398853733 2.441e-06
770.2396731 0.0003382794848 3.191e-06
770.2396741 0.0003439024007 3.875e-06
770.2396739 0.0003357611045 4.302e-06
770.2396723 0.0003400839318 2.317e-06
770.2396734 0.0003432051873 3.307e-06
770.2396718 0.0003410040263 2.403e-06
770.2396736 0.0003432639481 8.273e-06
770.2396697 0.0003389379227 2.173e-06
770.2396741 0.0003414870776 3.74e-06
770.2396739 0.0003399122589 4.407e-06
770.2396694 0.0003351374985 2.941e-06
770.2396736 0.0003401488958 4.988e-06
770.2396728 0.0003364509368 2.274e-06
770.2396731 0.0003352812585 3.21e-06
770.2396741 0.0003380267602 2.236e-06
770.2396726 0.0003412445599 2.664e-06
770.2396734 0.0003396173118 2.47e-06
770.239672 0.0003397667291 3.228e-06
770.2396723 0.0003524769893 5.814e-06
770.239671 0.0003363007026 2.345e-06
770.2396707 0.0003383841517 2.413e-06
770.2424544 0.0003541982699 4.877e-06
770.2424534 0.0003475414536 2.6e-06
770.2424526 0.0003486145471 2.381e-06
770.2424557 0.0003527704391 3.428e-06
770.2424565 0.0003513890759 5.054e-06
770.2424536 0.0003493401536 2.907e-06
770.2424562 0.0003549743192 2.985e-06
770.2424552 0.0003497453167 2.654e-06
770.2424523 0.0003488096788 1.677e-06
770.2424549 0.0003480025943 3.985e-06
770.2424539 0.0003528629467 2.598e-06
770.2424555 0.0003516345744 3.177e-06
770.2424565 0.0003524401678 3.452e-06
770.2424562 0.000350549492 3.614e-06
770.2424547 0.0003495054114 2.296e-06
770.2424557 0.00035265607 3.99e-06
770.2424541 0.0003460989305 2.586e-06
770.242456 0.0003652732762 1.1079e-05
770.242452 0.0003453918831 2.292e-06
770.2424565 0.0003521924192 4.394e-06
770.2424562 0.0003518066323 3.74e-06
770.2424518 0.0003512189457 2.566e-06
770.242456 0.0003512435905 4.459e-06
770.2424552 0.0003548345885 2.327e-06
770.2424555 0.0003556522108 3.687e-06
770.2424544 0.0003523809356 3.086e-06
770.2424565 0.0003514862743 2.515e-06
770.2424549 0.0003484407537 2.421e-06
770.2424557 0.0003561552127 3.216e-06
770.2424534 0.0003529560489 2.6e-06
770.2424531 0.0003516243016 2.843e-06
770.2452247 0.0003441064802 2.756e-06
770.2452239 0.0003448181744 1.919e-06
770.2452271 0.0003552912165 4.016e-06
770.2452279 0.0003512244779 5.025e-06
770.245225 0.0003479002184 2.722e-06
770.2452276 0.0003472485601 2.796e-06
770.2452265 0.0003472827691 2.704e-06
770.2452236 0.0003455292562 1.969e-06
770.2452263 0.0003397021989 3.483e-06
770.2452252 0.0003483696232 2.795e-06
770.2452268 0.0003451349034 2.636e-06
770.2452279 0.0003524107976 2.882e-06
770.2452276 0.0003496632067 3.523e-06
770.245226 0.0003463964657 2.348e-06
770.2452271 0.0003471819902 3.568e-06
770.2452273 0.0003403502901 1.2982e-05
770.2452255 0.0003490828523 2.289e-06
770.2452234 0.0003476668024 2.618e-06
770.2452279 0.0003500663675 5.631e-06
770.2452276 0.0003473396268 3.545e-06
770.2452231 0.0003471217745 2.714e-06
770.2452273 0.0003471965412 4.101e-06
770.2452265 0.0003444879115 2.734e-06
770.2452268 0.0003487904483 3.245e-06
770.2452279 0.0003425277642 2.158e-06
770.2452263 0.0003491872371 2.541e-06
770.245226 0.0003411360624 4.723e-06
770.2452271 0.0003511674602 3.983e-06
770.2452258 0.0003473125049 3.947e-06
770.2452247 0.0003459814723 2.266e-06
770.2452244 0.0003481209253 2.7e-06
770.2480041 0.000336745245 3.101e-06
770.2480033 0.0003254887132 2.426e-06
770.2480065 0.0003359878677 4.645e-06
770.2480073 0.0003284703709 4.794e-06
770.2480044 0.0003317599022 2.301e-06
770.248007 0.0003333728297 3.449e-06
770.248006 0.0003335344861 2.552e-06
770.2480031 0.0003287485892 2.079e-06
770.2480057 0.0003312737316 3.103e-06
770.2480047 0.0003269804602 2.288e-06
770.2480062 0.0003354939646 2.472e-06
770.2480073 0.0003373910448 3.647e-06
770.248007 0.0003383866459 3.983e-06
770.2480054 0.0003321380591 2.307e-06
770.2480065 0.0003364953513 3.664e-06
770.2480068 0.0003384060636 1.4399e-05
770.2480049 0.000329699352 2.262e-06
770.2480028 0.0003344666122 2.517e-06
770.2480073 0.0003255671349 5.377e-06
770.248007 0.0003336025006 4.668e-06
770.2480025 0.0003310467044 2.911e-06
770.2480068 0.0003339261019 3.869e-06
770.248006 0.0003377893764 2.917e-06
770.2480062 0.0003303553474 3.172e-06
770.2480073 0.0003320828575 2.317e-06
770.2480057 0.0003345844876 2.289e-06
770.2480054 0.0003353108286 8.593e-06
770.2480052 0.0003308039495 3.03e-06
770.2480065 0.0003307262891 4.637e-06
770.2480041 0.0003273707495 2.835e-06
770.2480039 0.0003347164223 2.673e-06
770.2507828 0.000306991145 2.812e-06
770.250782 0.0003047007757 2.347e-06
770.2507852 0.000313659006 4.708e-06
770.250786 0.0003115643375 5.004e-06
770.2507831 0.0003004580999 2.523e-06
770.2507857 0.000301540553 4.263e-06
770.2507847 0.0003062481924 3.432e-06
770.2507818 0.0003056074572 2.062e-06
770.2507844 0.0003072353886 2.958e-06
770.2507834 0.0003001487145 2.879e-06
770.2507849 0.0003074590829 2.148e-06
770.250786 0.0003128142985 3.852e-06
770.2507857 0.0003173647038 4.079e-06
770.2507855 0.0003147918477 1.0181e-05
770.2507841 0.0003016841315 2.793e-06
770.2507852 0.0003025951952 3.597e-06
770.2507836 0.0003034683083 2.101e-06
770.2507815 0.0003014108715 2.167e-06
770.250786 0.0003125652876 3.955e-06
770.2507857 0.0003139558307 5.358e-06
770.2507813 0.0003019616667 2.561e-06
770.2507855 0.0003031512025 3.313e-06
770.2507847 0.0003053294281 3.264e-06
770.2507849 0.0003114193371 3.98e-06
770.250786 0.0003072127803 2.148e-06
770.2507844 0.0003076913974 2.75e-06
770.2507841 0.0003045784228 8.436e-06
770.2507852 0.0003056152187 3.88e-06
770.2507839 0.0003083432218 3.02e-06
770.2507828 0.0003086195288 2.525e-06
770.2507826 0.0003084292026 2.622e-06
770.2535605 0.0002678493205 2.588e-06
770.2535597 0.0002665009742 2.256e-06
770.2535628 0.0002718177622 4.319e-06
770.2535636 0.0002668949372 4.391e-06
770.2535607 0.0002640318192 1.953e-06
770.2535634 0.0002686668503 4.282e-06
770.2535623 0.0002690885574 2.997e-06
770.2535594 0.0002640963873 2.291e-06
770.253562 0.0002643194025 2.923e-06
770.253561 0.0002620235386 2.878e-06
770.2535626 0.0002681625661 2.398e-06
770.2535636 0.0002731562445 2.962e-06
770.2535634 0.0002680221641 4.012e-06
770.2535631 0.0002662443064 6.848e-06
770.2535618 0.0002655713975 2.626e-06
770.2535628 0.0002676208617 2.586e-06
770.2535612 0.0002686102446 2.608e-06
770.2535591 0.0002662604122 2.468e-06
770.2535636 0.0002724603392 3.536e-06
770.2535634 0.000274496322 4.052e-06
770.2535589 0.0002621628147 2.868e-06
770.2535631 0.0002653775685 2.417e-06
770.2535623 0.0002698439627 2.571e-06
770.2535626 0.0002678733468 3.266e-06
770.2535636 0.0002690746634 4.337e-06
770.253562 0.000264390864 3.455e-06
770.2535615 0.0002688028326 3.353e-06
770.2535628 0.0002676886427 3.172e-06
770.2535618 0.0002673763345 6.106e-06
770.2535605 0.0002650837952 2.382e-06
770.2535602 0.0002638370354 2.786e-06
770.2563372 0.0002201419733 2.602e-06
770.2563364 0.0002224009329 2.506e-06
770.2563395 0.0002204759422 3.735e-06
770.2563403 0.000215424339 4.669e-06
770.2563374 0.000216777218 2.317e-06
770.2563401 0.0002175367931 4.7e-06
770.256339 0.0002196729398 3.396e-06
770.2563361 0.0002163278489 2.539e-06
770.2563388 0.0002185086207 2.757e-06
770.2563377 0.0002183216927 2.495e-06
770.2563393 0.0002195750348 3.377e-06
770.2563403 0.0002243144979 3.33e-06
770.2563401 0.000214594777 3.534e-06
770.2563385 0.0002162268626 2.875e-06
770.2563395 0.0002258127367 3.516e-06
770.256338 0.00021938707 2.754e-06
770.2563359 0.0002160897586 2.794e-06
770.2563403 0.000223529224 6.534e-06
770.2563401 0.0002219653082 4.254e-06
770.2563356 0.0002199664217 3.121e-06
770.2563398 0.0002212259721 4.014e-06
770.256339 0.0002178257059 2.814e-06
770.2563393 0.000214379651 3.728e-06
770.2563382 0.0002193258058 3.02e-06
770.2563403 0.0002220126639 4.591e-06
770.2563388 0.0002151411459 2.494e-06
770.2563395 0.0002254596703 3.348e-06
770.2563372 0.0002155564043 2.595e-06
770.2563385 0.0002166191927 7.465e-06
770.2563369 0.000217767831 2.276e-06
770.2591523 0.0001639736416 2.453e-06
770.2591516 0.0001649961884 2.128e-06
770.2591547 0.0001643450872 2.106e-06
770.2591555 0.0001733662813 4.484e-06
770.2591526 0.0001658108227 2.405e-06
770.2591552 0.0001703562762 5.426e-06
770.2591542 0.0001692553942 3.361e-06
770.2591513 0.0001635412814 2.164e-06
770.2591539 0.0001657337228 2.562e-06
770.2591529 0.000165098566 2.196e-06
770.2591544 0.0001729547802 3.199e-06
770.2591555 0.0001589138141 6.199e-06
770.2591552 0.0001575657494 4.704e-06
770.2591537 0.0001664812614 3.271e-06
770.2591547 0.0001686847849 3.613e-06
770.2591531 0.0001710893697 2.888e-06
770.259155 0.0001768749682 5.426e-06
770.259151 0.0001667620946 2.37e-06
770.2591555 0.0001711462704 3.782e-06
770.2591552 0.0001720519644 4.847e-06
770.2591508 0.0001691622925 2.976e-06
770.259155 0.0001723830973 3.896e-06
770.2591542 0.0001736834504 3.544e-06
770.2591544 0.0001607769353 3.072e-06
770.2591555 0.000170345827 3.141e-06
770.2591539 0.0001648393984 2.862e-06
770.2591547 0.000162039479 3.381e-06
770.2591534 0.0001662805555 3.158e-06
770.2591537 0.0001642808861 6.301e-06
770.2591523 0.000167511975 2.543e-06
770.2591521 0.0001660028408 2.357e-06
770.261895 0.0001136848434 2.608e-06
770.2618942 0.000105665318 2.206e-06
770.2618974 0.0001096001899 3.06e-06
770.2618982 0.0001183797551 7.074e-06
770.2618953 0.0001076487041 2.454e-06
770.2618979 0.0001125806594 5.343e-06
770.2618968 0.0001087202148 2.761e-06
770.261894 0.0001057945387 2.062e-06
770.2618966 0.0001074412677 2.795e-06
770.2618955 0.0001064281517 2.201e-06
770.2618971 0.0001084106597 3.054e-06
770.2618982 9.700230688e-05 5.552e-06
770.2618979 0.0001136779773 3.914e-06
770.2618963 0.0001075690421 2.846e-06
770.2618974 0.0001086434121 4.132e-06
770.2618958 0.0001096307171 2.652e-06
770.2618976 0.0001134797145 5.938e-06
770.2618937 0.000108775773 2.83e-06
770.2618982 0.0001047722142 4.547e-06
770.2618979 0.000111415833 3.848e-06
770.2618934 0.0001072162423 2.811e-06
770.2618976 0.0001101484831 4.193e-06
770.2618968 0.000114211714 3.72e-06
770.2618971 0.0001071645166 3.48e-06
770.2618982 0.0001088503339 3.535e-06
770.2618966 0.0001098902872 2.397e-06
770.2618974 0.0001117711979 3.84e-06
770.2618961 0.0001114534427 3.362e-06
770.2618963 0.0001023991284 4.648e-06
770.261895 0.0001042726433 2.395e-06
770.2618947 0.0001106491785 2.446e-06
770.2646724 5.365202346e-05 2.619e-06
770.2646716 4.627439867e-05 2.907e-06
770.2646747 5.14352475e-05 4.403e-06
770.2646755 5.6406833e-05 8.073e-06
770.2646753 4.723088565e-05 4.906e-06
770.2646742 4.751811879e-05 2.784e-06
770.2646713 4.949909798e-05 2.751e-06
770.2646739 5.428799881e-05 3.837e-06
770.2646729 4.491140282e-05 2.517e-06
770.2646745 4.912215328e-05 3.24e-06
770.2646755 4.794277481e-05 4.386e-06
770.2646753 4.911901695e-05 2.962e-06
770.2646737 5.428132088e-05 2.716e-06
770.2646747 5.132905545e-05 6.103e-06
770.264675 5.223504146e-05 7.191e-06
770.2646732 4.801794341e-05 3.092e-06
770.2646711 4.944574567e-05 2.574e-06
770.2646755 5.174297672e-05 3.532e-06
770.2646753 5.638242972e-05 4.747e-06
770.2646708 4.911227123e-05 3.102e-06
770.264675 5.573968565e-05 4.694e-06
770.2646742 5.565684805e-05 3.018e-06
770.2646745 4.605547464e-05 3.589e-06
770.2646755 4.76453757e-05 4.26e-06
770.2646739 4.649915095e-05 2.539e-06
770.2646747 4.445879899e-05 4.248e-06
770.2646734 4.753890485e-05 3.873e-06
770.2646737 6.410408358e-05 7.52e-06
770.2646724 4.781299693e-05 2.849e-06
770.2646721 4.986072146e-05 2.501e-06
770.2674497 -1.132503213e-05 2.9e-06
770.2674489 -1.04139856e-05 2.193e-06
770.2674521 -1.433364977e-05 3.623e-06
770.2674529 -1.000808148e-05 5.371e-06
770.26745 -3.922904441e-06 2.548e-06
770.2674526 -2.971203776e-06 4.196e-06
770.2674516 -7.915793097e-06 2.922e-06
770.2674487 -8.652452335e-06 2.431e-06
770.2674513 -9.109308644e-06 3.36e-06
770.2674503 -6.045047829e-06 2.775e-06
770.2674518 -7.497298809e-06 4.051e-06
770.2674529 -1.394404751e-05 4.226e-06
770.2674526 -1.148110515e-06 2.678e-06
770.2674511 -7.917285336e-06 3.31e-06
770.2674521 -3.152584455e-06 3.776e-06
770.2674524 -1.095458498e-05 1.2825e-05
770.2674505 -6.864027668e-06 2.174e-06
770.2674484 -5.0616097e-06 2.527e-06
770.2674529 -5.826846638e-06 5.23e-06
770.2674526 4.323903375e-08 5.681e-06
770.2674482 -9.573153769e-06 2.952e-06
770.2674516 -6.483779386e-06 3.214e-06
770.2674518 -1.224550645e-05 2.67e-06
770.2674529 -2.861825893e-06 4.6e-06
770.2674513 -1.199052635e-05 2.876e-06
770.2674521 1.933903886e-06 5.076e-06
770.2674508 -2.360382653e-06 3.643e-06
770.2674511 3.663453746e-06 6.075e-06
770.2674497 -1.014688249e-05 2.564e-06
770.2674495 -1.459404259e-05 2.556e-06
770.2702277 -5.755557226e-05 2.86e-06
770.27023 -5.226170385e-05 4.784e-06
770.2702269 -6.684265764e-05 2.271e-06
770.2702308 -6.615391505e-05 4.637e-06
770.2702306 -5.690539908e-05 4.947e-06
770.2702279 -6.275563572e-05 2.982e-06
770.2702295 -6.276171023e-05 2.848e-06
770.2702266 -6.678839897e-05 2.461e-06
770.2702292 -6.115351045e-05 2.872e-06
770.2702282 -5.967155481e-05 2.832e-06
770.2702298 -5.26765817e-05 4.041e-06
770.2702308 -6.252858761e-05 4.979e-06
770.270229 -6.431363263e-05 2.555e-06
770.27023 -6.124980139e-05 2.789e-06
770.2702285 -6.005064099e-05 2.611e-06
770.2702303 -5.323482527e-05 1.1327e-05
770.2702264 -5.785867052e-05 2.18e-06
770.2702308 -5.703256911e-05 5.461e-06
770.2702306 -6.457606128e-05 6.065e-06
770.2702295 -5.094439637e-05 3.918e-06
770.2702261 -6.3706824e-05 2.595e-06
770.2702303 -6.087570612e-05 3.234e-06
770.2702298 -5.539250689e-05 3.031e-06
770.2702308 -5.864658896e-05 4.041e-06
770.2702287 -6.60727574e-05 2.733e-06
770.2702292 -6.13705757e-05 2.813e-06
770.27023 -6.489017278e-05 3.908e-06
770.270229 -5.017430452e-05 5.321e-06
770.2702277 -5.869432029e-05 2.587e-06
770.2702274 -6.135706245e-05 2.051e-06
770.273012 -0.0001158580666 2.405e-06
770.273013 -0.0001089158751 5.811e-06
770.2730143 -0.000109120808 3.425e-06
770.2730112 -0.0001152698531 2.394e-06
770.2730151 -0.000111061369 3.171e-06
770.2730148 -0.0001051932845 4.28e-06
770.2730122 -0.0001113887593 2.898e-06
770.2730138 -0.0001172499296 3.02e-06
770.2730109 -0.0001122281121 2.596e-06
770.2730135 -0.0001140870648 2.966e-06
770.2730125 -0.0001122560387 2.364e-06
770.2730141 -0.0001157317719 3.406e-06
770.2730151 -0.0001080591259 3.624e-06
770.2730148 -0.0001094800098 2.953e-06
770.2730133 -0.0001119654642 3.108e-06
770.2730143 -0.0001103076413 2.691e-06
770.2730146 -0.0001180157352 8.625e-06
770.2730127 -0.0001077909963 2.995e-06
770.2730106 -0.0001143989005 2.347e-06
770.2730151 -0.0001114304696 3.187e-06
770.2730148 -0.0001101991725 4.404e-06
770.2730104 -0.0001095751872 3.286e-06
770.2730138 -0.000113059318 4.868e-06
770.2730146 -0.0001089607958 2.908e-06
770.2730141 -0.0001158091541 3.623e-06
770.273013 -0.0001079578105 3.638e-06
770.2730151 -0.000113295318 5.82e-06
770.2730135 -0.0001107977096 2.805e-06
770.2730143 -0.0001116243661 3.021e-06
770.273012 -0.0001104244281 2.668e-06
770.2730117 -0.00011274575 2.61e-06
770.275778 -0.0001523836227 2.853e-06
770.2757803 -0.0001485379229 3.316e-06
770.2757772 -0.0001564226115 2.264e-06
770.2757811 -0.0001534429771 6.028e-06
770.2757809 -0.0001504438314 4.111e-06
770.2757782 -0.000148805021 2.792e-06
770.2757798 -0.0001516218115 3.108e-06
770.2757769 -0.000153735233 2.766e-06
770.2757795 -0.0001557810279 3.069e-06
770.2757785 -0.0001562749167 2.868e-06
770.2757801 -0.0001578108704 2.888e-06
770.2757811 -0.0001526309641 3.496e-06
770.2757809 -0.0001569101455 4.331e-06
770.2757793 -0.0001551317627 3.383e-06
770.2757803 -0.0001510304712 3.486e-06
770.2757788 -0.0001528929156 2.894e-06
770.2757767 -0.0001494478072 2.38e-06
770.2757811 -0.0001545869819 4.248e-06
770.2757809 -0.0001559857283 4.666e-06
770.2757764 -0.000153630645 2.689e-06
770.2757806 -0.0001565236537 3.631e-06
770.2757798 -0.0001492032781 4.566e-06
770.2757801 -0.0001540993813 3.646e-06
770.2757811 -0.0001481504579 6.197e-06
770.2757795 -0.0001512154511 2.938e-06
770.275779 -0.0001570420203 3.729e-06
770.2757803 -0.0001498993653 3.483e-06
770.275778 -0.0001586113073 2.539e-06
770.2757793 -0.0001399077479 6.745e-06
770.2757777 -0.0001533324193 2.901e-06
770.2778662 -0.0001800090699 5.185e-06
770.2778686 -0.0001849447987 7.05e-06
770.2778654 -0.0001720336865 5.687e-06
770.2778691 -0.0001828537879 1.0118e-05
770.2778665 -0.0001874839709 5.937e-06
770.2778681 -0.0001769792166 9.475e-06
770.2778652 -0.0001858155322 4.998e-06
770.2778678 -0.0001851111957 6.37e-06
770.2778668 -0.0001824732143 7.732e-06
770.2778694 -0.0001848575408 8.526e-06
770.2778691 -0.0001763051681 1.3532e-05
770.2778675 -0.0001884984692 8.507e-06
770.277867 -0.0001824231986 5.672e-06
770.2778649 -0.0001866006331 5.616e-06
770.2778691 -0.0001764034542 9.249e-06
770.2778646 -0.0001830811666 5.758e-06
770.2778689 -0.0001764269093 1.3258e-05
770.2778681 -0.0001904557787 7.676e-06
770.2778683 -0.0001799508609 6.926e-06
770.2778694 -0.0001788749876 1.182e-05
770.2778678 -0.0001968711292 7.189e-06
770.2778686 -0.0001885887564 8.492e-06
770.2778673 -0.0001732995886 7.322e-06
770.2778662 -0.0001862748092 5.033e-06
770.277866 -0.0001848110817 7.409e-06
