236.519479 4.260028563e-06 1.3571e-05
236.5310963 -2.2954836e-05 8.671e-06
236.5310936 -8.762985046e-06 3.298e-06
236.531096 -1.261191361e-05 4.107e-06
236.5310928 -1.118008806e-05 2.994e-06
236.5310968 -1.602320457e-05 6.656e-06
236.5310947 -1.966592934e-05 3.535e-06
236.5310965 -1.590345829e-05 4.427e-06
236.5310939 -2.154246644e-05 3.51e-06
236.5310955 -1.52241463e-05 3.961e-06
236.5310926 -1.342600628e-05 3.13e-06
236.5310952 -9.511606394e-06 4.777e-06
236.5310942 -2.183674125e-05 4.08e-06
236.5310957 -1.707279523e-05 4.393e-06
236.5310968 -1.366294591e-05 6.879e-06
236.5310963 -1.14161352e-05 4.595e-06
236.5310965 -1.449743825e-05 4.425e-06
236.5310949 -1.669899969e-05 3.969e-06
236.531096 -1.267180307e-05 4.629e-06
236.5310944 -1.172320505e-05 3.887e-06
236.5310923 -1.140907806e-05 3.263e-06
236.5310968 -1.793843853e-05 5.966e-06
236.5310965 -1.273699551e-05 4.373e-06
236.5310963 -2.205833699e-05 3.711e-06
236.5310955 -2.144251382e-05 3.664e-06
236.5310957 -1.170362933e-05 4.649e-06
236.5310947 -1.700315242e-05 4.265e-06
236.5310968 -1.204070958e-05 5.488e-06
236.5310952 -1.959422528e-05 4.494e-06
236.531096 -1.90679963e-05 5.423e-06
236.5310921 -1.469595048e-05 3.302e-06
236.5310936 -1.349486537e-05 3.616e-06
236.5310934 -1.301488635e-05 3.34e-06
236.5338356 -2.616638377e-05 5.143e-06
236.533833 -1.690249048e-05 3.025e-06
236.5338353 -1.504317882e-05 5.892e-06
236.5338322 -1.644393212e-05 2.871e-06
236.5338361 -2.633266591e-05 8.287e-06
236.533834 -2.385964005e-05 3.752e-06
236.5338358 -2.230494876e-05 3.619e-06
236.5338332 -2.223954279e-05 3.842e-06
236.5338348 -1.563458981e-05 3.816e-06
236.5338319 -1.629330931e-05 3.179e-06
236.5338345 -1.338301246e-05 4.15e-06
236.5338335 -1.71667758e-05 3.824e-06
236.5338351 -2.080672205e-05 4.57e-06
236.5338361 -2.024724005e-05 6.092e-06
236.5338356 -2.0898307e-05 7.358e-06
236.5338358 -2.867818215e-05 6.373e-06
236.5338343 -1.613053194e-05 3.539e-06
236.5338353 -1.658941508e-05 6.223e-06
236.5338337 -1.502592827e-05 4.127e-06
236.5338316 -1.843418029e-05 3.536e-06
236.5338361 -9.494232366e-06 5.21e-06
236.5338358 -9.087300729e-06 6.17e-06
236.5338356 -1.938462954e-05 4.495e-06
236.5338348 -2.261323248e-05 3.616e-06
236.5338351 -1.642141912e-05 4.389e-06
236.533834 -1.147992144e-05 4.584e-06
236.5338361 -2.139816326e-05 5.101e-06
236.5338345 -2.102818917e-05 4.587e-06
236.5338353 -2.17558223e-05 4.879e-06
236.5338314 -2.039729755e-05 2.906e-06
236.533833 -1.907809448e-05 2.943e-06
236.5338327 -1.478792971e-05 3.219e-06
236.5366119 -1.346514803e-05 5.614e-06
236.5366093 -1.384872333e-05 3.141e-06
236.5366116 -1.572359547e-05 5.824e-06
236.5366085 -2.035563008e-05 2.532e-06
236.5366124 -7.627131491e-06 8.138e-06
236.5366103 -2.126051702e-05 4.754e-06
236.5366122 -2.541851361e-05 4.037e-06
236.5366095 -1.490516972e-05 3.727e-06
236.5366111 -2.135781594e-05 4.159e-06
236.5366082 -2.532179607e-05 3.174e-06
236.5366109 -2.153424051e-05 4.406e-06
236.5366098 -2.439248374e-05 3.035e-06
236.5366114 -2.574324412e-05 4.465e-06
236.5366124 -1.345231121e-05 7.712e-06
236.5366119 -1.620955319e-05 6.486e-06
236.5366122 -1.942653161e-05 6.188e-06
236.5366106 -2.208556447e-05 4.48e-06
236.5366116 -1.650108477e-05 5.447e-06
236.5366101 -1.863210883e-05 3.913e-06
236.536608 -1.807159091e-05 2.812e-06
236.5366124 -1.910485206e-05 4.741e-06
236.5366122 -1.239840917e-05 5.514e-06
236.5366119 -2.202398128e-05 5.171e-06
236.5366111 -1.916542517e-05 3.279e-06
236.5366114 -1.768113174e-05 3.375e-06
236.5366103 -1.866233281e-05 3.963e-06
236.5366124 -1.46801361e-05 5.096e-06
236.5366109 -2.016941047e-05 3.674e-06
236.5366116 -1.396095874e-05 4.598e-06
236.5366077 -1.627377197e-05 2.582e-06
236.5366093 -1.949174087e-05 3.362e-06
236.536609 -2.665451033e-05 3.412e-06
236.5393901 -2.240717363e-05 5.077e-06
236.5393875 -1.462822853e-05 3.499e-06
236.5393899 -2.945196608e-05 5.195e-06
236.5393867 -2.537639471e-05 3.27e-06
236.5393906 -2.989307249e-05 6.632e-06
236.5393885 -3.029450724e-05 3.575e-06
236.5393904 -2.451000224e-05 4.477e-06
236.5393878 -2.230515596e-05 4.243e-06
236.5393893 -2.019113732e-05 3.61e-06
236.5393864 -2.122784057e-05 2.828e-06
236.5393891 -2.359725691e-05 4.858e-06
236.539388 -2.260709773e-05 3.095e-06
236.5393896 -2.35010816e-05 5.24e-06
236.5393906 -1.935734894e-05 5.209e-06
236.5393901 -2.860234489e-05 5.185e-06
236.5393904 -2.580734472e-05 5.929e-06
236.5393888 -2.431731731e-05 4.31e-06
236.5393899 -1.97779632e-05 4.14e-06
236.5393883 -1.957231232e-05 3.593e-06
236.5393862 -2.116011356e-05 2.703e-06
236.5393906 -3.416296668e-05 5.516e-06
236.5393904 -1.853540682e-05 5.951e-06
236.5393901 -1.634072281e-05 5.803e-06
236.5393893 -2.762005872e-05 3.847e-06
236.5393896 -2.478736454e-05 3.811e-06
236.5393885 -2.726727252e-05 3.801e-06
236.5393906 -2.654971983e-05 5.347e-06
236.5393891 -1.625128191e-05 4.376e-06
236.5393899 -2.34558661e-05 5.174e-06
236.5393859 -2.114570755e-05 2.937e-06
236.5393875 -1.935893549e-05 3.182e-06
236.5393872 -2.492687117e-05 3.022e-06
236.5421679 -2.218249102e-05 6.212e-06
236.5421653 -2.580217759e-05 2.936e-06
236.5421676 -2.523197488e-05 6.066e-06
236.5421645 -2.095234498e-05 3.243e-06
236.5421684 -2.577342857e-05 7.275e-06
236.5421663 -1.726660237e-05 3.905e-06
236.5421681 -3.51811081e-05 6.535e-06
236.5421655 -1.936573664e-05 3.469e-06
236.5421671 -2.420889634e-05 3.901e-06
236.5421642 -1.690161758e-05 3.244e-06
236.5421668 -2.815582091e-05 3.963e-06
236.5421658 -2.828091755e-05 3.473e-06
236.5421674 -2.362384193e-05 4.79e-06
236.5421684 -1.993984541e-05 5.549e-06
236.5421679 -2.977339957e-05 5.991e-06
236.5421681 -2.870388914e-05 5.747e-06
236.5421666 -2.042412217e-05 4.212e-06
236.5421676 -1.577467614e-05 5.234e-06
236.542166 -2.301113607e-05 4.126e-06
236.5421639 -2.193389871e-05 2.631e-06
236.5421684 -3.041344366e-05 5.766e-06
236.5421681 -1.411563014e-05 6.389e-06
236.5421679 -2.04018165e-05 5.731e-06
236.5421671 -2.089977884e-05 3.659e-06
236.5421674 -2.335778532e-05 4.322e-06
236.5421663 -2.44826966e-05 3.591e-06
236.5421684 -1.334280878e-05 6.563e-06
236.5421668 -1.987181351e-05 3.976e-06
236.5421676 -1.735104621e-05 4.797e-06
236.5421637 -2.29611085e-05 3.408e-06
236.5421653 -2.541630335e-05 2.947e-06
236.542165 -2.233360372e-05 3.169e-06
236.5449458 -1.632514594e-05 7.245e-06
236.5449432 -2.644915874e-05 3.096e-06
236.5449455 -2.793952352e-05 5.205e-06
236.5449424 -2.406717429e-05 3.326e-06
236.5449463 -1.708757769e-05 6.088e-06
236.5449442 -1.828088827e-05 2.96e-06
236.5449461 -2.479125948e-05 4.467e-06
236.5449434 -2.218485629e-05 2.684e-06
236.544945 -2.903896499e-05 4.005e-06
236.5449421 -1.853788806e-05 2.821e-06
236.5449448 -2.381890756e-05 3.154e-06
236.5449437 -2.801930443e-05 3.485e-06
236.5449453 -1.97486005e-05 4.326e-06
236.5449463 -2.187152544e-05 6.797e-06
236.5449458 -3.092431289e-05 5.618e-06
236.5449461 -2.288517689e-05 4.994e-06
236.5449445 -2.761797899e-05 3.996e-06
236.5449455 -2.491418583e-05 5.158e-06
236.544944 -1.940201257e-05 3.388e-06
236.5449419 -2.49956152e-05 2.793e-06
236.5449463 -2.949063279e-05 6.063e-06
236.5449461 -3.382425977e-05 6.337e-06
236.5449458 -2.956940893e-05 4.177e-06
236.544945 -2.68428531e-05 3.573e-06
236.5449453 -2.531323096e-05 4.27e-06
236.5449442 -2.618234396e-05 3.422e-06
236.5449463 -2.619892279e-05 6.648e-06
236.5449448 -1.78877464e-05 4.49e-06
236.5449455 -1.627198778e-05 5.938e-06
236.5449416 -2.331772831e-05 3.125e-06
236.5449432 -2.415073782e-05 3.57e-06
236.5449429 -2.122632275e-05 3.324e-06
236.5477234 -1.745246724e-05 9.122e-06
236.5477208 -1.961551149e-05 3.225e-06
236.5477231 -3.022997967e-05 3.666e-06
236.54772 -2.640820737e-05 2.89e-06
236.5477239 -1.723841449e-05 5.573e-06
236.5477218 -2.582101651e-05 3.291e-06
236.5477237 -3.474401184e-05 3.975e-06
236.547721 -2.080841967e-05 3.814e-06
236.5477226 -2.221527552e-05 3.908e-06
236.5477197 -2.885759908e-05 3.07e-06
236.5477223 -2.261294408e-05 3.559e-06
236.5477213 -3.242559869e-05 3.638e-06
236.5477229 -2.88837685e-05 3.807e-06
236.5477239 -2.710320638e-05 5.661e-06
236.5477234 -2.820794157e-05 5.222e-06
236.5477237 -1.591248422e-05 4.912e-06
236.5477221 -2.29282718e-05 4.026e-06
236.5477231 -2.851067682e-05 4.636e-06
236.5477216 -2.778221507e-05 3.307e-06
236.5477195 -2.292031895e-05 2.671e-06
236.5477239 -2.550956381e-05 4.955e-06
236.5477237 -2.753037509e-05 5.973e-06
236.5477234 -2.589044669e-05 5.107e-06
236.5477226 -3.090826237e-05 3.613e-06
236.5477229 -2.844226775e-05 3.464e-06
236.5477218 -2.431002092e-05 3.411e-06
236.5477239 -1.836751348e-05 5.77e-06
236.5477223 -3.095352913e-05 4.454e-06
236.5477231 -2.506131784e-05 4.853e-06
236.5477192 -2.667485468e-05 2.973e-06
236.5477208 -2.850666673e-05 3.477e-06
236.5477205 -2.161142353e-05 3.133e-06
236.550501 -2.867292267e-05 7.179e-06
236.5504984 -2.23526118e-05 3.717e-06
236.5505007 -2.112603762e-05 3.761e-06
236.5504976 -2.287061334e-05 2.744e-06
236.5505015 -2.691899317e-05 5.09e-06
236.5504994 -2.456387914e-05 3.212e-06
236.5505013 -2.694996504e-05 4.337e-06
236.5504986 -2.52921158e-05 3.527e-06
236.5505002 -2.227620777e-05 2.882e-06
236.5504973 -1.812320873e-05 3.299e-06
236.5504999 -1.934627127e-05 4.141e-06
236.5504989 -2.722762062e-05 2.604e-06
236.5505005 -3.076437205e-05 4.819e-06
236.5505015 -2.048826278e-05 6.241e-06
236.550501 -2.321858425e-05 6.217e-06
236.5505013 -2.613456403e-05 4.446e-06
236.5504997 -2.669123043e-05 2.979e-06
236.5505007 -2.119362925e-05 4.983e-06
236.5504992 -2.336503524e-05 3.237e-06
236.5504971 -2.337910442e-05 2.691e-06
236.5505015 -2.140535848e-05 6.202e-06
236.5505013 -2.089528994e-05 5.876e-06
236.550501 -2.616158587e-05 5.244e-06
236.5505002 -2.109642635e-05 4.429e-06
236.5505005 -2.556811079e-05 3.711e-06
236.5504994 -1.830304944e-05 2.828e-06
236.5505015 -3.020640493e-05 4.185e-06
236.5504999 -2.32069831e-05 3.661e-06
236.5505007 -2.234391615e-05 4.907e-06
236.5504968 -2.40655416e-05 2.658e-06
236.5504984 -2.06913935e-05 3.167e-06
236.5504981 -2.279887874e-05 3.305e-06
236.5532786 -1.85692902e-05 6.895e-06
236.553276 -1.752995436e-05 3.559e-06
236.5532784 -2.755246142e-05 4.967e-06
236.5532752 -1.965124303e-05 2.842e-06
236.5532792 -2.205245009e-05 8.964e-06
236.5532771 -2.303312759e-05 4.08e-06
236.5532789 -2.393608285e-05 5.063e-06
236.5532763 -2.741390882e-05 3.266e-06
236.5532779 -2.176503358e-05 3.563e-06
236.553275 -2.262839997e-05 3.333e-06
236.5532776 -2.492041054e-05 4.313e-06
236.5532765 -2.712357518e-05 3.287e-06
236.5532781 -1.84512177e-05 4.413e-06
236.5532792 -3.201484154e-05 5.67e-06
236.5532786 -1.395538217e-05 5.657e-06
236.5532789 -2.885690886e-05 3.745e-06
236.5532773 -2.319806217e-05 3.652e-06
236.5532784 -2.281013323e-05 3.769e-06
236.5532768 -1.910538789e-05 3.389e-06
236.5532747 -2.158068856e-05 3.091e-06
236.5532792 -1.943827089e-05 5.729e-06
236.5532789 -3.299154557e-05 6.991e-06
236.5532786 -2.548523667e-05 4.653e-06
236.5532779 -2.269377537e-05 4.46e-06
236.5532781 -2.00580055e-05 4.433e-06
236.5532771 -2.07857752e-05 3.386e-06
236.5532792 -3.20240583e-05 3.736e-06
236.5532776 -2.467401592e-05 4.488e-06
236.5532784 -2.212071988e-05 4.744e-06
236.5532744 -2.395432636e-05 3.062e-06
236.553276 -2.702044836e-05 3.228e-06
236.5532758 -2.508818601e-05 2.971e-06
236.5560559 -1.827263476e-05 8.635e-06
236.5560533 -2.78062291e-05 3.064e-06
236.5560556 -3.240567808e-05 4.699e-06
236.5560525 -2.062622556e-05 3.098e-06
236.5560564 -1.139731273e-05 9.621e-06
236.5560543 -2.604481218e-05 3.791e-06
236.5560561 -2.824858139e-05 6.346e-06
236.5560535 -1.840422733e-05 3.613e-06
236.5560551 -1.845271546e-05 4.038e-06
236.5560522 -2.435276704e-05 3.05e-06
236.5560548 -2.426294307e-05 3.465e-06
236.5560538 -2.395146703e-05 3.667e-06
236.5560554 -2.864852843e-05 4.393e-06
236.5560564 -2.822684641e-05 6.403e-06
236.5560559 -2.650031131e-05 6.646e-06
236.5560561 -1.98940275e-05 3.123e-06
236.5560546 -2.544857772e-05 3.325e-06
236.5560556 -2.540284454e-05 4.373e-06
236.556054 -1.927553305e-05 3.249e-06
236.5560519 -1.399543618e-05 3.065e-06
236.5560564 -2.142124129e-05 6.514e-06
236.5560561 -2.028387596e-05 5.476e-06
236.5560559 -2.549327957e-05 4.736e-06
236.5560551 -2.05180829e-05 4.92e-06
236.5560554 -2.780462478e-05 4.342e-06
236.5560543 -1.718489881e-05 4.474e-06
236.5560564 -2.131986225e-05 4.922e-06
236.5560548 -2.142402287e-05 4.611e-06
236.5560556 -2.066260671e-05 4.271e-06
236.5560517 -1.884786069e-05 2.872e-06
236.5560533 -2.337688673e-05 2.875e-06
236.556053 -1.790241682e-05 3.207e-06
236.5588333 -2.05056252e-05 8.884e-06
236.5588307 -1.788146552e-05 3.136e-06
236.558833 -2.479288573e-05 4.629e-06
236.5588299 -1.997088126e-05 3.286e-06
236.5588338 -2.396691084e-05 7.715e-06
236.5588317 -1.785211126e-05 3.61e-06
236.5588336 -2.433472511e-05 4.111e-06
236.5588309 -1.145580525e-05 3.359e-06
236.5588325 -2.360401128e-05 4.172e-06
236.5588296 -2.198912574e-05 2.824e-06
236.5588322 -1.358949861e-05 4.259e-06
236.5588312 -1.767044588e-05 3.736e-06
236.5588328 -1.128438062e-05 4.294e-06
236.5588338 -1.553647718e-05 4.696e-06
236.5588333 -2.38011249e-05 5.65e-06
236.5588336 -1.505799182e-05 4.128e-06
236.558832 -2.752498217e-05 3.512e-06
236.558833 -8.593698317e-06 4.27e-06
236.5588315 -1.830982484e-05 3.022e-06
236.5588294 -1.656226222e-05 2.838e-06
236.5588338 -1.823910636e-05 5.724e-06
236.5588336 -1.434255383e-05 4.914e-06
236.5588333 -3.062282157e-05 6.035e-06
236.5588325 -2.355578296e-05 3.892e-06
236.5588328 -2.348399631e-05 3.498e-06
236.5588317 -1.891006256e-05 3.499e-06
236.5588338 -2.405476627e-05 5.405e-06
236.5588322 -1.812756896e-05 3.494e-06
236.558833 -2.658071276e-05 4.228e-06
236.5588291 -1.989500918e-05 2.848e-06
236.5588307 -2.15953539e-05 2.931e-06
236.5588304 -2.320665425e-05 2.61e-06
236.5616115 -2.943503892e-05 6.711e-06
236.5616088 -2.307363609e-05 3.433e-06
236.5616112 -1.798765602e-05 3.841e-06
236.5616081 -1.401607531e-05 3.076e-06
236.561612 -1.865396686e-05 5.656e-06
236.5616099 -1.331403741e-05 3.824e-06
236.5616117 -1.450974475e-05 4.302e-06
236.5616091 -2.21896968e-05 3.358e-06
236.5616107 -1.848395016e-05 3.983e-06
236.5616078 -1.509533316e-05 3.124e-06
236.5616104 -1.623999586e-05 3.751e-06
236.5616094 -2.443407744e-05 3.561e-06
236.561612 -1.272335897e-05 4.489e-06
236.5616115 -1.456244517e-05 5.083e-06
236.5616117 -1.332227165e-05 4.916e-06
236.5616102 -2.028686099e-05 3.882e-06
236.5616112 -1.792714588e-05 4.866e-06
236.5616096 -1.507854747e-05 3.039e-06
236.5616075 -1.490563557e-05 3.077e-06
236.561612 -2.071469031e-05 4.686e-06
236.5616117 -2.18379219e-05 6.106e-06
236.5616115 -6.166893661e-06 5.591e-06
236.5616107 -1.003065268e-05 3.216e-06
236.5616109 -1.746856484e-05 2.947e-06
236.5616099 -1.521688176e-05 4.021e-06
236.561612 -1.420017494e-05 6.386e-06
236.5616104 -1.844846247e-05 3.514e-06
236.5616112 -1.783039108e-05 4.521e-06
236.5616073 -1.180614383e-05 3.049e-06
236.5616088 -1.31324642e-05 3.634e-06
236.5616086 -1.17181612e-05 2.985e-06
236.5643886 3.186430311e-07 7.579e-06
236.564386 -1.421727716e-05 3.226e-06
236.5643884 -1.073686683e-05 3.58e-06
236.5643852 -1.24452305e-05 3.498e-06
236.5643891 -1.180340035e-05 5.22e-06
236.564387 -1.366550472e-05 3.308e-06
236.5643889 -4.855735696e-06 5.172e-06
236.5643863 -1.095142546e-05 3.246e-06
236.5643878 -1.04563135e-05 4.148e-06
236.5643849 -1.067623242e-05 3.481e-06
236.5643876 -1.514748171e-05 2.943e-06
236.5643865 -1.167721209e-05 3.212e-06
236.5643891 -1.238908453e-05 6.377e-06
236.5643886 -1.415792241e-05 5.758e-06
236.5643889 -9.470263726e-06 4.941e-06
236.5643873 -1.805084093e-05 4.106e-06
236.5643884 -2.073680267e-05 4.522e-06
236.5643868 -1.258968564e-05 3.498e-06
236.5643847 -7.272679522e-06 3.001e-06
236.5643891 -1.618144336e-05 4.212e-06
236.5643889 -1.505069462e-05 5.422e-06
236.5643886 -1.52331612e-05 3.787e-06
236.5643878 -1.110465088e-05 3.391e-06
236.5643881 -1.558567729e-05 3.419e-06
236.564387 -6.797305128e-06 3.477e-06
236.5643891 -2.079627846e-05 5.187e-06
236.5643876 -9.500711835e-06 3.682e-06
236.5643884 -7.536027396e-06 3.823e-06
236.5643844 -1.022807224e-05 2.766e-06
236.564386 -1.606400998e-05 3.283e-06
236.5643857 -1.300338335e-05 3.114e-06
236.5671666 -1.474877558e-05 6.539e-06
236.567164 -7.39866262e-06 3.063e-06
236.5671664 -5.57288045e-06 4.525e-06
236.5671632 -1.313215804e-05 2.629e-06
236.5671672 -8.534221545e-06 6.548e-06
236.567165 -7.38237014e-06 3.381e-06
236.5671669 -1.199203667e-05 4.642e-06
236.5671643 -1.352927147e-05 3.032e-06
236.5671658 -1.451275952e-05 3.394e-06
236.5671629 -9.011382693e-06 3.326e-06
236.5671656 -6.481958211e-06 3.507e-06
236.5671645 -1.624357632e-05 3.457e-06
236.5671661 -2.078550485e-05 3.915e-06
236.5671672 -2.890344792e-06 6.261e-06
236.5671666 -1.40670515e-05 6.187e-06
236.5671669 -1.221528595e-05 3.384e-06
236.5671653 -5.211581495e-06 3.557e-06
236.5671664 -8.670732936e-06 3.497e-06
236.5671648 -1.248057451e-05 3.411e-06
236.5671627 -8.952694801e-06 2.844e-06
236.5671672 -1.147761122e-05 5.143e-06
236.5671669 5.194423949e-07 6.039e-06
236.5671666 -4.834603649e-06 5.602e-06
236.5671658 -6.348959881e-06 4.211e-06
236.5671661 -4.206404883e-06 3.262e-06
236.567165 -9.663382213e-06 4.051e-06
236.5671672 -8.300531464e-06 6.167e-06
236.5671656 -1.49113847e-05 4.061e-06
236.5671664 -1.125606405e-05 4.535e-06
236.5671624 -9.410821488e-06 3.208e-06
236.567164 -1.311132685e-05 3.064e-06
236.5671637 -6.39019134e-06 3.395e-06
236.5699445 -3.476423693e-06 5.513e-06
236.5699419 -9.879810781e-06 3.287e-06
236.5699442 -1.17537953e-05 3.336e-06
236.5699411 -5.280836714e-06 2.824e-06
236.569945 -1.325942981e-05 7.959e-06
236.5699429 -5.475043428e-06 3.454e-06
236.5699421 -4.266048787e-06 3.215e-06
236.5699448 -6.038420506e-06 4.948e-06
236.5699437 6.812362553e-07 4.018e-06
236.5699408 -1.870570574e-06 2.78e-06
236.5699434 -1.012405667e-05 3.656e-06
236.5699424 -7.235238478e-06 3.419e-06
236.569944 -8.232361334e-06 4.84e-06
236.569945 -3.507922605e-06 5.719e-06
236.5699445 -9.161835036e-06 5.439e-06
236.5699448 -1.611555479e-06 4.643e-06
236.5699432 -2.045655307e-06 3.732e-06
236.5699442 -1.016272751e-05 3.281e-06
236.5699427 4.383827101e-07 3.733e-06
236.5699406 -6.144558095e-06 3.127e-06
236.569945 -2.112130676e-06 5.25e-06
236.5699448 -5.437241304e-06 6.351e-06
236.5699445 -7.21276168e-06 5.864e-06
236.5699437 -3.428766422e-06 4.238e-06
236.569944 -1.46036944e-05 3.32e-06
236.5699429 -1.082731968e-05 3.281e-06
236.569945 -1.652569346e-05 6.109e-06
236.5699434 -1.254667083e-06 3.854e-06
236.5699442 -3.255307258e-06 4.789e-06
236.5699403 -8.848076445e-06 2.622e-06
236.5699419 -4.776541583e-06 3.752e-06
236.5699416 -1.485324151e-06 3.292e-06
236.5727202 4.759072714e-06 2.824e-06
236.5727228 2.283242768e-06 5.47e-06
236.5727194 7.150427164e-07 2.899e-06
236.5727225 3.028972852e-06 4.091e-06
236.5727233 8.652035805e-06 7.213e-06
236.5727212 -4.177780205e-06 4.194e-06
236.5727204 7.143279e-07 3.251e-06
236.5727231 -5.17574502e-06 4.288e-06
236.572722 2.605588979e-06 3.341e-06
236.5727191 8.915270335e-07 3.086e-06
236.5727218 -1.396099274e-06 4.398e-06
236.5727207 3.49478395e-06 3.453e-06
236.5727223 3.983814194e-08 3.72e-06
236.5727233 -7.92774695e-06 5.937e-06
236.5727228 4.271960808e-07 5.58e-06
236.5727231 2.469165664e-06 4.005e-06
236.5727215 -3.608411344e-06 3.592e-06
236.5727225 2.836798645e-06 3.96e-06
236.572721 -1.821611694e-06 3.371e-06
236.5727189 -1.188569763e-07 3.325e-06
236.5727233 9.033928299e-06 6.151e-06
236.5727231 -7.50178961e-06 5.005e-06
236.5727228 2.93743323e-06 4.938e-06
236.572722 -9.640623578e-07 3.965e-06
236.5727223 -5.593383471e-06 3.567e-06
236.5727212 1.551221882e-06 3.882e-06
236.5727233 -4.269376503e-06 3.689e-06
236.5727218 5.015029005e-06 3.679e-06
236.5727225 6.446972223e-06 4.135e-06
236.5727186 2.323394578e-06 2.743e-06
236.5727202 -1.898260226e-06 3.115e-06
236.5727199 1.101751603e-06 2.944e-06
236.5754971 8.132391488e-06 3.958e-06
236.5754997 9.201622588e-06 6.615e-06
236.5754963 4.78073527e-06 3.124e-06
236.5754995 1.30020876e-06 4.723e-06
236.5755003 4.027101473e-06 5.527e-06
236.5754982 7.136408364e-06 3.237e-06
236.5754974 8.973671329e-07 3.283e-06
236.5755 9.020150763e-06 4.693e-06
236.575499 1.276000746e-05 4.26e-06
236.5754961 6.557560041e-06 2.584e-06
236.5754987 1.236548719e-06 4.1e-06
236.5754976 6.697780516e-06 3.492e-06
236.5754992 6.327724597e-06 4.105e-06
236.5755003 2.186583388e-07 5.895e-06
236.5754997 6.881504708e-06 5.485e-06
236.5755 2.962184655e-06 5.308e-06
236.5754984 2.902300645e-06 4.175e-06
236.5754995 -4.975066314e-07 4.135e-06
236.5754979 5.454587594e-06 3.051e-06
236.5754958 7.486559172e-06 3.244e-06
236.5755003 6.625608861e-06 5.939e-06
236.5755 1.496700658e-05 7.187e-06
236.5754997 -3.615041299e-06 4.779e-06
236.575499 -4.659140117e-06 4.594e-06
236.5754992 3.003930787e-06 3.773e-06
236.5754982 3.242943858e-06 3.412e-06
236.5755003 -3.461793117e-06 5.154e-06
236.5754987 5.454749822e-06 4.379e-06
236.5754995 4.797113566e-06 3.763e-06
236.5754955 -8.447304014e-07 2.954e-06
236.5754971 7.791694149e-06 3.381e-06
236.5754969 4.286085441e-06 3.609e-06
236.5782748 1.56302404e-05 3.615e-06
236.5782774 1.118884776e-05 6.715e-06
236.578274 1.16995021e-05 2.891e-06
236.5782772 1.016937547e-05 3.362e-06
236.578278 1.10622111e-05 4.296e-06
236.5782759 1.260993343e-05 3.088e-06
236.5782751 9.826958764e-06 3.094e-06
236.5782777 7.002027667e-06 4.487e-06
236.5782766 1.080004517e-05 3.578e-06
236.5782737 1.079315515e-05 2.711e-06
236.5782764 7.956548517e-06 3.748e-06
236.5782753 7.045748827e-06 3.73e-06
236.5782769 1.012079083e-05 5.004e-06
236.578278 2.249549065e-06 5.034e-06
236.5782774 2.786176612e-06 4.651e-06
236.5782777 1.403509491e-05 3.101e-06
236.5782761 6.860345002e-06 4.011e-06
236.5782772 1.566589662e-05 4.319e-06
236.5782756 7.895766555e-06 3.448e-06
236.5782735 1.18507588e-05 2.907e-06
236.578278 3.325469005e-06 6.26e-06
236.5782777 2.013085606e-06 7.247e-06
236.5782774 1.005799632e-05 4.785e-06
236.5782766 9.398525829e-06 3.765e-06
236.5782769 7.568779733e-06 4.007e-06
236.5782759 7.066766119e-06 3.487e-06
236.578278 1.525203854e-05 6.163e-06
236.5782764 1.20678152e-05 3.568e-06
236.5782772 1.242125824e-05 4.775e-06
236.5782732 1.468634403e-05 3.272e-06
236.5782748 1.10568125e-05 3.269e-06
236.5782745 7.146045113e-06 2.996e-06
236.5810522 1.732668985e-05 3.867e-06
236.5810548 1.14097385e-05 4.732e-06
236.5810514 1.162471755e-05 3.129e-06
236.5810546 1.018612721e-05 4.708e-06
236.5810554 1.295160877e-05 6.331e-06
236.5810532 2.10003247e-05 3.625e-06
236.5810525 1.960398174e-05 3.143e-06
236.5810551 1.469943426e-05 4.409e-06
236.581054 1.298630864e-05 3.597e-06
236.5810511 1.743748896e-05 2.734e-06
236.5810538 1.931987813e-05 3.524e-06
236.5810527 1.007765197e-05 3.511e-06
236.5810543 1.563618744e-05 4.271e-06
236.5810554 2.020647898e-05 7.604e-06
236.5810548 2.07083684e-05 5.413e-06
236.5810551 1.542599518e-05 4.166e-06
236.5810535 1.551251016e-05 3.915e-06
236.5810546 1.568565355e-05 4.408e-06
236.581053 1.227870514e-05 3.612e-06
236.5810509 1.788965147e-05 2.781e-06
236.5810554 2.047249599e-05 6.383e-06
236.5810551 2.544044698e-05 5.847e-06
236.5810548 1.58151278e-05 3.919e-06
236.581054 1.905530185e-05 4.095e-06
236.5810543 1.308156476e-05 3.745e-06
236.5810532 1.462419959e-05 3.809e-06
236.5810554 6.70741914e-06 5.795e-06
236.5810538 1.499272885e-05 3.775e-06
236.5810546 1.970444377e-05 3.948e-06
236.5810506 1.660664663e-05 3.128e-06
236.5810522 1.307532585e-05 2.98e-06
236.5810519 1.393831226e-05 2.736e-06
236.5838298 2.271980597e-05 3.186e-06
236.5838324 1.572635683e-05 6.448e-06
236.583829 1.895980193e-05 3.174e-06
236.5838322 1.600611434e-05 4.887e-06
236.583833 3.081696008e-05 8.866e-06
236.5838309 2.167378638e-05 3.842e-06
236.5838301 2.020720899e-05 2.933e-06
236.5838327 7.331512963e-06 4.881e-06
236.5838317 2.818691415e-05 4.604e-06
236.5838288 1.927570772e-05 2.915e-06
236.5838314 2.267589302e-05 3.671e-06
236.5838303 1.625672118e-05 3.277e-06
236.5838319 2.203963352e-05 3.902e-06
236.583833 2.407350178e-05 6.674e-06
236.5838324 3.04817754e-05 5.612e-06
236.5838327 1.88339228e-05 3.914e-06
236.5838311 1.779216907e-05 3.847e-06
236.5838322 1.614722939e-05 4.104e-06
236.5838306 1.777500452e-05 3.134e-06
236.5838285 1.89863014e-05 2.861e-06
236.583833 2.017105737e-05 4.796e-06
236.5838327 2.251641186e-05 5.492e-06
236.5838324 2.293181373e-05 4.025e-06
236.5838317 1.297041678e-05 4.59e-06
236.5838319 2.491746021e-05 3.738e-06
236.5838309 2.17314595e-05 3.733e-06
236.583833 1.683276635e-05 4.013e-06
236.5838314 2.462910943e-05 4.447e-06
236.5838322 2.062609828e-05 3.804e-06
236.5838282 2.081510401e-05 3.529e-06
236.5838298 1.776728067e-05 3.283e-06
236.5838296 1.688631588e-05 3.486e-06
236.5866074 2.482459806e-05 3.175e-06
236.58661 1.282633314e-05 7.211e-06
236.5866066 2.857437899e-05 3.436e-06
236.5866097 3.292791666e-05 4.86e-06
236.5866105 3.756105674e-05 6.881e-06
236.5866084 2.150893679e-05 3.905e-06
236.5866076 2.845676228e-05 3.16e-06
236.5866103 2.389396118e-05 4.827e-06
236.5866092 2.303085969e-05 4.105e-06
236.5866063 2.419468058e-05 2.997e-06
236.586609 2.409378331e-05 3.771e-06
236.5866079 1.831672887e-05 3.549e-06
236.5866095 1.86930389e-05 4.102e-06
236.5866105 2.790111282e-05 5.2e-06
236.58661 1.566229695e-05 8.628e-06
236.5866103 2.531347668e-05 5.135e-06
236.5866087 1.983535148e-05 3.568e-06
236.5866097 3.184426315e-05 4.551e-06
236.5866082 2.335243461e-05 3.085e-06
236.5866061 2.796276973e-05 2.977e-06
236.5866105 2.492405637e-05 5.392e-06
236.5866103 2.242168927e-05 4.574e-06
236.58661 1.986501986e-05 3.969e-06
236.5866092 2.649039215e-05 4.063e-06
236.5866095 1.983558329e-05 3.883e-06
236.5866084 2.360968497e-05 3.562e-06
236.5866105 1.776053346e-05 4.639e-06
236.586609 2.584057271e-05 3.875e-06
236.5866097 2.023233158e-05 4.347e-06
236.5866058 2.221444685e-05 2.998e-06
236.5866074 2.495342187e-05 3.255e-06
236.5866071 2.253280256e-05 3.034e-06
236.5893848 3.32353902e-05 3.245e-06
236.5893875 3.959800328e-05 7.098e-06
236.589384 3.36010372e-05 2.818e-06
236.5893872 2.442989958e-05 5.323e-06
236.5893859 3.393307763e-05 4.014e-06
236.5893851 3.066249303e-05 3.748e-06
236.5893877 3.036441698e-05 4.76e-06
236.5893867 3.930850209e-05 4.345e-06
236.5893838 3.286961359e-05 3.127e-06
236.5893864 2.922193561e-05 4.039e-06
236.5893853 3.164622596e-05 3.456e-06
236.5893869 3.023609954e-05 3.994e-06
236.589388 2.98170166e-05 4.196e-06
236.5893875 3.038927542e-05 4.489e-06
236.5893877 2.82713152e-05 3.859e-06
236.5893861 2.389143061e-05 3.11e-06
236.5893872 3.533334998e-05 3.772e-06
236.5893856 2.889278025e-05 4.191e-06
236.5893835 3.69923903e-05 3.32e-06
236.589388 2.412347316e-05 6.397e-06
236.5893877 2.978724224e-05 5.614e-06
236.5893875 1.899176111e-05 4.678e-06
236.5893867 2.751260799e-05 3.548e-06
236.5893869 3.31685889e-05 3.593e-06
236.5893859 2.700698029e-05 4.07e-06
236.589388 2.767883266e-05 4.973e-06
236.5893864 3.151254045e-05 3.733e-06
236.5893872 3.501685458e-05 3.983e-06
236.5893832 2.869123059e-05 3.1e-06
236.5893848 2.665154924e-05 3.437e-06
236.5893846 2.929748005e-05 3.079e-06
236.5921637 3.226684922e-05 3.729e-06
236.5921663 3.777149661e-05 5.563e-06
236.5921629 3.578254084e-05 3.277e-06
236.592166 3.038785852e-05 4.964e-06
236.5921647 4.130861274e-05 3.44e-06
236.5921668 3.178174474e-05 7.167e-06
236.5921639 3.667987088e-05 3.686e-06
236.5921665 3.597142092e-05 4.694e-06
236.5921655 2.597339226e-05 5.124e-06
236.5921626 3.577590805e-05 3.049e-06
236.5921652 3.950263298e-05 4.641e-06
236.5921642 3.364174448e-05 3.405e-06
236.5921658 3.676704438e-05 3.511e-06
236.5921668 3.519597359e-05 5.074e-06
236.5921663 3.08955082e-05 4.481e-06
236.5921665 3.036955877e-05 4.777e-06
236.592165 3.322676119e-05 3.319e-06
236.592166 3.001803993e-05 3.738e-06
236.5921644 2.485651829e-05 3.347e-06
236.5921623 3.580465414e-05 2.993e-06
236.5921668 3.241190823e-05 5.005e-06
236.5921665 3.597908714e-05 4.776e-06
236.5921663 3.614779065e-05 5.853e-06
236.5921655 2.779059372e-05 3.809e-06
236.5921658 3.278612823e-05 4.133e-06
236.5921647 4.000320828e-05 4.128e-06
236.5921668 3.438243406e-05 4.273e-06
236.5921652 3.974519228e-05 3.404e-06
236.592166 3.036179335e-05 4.6e-06
236.5921621 2.802592561e-05 2.603e-06
236.5921637 3.77408393e-05 3.442e-06
236.5921634 2.907072473e-05 3.081e-06
236.5949401 3.486727266e-05 3.066e-06
236.5949427 3.843267754e-05 6.014e-06
236.5949393 3.633944017e-05 3.002e-06
236.5949425 2.653134924e-05 5.129e-06
236.5949412 3.9405794e-05 3.416e-06
236.5949433 3.548606988e-05 5.404e-06
236.5949404 2.930502196e-05 3.139e-06
236.594943 3.491882433e-05 4.344e-06
236.5949419 3.431311587e-05 3.265e-06
236.5949391 3.416535175e-05 2.705e-06
236.5949417 3.222168998e-05 3.518e-06
236.5949406 3.441972913e-05 3.801e-06
236.5949422 3.481886231e-05 4.122e-06
236.5949433 2.762077445e-05 4.891e-06
236.5949427 4.122850478e-05 4.142e-06
236.594943 3.528616376e-05 4.283e-06
236.5949414 3.78295645e-05 2.93e-06
236.5949409 3.892904408e-05 3.55e-06
236.5949388 3.341329058e-05 2.925e-06
236.5949433 3.410839368e-05 5.469e-06
236.594943 2.89077038e-05 4.84e-06
236.5949427 3.984408276e-05 4.67e-06
236.5949419 3.810394858e-05 3.281e-06
236.5949422 3.372788255e-05 4.41e-06
236.5949412 3.051023068e-05 3.645e-06
236.5949433 3.248633556e-05 5.175e-06
236.5949417 3.899140646e-05 3.84e-06
236.5949425 3.633299586e-05 5.061e-06
236.5949385 3.472226789e-05 3.046e-06
236.5949401 2.76489603e-05 3.316e-06
236.5949398 3.811744389e-05 3.01e-06
236.5977183 3.77253417e-05 2.993e-06
236.5977209 2.863663754e-05 5.501e-06
236.5977175 3.614475873e-05 3.056e-06
236.5977206 3.858908168e-05 5.335e-06
236.5977193 2.854179964e-05 3.365e-06
236.5977214 3.171606892e-05 4.792e-06
236.5977185 3.335291808e-05 3.596e-06
236.5977212 3.739890096e-05 3.87e-06
236.5977201 3.103995611e-05 3.577e-06
236.5977172 3.046555115e-05 2.807e-06
236.5977199 3.774034837e-05 4.033e-06
236.5977188 3.116205966e-05 2.957e-06
236.5977204 3.70212582e-05 3.892e-06
236.5977214 2.656488866e-05 4.778e-06
236.5977209 3.539480207e-05 5.493e-06
236.5977212 3.123741483e-05 4.848e-06
236.5977196 2.815440469e-05 3.275e-06
236.5977206 2.95484537e-05 4.185e-06
236.5977191 3.543008581e-05 3.569e-06
236.597717 3.366720269e-05 2.593e-06
236.5977214 3.5358076e-05 4.793e-06
236.5977212 3.690769913e-05 7.172e-06
236.5977209 2.70541827e-05 4.922e-06
236.5977201 3.393994797e-05 3.512e-06
236.5977204 3.203503834e-05 4.085e-06
236.5977193 3.597176397e-05 4.073e-06
236.5977214 3.196902866e-05 5.146e-06
236.5977199 4.083105653e-05 4.413e-06
236.5977206 4.142928303e-05 3.705e-06
236.5977167 3.887135457e-05 2.734e-06
236.5977183 3.400054774e-05 3.089e-06
236.597718 3.158381737e-05 2.88e-06
236.6004954 4.194854303e-05 2.836e-06
236.6004981 2.874223637e-05 7.68e-06
236.6004946 3.082762927e-05 2.656e-06
236.6004978 3.468490523e-05 3.966e-06
236.6004965 3.114803781e-05 3.855e-06
236.6004986 3.455313995e-05 5.225e-06
236.6004957 3.226355744e-05 3.301e-06
236.6004983 3.684289193e-05 4.71e-06
236.6004973 3.466219715e-05 3.984e-06
236.6004944 3.51635738e-05 2.615e-06
236.600497 3.623878441e-05 3.129e-06
236.6004959 3.104537422e-05 3.114e-06
236.6004975 3.400830197e-05 3.762e-06
236.6004986 3.37681894e-05 4.366e-06
236.6004981 3.436352477e-05 5.482e-06
236.6004983 2.977435097e-05 3.9e-06
236.6004967 3.136811418e-05 3.191e-06
236.6004978 3.527852408e-05 4.435e-06
236.6004962 3.311546636e-05 3.3e-06
236.6004941 3.667437824e-05 2.87e-06
236.6004986 3.324570669e-05 6.543e-06
236.6004983 3.48247105e-05 1.0213e-05
236.6004981 3.453400623e-05 6.609e-06
236.6004973 3.056113724e-05 3.699e-06
236.6004975 2.696490401e-05 3.143e-06
236.600497 3.001375875e-05 3.591e-06
236.6004986 3.397178594e-05 5.261e-06
236.6004978 3.028703587e-05 4.084e-06
236.6004938 3.930411226e-05 2.802e-06
236.6004954 3.15310845e-05 3.346e-06
236.6004952 3.632430247e-05 3.007e-06
236.6032727 2.850462995e-05 2.92e-06
236.6032754 4.056849974e-05 8.429e-06
236.603272 3.450974098e-05 2.836e-06
236.6032751 3.834388033e-05 4.495e-06
236.6032738 3.379860328e-05 3.737e-06
236.6032759 3.093527045e-05 5.921e-06
236.603273 4.346527591e-05 3.863e-06
236.6032756 2.71789993e-05 3.761e-06
236.6032746 3.371817033e-05 4.135e-06
236.6032717 3.496067703e-05 2.786e-06
236.6032743 2.687329361e-05 2.848e-06
236.6032733 3.414684968e-05 3.089e-06
236.6032748 3.37147649e-05 3.944e-06
236.6032759 3.297287464e-05 3.973e-06
236.6032754 4.085060597e-05 4.946e-06
236.6032756 2.757548119e-05 4.075e-06
236.6032741 3.708986271e-05 3.833e-06
236.6032751 3.84177799e-05 4.722e-06
236.6032735 3.532016719e-05 3.159e-06
236.6032714 3.61909308e-05 2.736e-06
236.6032759 2.748652188e-05 5.015e-06
236.6032756 4.192456882e-05 6.04e-06
236.6032754 3.628171176e-05 5.225e-06
236.6032746 3.684586965e-05 4.055e-06
236.6032748 3.315208565e-05 3.208e-06
236.6032738 3.75503092e-05 3.924e-06
236.6032759 2.766927764e-05 4.834e-06
236.6032743 3.440092991e-05 3.858e-06
236.6032751 3.371488528e-05 3.505e-06
236.6032712 3.08856728e-05 2.732e-06
236.6032727 3.811893191e-05 3.144e-06
236.6032725 3.539540842e-05 3.111e-06
236.6060499 2.997777274e-05 2.798e-06
236.6060525 3.078421927e-05 5.088e-06
236.6060491 2.943153749e-05 2.831e-06
236.6060522 3.051736039e-05 5.152e-06
236.6060509 3.13567287e-05 4.095e-06
236.606053 3.637397966e-05 5.419e-06
236.6060501 3.73154997e-05 3.87e-06
236.6060528 2.635320602e-05 3.441e-06
236.6060517 3.209448013e-05 3.9e-06
236.6060488 3.461858291e-05 3.107e-06
236.6060514 2.970526341e-05 3.136e-06
236.6060504 2.944780669e-05 3.378e-06
236.606052 2.931570835e-05 4.457e-06
236.606053 2.797566809e-05 4.788e-06
236.6060525 2.933461662e-05 4.188e-06
236.6060528 3.606036119e-05 4.377e-06
236.6060512 3.276692618e-05 3.654e-06
236.6060522 2.752830247e-05 4.079e-06
236.6060507 2.69512601e-05 3.353e-06
236.6060485 3.039248554e-05 2.94e-06
236.606053 2.784472238e-05 6.494e-06
236.6060528 2.153550816e-05 5.042e-06
236.6060525 3.34288931e-05 4.041e-06
236.6060517 3.335027083e-05 4.14e-06
236.606052 3.08116173e-05 3.141e-06
236.6060509 2.985529986e-05 3.682e-06
236.606053 3.014470547e-05 4.771e-06
236.6060514 3.117663917e-05 3.632e-06
236.6060522 2.854274831e-05 4.755e-06
236.6060483 3.413191474e-05 2.808e-06
236.6060499 2.724048653e-05 3.644e-06
236.6060496 2.864874749e-05 3.05e-06
236.6088288 2.956296253e-05 3.277e-06
236.6088314 2.621754698e-05 4.997e-06
236.608828 3.201805468e-05 3.086e-06
236.6088312 2.743044908e-05 3.426e-06
236.608832 2.088476794e-05 4.285e-06
236.6088299 2.485304333e-05 3.245e-06
236.6088291 2.574358913e-05 3.403e-06
236.6088317 2.596337269e-05 5.31e-06
236.6088306 2.286463192e-05 4.577e-06
236.6088277 2.908624085e-05 2.907e-06
236.6088304 2.287980526e-05 3.848e-06
236.6088293 2.200761813e-05 3.407e-06
236.6088309 2.910154256e-05 4.127e-06
236.608832 2.770058926e-05 5.821e-06
236.6088314 2.458681662e-05 4.19e-06
236.6088317 2.98342488e-05 4.265e-06
236.6088301 2.454194379e-05 3.328e-06
236.6088312 2.974358962e-05 4.463e-06
236.6088296 2.141194029e-05 4.02e-06
236.6088275 2.634762858e-05 3.013e-06
236.608832 1.950399904e-05 5.458e-06
236.6088317 2.563213537e-05 5.607e-06
236.6088314 2.118672692e-05 4.354e-06
236.6088306 3.501398678e-05 3.807e-06
236.6088299 3.536614684e-05 3.811e-06
236.608832 2.995330976e-05 4.35e-06
236.6088304 1.99060304e-05 4.276e-06
236.6088312 3.452536823e-05 5.015e-06
236.6088272 2.671066488e-05 2.934e-06
236.6088288 2.19558532e-05 3.241e-06
236.6088285 2.611595138e-05 2.978e-06
236.6116061 1.993711461e-05 2.777e-06
236.6116087 3.08538492e-05 4.363e-06
236.6116053 2.581286845e-05 3.259e-06
236.6116084 2.968234478e-05 3.479e-06
236.6116092 1.890473859e-05 6.494e-06
236.6116071 2.479296397e-05 4.516e-06
236.6116063 2.480652613e-05 2.811e-06
236.6116089 2.707880034e-05 4.978e-06
236.6116079 2.697560773e-05 3.49e-06
236.611605 2.294353276e-05 2.561e-06
236.6116076 1.321442222e-05 3.919e-06
236.6116066 2.73532854e-05 3.949e-06
236.6116082 2.265785446e-05 4.448e-06
236.6116092 2.627613885e-05 5.913e-06
236.6116087 2.060885775e-05 5.398e-06
236.6116089 2.059113386e-05 4.251e-06
236.6116074 2.109016365e-05 3.057e-06
236.6116084 3.012405823e-05 4.365e-06
236.6116068 2.769794326e-05 3.286e-06
236.6116047 2.758978983e-05 2.967e-06
236.6116092 2.347187182e-05 5.704e-06
236.6116089 2.464078742e-05 5.522e-06
236.6116087 2.494593174e-05 4.244e-06
236.6116079 2.54470952e-05 3.75e-06
236.6116082 2.235724392e-05 3.549e-06
236.6116071 2.017552503e-05 3.949e-06
236.6116092 2.535620921e-05 4.066e-06
236.6116076 2.941732971e-05 3.566e-06
236.6116084 2.286032595e-05 4.006e-06
236.6116045 2.654778423e-05 2.625e-06
236.6116061 2.394658386e-05 3.596e-06
236.6116058 2.953568095e-05 3.272e-06
236.6143834 1.951241828e-05 3.271e-06
236.614386 1.58338017e-05 5.59e-06
236.6143826 2.112378323e-05 3.02e-06
236.6143858 1.480140109e-05 4.059e-06
236.6143866 2.120876946e-05 6.304e-06
236.6143845 1.758217876e-05 3.352e-06
236.6143837 1.904412289e-05 3.464e-06
236.6143863 2.052693098e-05 4.735e-06
236.6143852 1.773168349e-05 4.445e-06
236.6143824 1.729255784e-05 2.95e-06
236.614385 1.382477153e-05 3.806e-06
236.6143839 1.132140894e-05 2.918e-06
236.6143855 1.483669877e-05 3.183e-06
236.6143866 2.160790961e-05 5.959e-06
236.614386 1.641885952e-05 4.519e-06
236.6143863 1.174830232e-05 5.091e-06
236.6143847 1.810166444e-05 3.549e-06
236.6143858 2.492317741e-05 5.084e-06
236.6143842 1.133120402e-05 3.118e-06
236.6143821 1.993475501e-05 3.128e-06
236.6143866 1.860346732e-05 5.003e-06
236.6143863 1.307273583e-05 7.698e-06
236.614386 1.503061272e-05 4.667e-06
236.6143852 2.425813053e-05 4.037e-06
236.6143855 1.869004227e-05 3.576e-06
236.6143845 2.182545825e-05 3.203e-06
236.6143866 1.056513457e-05 4.324e-06
236.614385 1.572597924e-05 3.229e-06
236.6143858 1.817369029e-05 4.259e-06
236.6143818 1.394349183e-05 3.409e-06
236.6143834 2.06202544e-05 3.138e-06
236.6143831 1.603661157e-05 3.142e-06
236.6167343 1.540853832e-05 3.961e-06
236.6167369 2.417124636e-05 6.914e-06
236.6167335 1.435435813e-05 3.445e-06
236.6167366 1.641532289e-05 4.911e-06
236.6167374 9.169670943e-06 8.326e-06
236.6167353 9.126033592e-06 4.538e-06
236.6167345 1.382523542e-05 3.803e-06
236.6167372 2.048919279e-05 6.668e-06
236.6167361 1.555830452e-05 5.255e-06
236.6167332 1.377869167e-05 3.592e-06
236.6167358 1.491847964e-05 4.166e-06
236.6167348 1.051449278e-05 3.778e-06
236.6167364 1.020777404e-05 4.956e-06
236.6167374 3.6735687e-06 6.108e-06
236.6167369 2.555662491e-05 7.995e-06
236.6167372 1.529317928e-05 5.125e-06
236.6167356 6.855667988e-06 4.391e-06
236.6167366 1.420853608e-05 5.728e-06
236.6167351 1.124365752e-05 4.252e-06
236.616733 1.159770767e-05 3.521e-06
236.6167374 9.443985114e-06 5.285e-06
236.6167372 1.847172564e-05 7.463e-06
236.6167369 9.235546029e-06 5.217e-06
236.6167361 1.971566737e-05 5.314e-06
236.6167364 2.372127466e-05 4.758e-06
236.6167353 1.344080467e-05 4.591e-06
236.6167374 1.104231007e-05 5.889e-06
236.6167358 1.347111968e-05 4.422e-06
236.6167366 1.91375994e-05 5.121e-06
236.6167327 1.241675315e-05 3.393e-06
236.6167343 1.819586429e-05 3.72e-06
236.616734 1.375874235e-05 3.653e-06
236.6191988 6.404837217e-06 2.549e-06
236.6192015 5.228963129e-06 6.745e-06
236.619198 8.832893598e-06 3.204e-06
236.6192012 3.142930129e-06 4.55e-06
236.619202 3.247235301e-06 7.027e-06
236.6191999 1.321285137e-05 3.892e-06
236.6191991 3.617530692e-06 2.932e-06
236.6192017 1.498030727e-06 4.701e-06
236.6192007 4.554861408e-06 3.381e-06
236.6191978 1.149494899e-05 2.506e-06
236.6192004 9.234644949e-06 4.062e-06
236.6191994 4.128091333e-06 3.679e-06
236.6192009 5.744960162e-06 4.34e-06
236.619202 5.978831268e-06 4.551e-06
236.6192015 1.001884611e-05 4.984e-06
236.6192017 4.467770498e-06 5.281e-06
236.6192001 4.19816513e-06 3.65e-06
236.6192012 9.668562507e-06 5.005e-06
236.6191996 9.14565161e-06 3.759e-06
236.6191975 8.637720106e-06 2.766e-06
236.619202 -1.010813692e-06 5.109e-06
236.6192017 -1.700032534e-06 4.741e-06
236.6192015 4.87358867e-06 4.896e-06
236.6192007 1.066558317e-05 4.176e-06
236.6192009 2.17188188e-06 3.683e-06
236.6191999 7.443694433e-06 3.455e-06
236.619202 4.895522216e-06 5.692e-06
236.6192004 1.057788665e-05 3.227e-06
236.6192012 3.339644313e-06 4.655e-06
236.6191973 3.460803994e-06 2.931e-06
236.6191988 7.483849639e-06 3.089e-06
236.6191986 3.739760319e-06 3.656e-06
236.6219752 7.608337763e-06 3.567e-06
236.6219744 1.950619474e-06 3.089e-06
236.6219775 7.68564873e-06 5.273e-06
236.6219783 8.129356782e-08 6.296e-06
236.6219762 4.251379824e-06 3.994e-06
236.6219754 1.000010866e-06 3.942e-06
236.621978 -3.497086527e-06 5.018e-06
236.621977 1.847584462e-06 3.813e-06
236.6219741 3.7353091e-06 2.88e-06
236.6219767 1.041661348e-05 3.848e-06
236.6219757 -1.422220115e-06 4.072e-06
236.6219773 2.373228005e-06 6.497e-06
236.6219783 -3.872394216e-06 3.777e-06
236.6219778 1.275073219e-05 5.201e-06
236.621978 5.751921474e-06 4.912e-06
236.6219765 3.695201253e-06 3.592e-06
236.6219775 7.920946921e-07 4.673e-06
236.6219759 -4.538385485e-06 3.752e-06
236.6219738 1.27753777e-06 3.394e-06
236.6219783 3.679852341e-06 7.25e-06
236.621978 -4.905018031e-06 7.111e-06
236.6219778 -1.135568198e-05 5.412e-06
236.621977 5.875858233e-06 4.409e-06
236.6219773 4.376928971e-06 4.326e-06
236.6219762 5.82225448e-07 3.716e-06
236.6219783 -3.759133537e-06 5.806e-06
236.6219767 3.923308838e-06 4.497e-06
236.6219775 -5.681259189e-06 5.519e-06
236.6219736 -3.548175857e-07 3.322e-06
236.6219752 9.483737789e-06 3.33e-06
236.6219749 -2.017600707e-07 3.411e-06
236.6247555 -5.824974992e-06 5.118e-06
236.6247528 -2.809561861e-07 3.322e-06
236.6247521 -1.416952e-06 3.307e-06
236.6247552 -9.693901731e-07 5.12e-06
236.624756 -5.759909168e-06 5.625e-06
236.6247539 -1.665452191e-06 3.033e-06
236.6247531 -9.940718743e-07 3.117e-06
236.6247557 -3.77323237e-06 3.933e-06
236.6247547 -2.031622991e-06 3.551e-06
236.6247518 -3.404574724e-06 2.971e-06
236.6247544 -7.869008788e-06 3.614e-06
236.6247534 -2.439011987e-06 2.963e-06
236.6247549 -1.300468924e-05 4.726e-06
236.624756 -2.585013166e-06 4.089e-06
236.6247555 1.289837188e-06 4.973e-06
236.6247557 4.452271621e-06 4.555e-06
236.6247542 -8.505126898e-07 3.299e-06
236.6247552 3.020872485e-06 4.788e-06
236.6247536 -5.653441397e-07 3.39e-06
236.6247515 5.763517489e-07 2.86e-06
236.624756 -4.337622069e-06 6.199e-06
236.6247557 -7.994966003e-06 6.295e-06
236.6247555 3.283429081e-07 3.687e-06
236.6247547 3.816239057e-06 3.539e-06
236.6247549 1.991796962e-06 4.455e-06
236.6247539 -3.865960006e-06 3.677e-06
236.624756 -2.483706293e-06 5.459e-06
236.6247544 -2.668589782e-06 4.043e-06
236.6247552 7.331792049e-07 4.326e-06
236.6247513 1.591484369e-06 2.956e-06
236.6247528 -5.989136959e-06 3.242e-06
236.6247526 2.723270205e-06 3.288e-06
236.6275332 -7.120469162e-06 6.37e-06
236.6275306 -2.036726375e-06 2.886e-06
236.6275298 -5.604755084e-06 2.881e-06
236.627533 2.178040593e-06 4.685e-06
236.6275338 -1.403670944e-06 4.709e-06
236.6275317 -3.019421435e-06 3.641e-06
236.6275309 3.121837885e-06 3.454e-06
236.6275335 1.78995926e-06 2.771e-06
236.6275324 -2.41305869e-06 3.868e-06
236.6275296 8.320540342e-07 2.984e-06
236.6275322 -9.045196855e-06 4.143e-06
236.6275311 -7.989860689e-06 3.452e-06
236.6275327 -5.19808408e-06 3.689e-06
236.6275338 -3.839715012e-06 7.734e-06
236.6275332 -9.81811003e-06 3.792e-06
236.6275335 -7.873225231e-07 5.073e-06
236.6275319 -7.711817919e-06 3.474e-06
236.627533 -1.088542689e-06 3.708e-06
236.6275314 1.14396343e-06 3.932e-06
236.6275293 -2.628507205e-06 2.607e-06
236.6275338 1.768958664e-06 4.93e-06
236.6275335 -4.874005928e-06 5.486e-06
236.6275332 -4.529063648e-06 3.869e-06
236.6275324 -3.951014822e-06 4.289e-06
236.6275327 -7.731152197e-06 3.994e-06
236.6275317 -2.996086503e-06 3.61e-06
236.6275338 -1.386022601e-05 5.348e-06
236.6275322 -3.172470501e-06 3.083e-06
236.627533 -7.332478918e-06 4.28e-06
236.627529 9.746629689e-08 2.959e-06
236.6275306 -3.239396266e-06 2.637e-06
236.6275303 -5.683109835e-06 3.257e-06
236.6303119 -1.618029949e-05 4.855e-06
236.6303093 -6.320667918e-06 2.622e-06
236.6303116 -7.27454659e-06 3.286e-06
236.6303085 -7.672788225e-06 3.232e-06
236.6303124 -1.698499888e-05 5.801e-06
236.6303103 -4.5721972e-06 3.325e-06
236.6303122 -5.810489395e-06 6.403e-06
236.6303095 -1.479514221e-05 3.724e-06
236.6303111 -6.971095483e-06 3.979e-06
236.6303082 -8.421599445e-06 2.972e-06
236.6303108 -1.227563643e-05 3.149e-06
236.6303098 -6.716957245e-06 3.146e-06
236.6303114 -1.07599004e-05 5.452e-06
236.6303124 -9.78943808e-06 5.406e-06
236.6303119 -5.130851634e-06 4.468e-06
236.6303122 -1.227181547e-05 5.567e-06
236.6303106 -6.37167613e-06 3.779e-06
236.6303116 -7.120391104e-06 3.378e-06
236.6303101 -1.380129838e-05 3.285e-06
236.630308 -8.590960614e-06 2.865e-06
236.6303124 -1.109607478e-05 5.7e-06
236.6303122 -3.901356543e-06 4.633e-06
236.6303119 -7.89398131e-06 5.308e-06
236.6303111 -8.556870223e-06 3.408e-06
236.6303114 -1.883832343e-05 3.518e-06
236.6303103 -7.864122935e-06 3.014e-06
236.6303124 -1.936720408e-06 5.142e-06
236.6303108 -7.419738755e-06 3.896e-06
236.6303116 -4.423284239e-06 4.369e-06
236.6303077 -1.075238132e-05 2.685e-06
236.6303093 -1.016718468e-05 3.254e-06
236.630309 -1.37518593e-05 2.9e-06
236.6330891 -1.150753243e-05 5.15e-06
236.6330865 -1.37643701e-05 3.014e-06
236.6330889 -4.114646358e-06 4.124e-06
236.6330857 -1.449374439e-05 3.109e-06
236.6330896 -1.706075294e-05 5.272e-06
236.6330875 -1.767253246e-05 3.595e-06
236.6330894 -1.036739078e-05 5.091e-06
236.6330868 -1.129389175e-05 3.85e-06
236.6330883 -1.774241533e-05 3.252e-06
236.6330854 -1.25129964e-05 2.998e-06
236.6330881 -1.708639987e-05 3.612e-06
236.633087 -9.429414865e-06 2.94e-06
236.6330886 -1.5748325e-05 4.295e-06
236.6330896 -2.03844273e-05 7.909e-06
236.6330891 -1.183646009e-05 4.6e-06
236.6330894 -1.63065161e-05 4.647e-06
236.6330878 -1.582571111e-05 3.367e-06
236.6330889 -1.629725463e-05 3.303e-06
236.6330873 -1.382689778e-05 2.988e-06
236.6330852 -1.315082003e-05 2.458e-06
236.6330896 -2.052508918e-05 5.293e-06
236.6330894 -1.703040266e-05 6.372e-06
236.6330891 -1.537849813e-05 3.969e-06
236.6330883 -2.443133367e-06 4.16e-06
236.6330886 -1.02130653e-05 3.314e-06
236.6330875 -1.236546463e-05 2.875e-06
236.6330896 -1.397939783e-05 6.793e-06
236.6330881 -1.38517911e-05 3.792e-06
236.6330889 -4.895043348e-06 3.863e-06
236.6330849 -1.881228714e-05 2.708e-06
236.6330865 -1.028959217e-05 3.347e-06
236.6330862 -1.432552099e-05 3.058e-06
236.6358668 -1.085365007e-05 5.36e-06
236.6358642 -1.541829617e-05 2.893e-06
236.6358665 -2.3951558e-05 3.87e-06
236.6358634 -1.917112541e-05 3.015e-06
236.6358673 -1.89600656e-05 6.053e-06
236.6358652 -1.754392759e-05 3.315e-06
236.6358671 -3.027567774e-05 4.93e-06
236.6358644 -1.774620477e-05 2.838e-06
236.635866 -1.850349283e-05 3.882e-06
236.6358631 -1.448430307e-05 3.153e-06
236.6358658 -1.93928233e-05 3.612e-06
236.6358647 -1.788509991e-05 3.382e-06
236.6358663 -2.120029805e-05 4.604e-06
236.6358673 -2.727416773e-05 5.715e-06
236.6358668 -1.934590259e-05 4.995e-06
236.6358671 -1.798144659e-05 3.155e-06
236.6358655 -1.926401932e-05 3.708e-06
236.6358665 -1.870932449e-05 5.41e-06
236.635865 -1.192642012e-05 3.418e-06
236.6358629 -1.54520051e-05 2.857e-06
236.6358671 -2.158776668e-05 5.862e-06
236.6358668 -1.85288673e-05 4.663e-06
236.635866 -1.507870214e-05 3.597e-06
236.6358663 -1.664302273e-05 3.486e-06
236.6358652 -1.231490202e-05 3.425e-06
236.6358673 -2.544167425e-05 6.258e-06
236.6358658 -1.393373773e-05 3.104e-06
236.6358665 -1.689710338e-05 3.638e-06
236.6358626 -1.553518561e-05 2.875e-06
236.6358642 -1.803987343e-05 2.946e-06
236.6358639 -1.33684519e-05 3.106e-06
236.6386442 -2.101063644e-05 5.255e-06
236.6386416 -1.905256839e-05 2.823e-06
236.6386439 -2.251061706e-05 3.752e-06
236.6386408 -1.74532989e-05 2.924e-06
236.6386447 -2.518996529e-05 6.432e-06
236.6386426 -1.893321998e-05 2.973e-06
236.6386445 -2.759772666e-05 4.954e-06
236.6386418 -2.212602458e-05 2.74e-06
236.6386434 -8.813636916e-06 3.984e-06
236.6386405 -1.574732805e-05 2.896e-06
236.6386432 -1.48741586e-05 4.506e-06
236.6386421 -2.167835221e-05 3.631e-06
236.6386437 -1.333606078e-05 3.952e-06
236.6386447 -2.520071675e-05 5.481e-06
236.6386442 -2.000061341e-05 4.419e-06
236.6386445 -2.021515863e-05 3.75e-06
236.6386429 -2.275119125e-05 4.06e-06
236.6386439 -2.057781145e-05 4.694e-06
236.6386424 -1.585292746e-05 3.16e-06
236.6386403 -1.962671576e-05 2.596e-06
236.6386447 -1.123856119e-05 7.057e-06
236.6386445 -1.99838486e-05 6.009e-06
236.6386442 -1.415058951e-05 5.086e-06
236.6386434 -1.914947757e-05 3.395e-06
236.6386437 -1.50728826e-05 4.246e-06
236.6386426 -2.074990974e-05 2.985e-06
236.6386447 -1.28906001e-05 4.274e-06
236.6386432 -2.282194602e-05 4.071e-06
236.6386439 -1.577098655e-05 5.175e-06
236.63864 -1.985012097e-05 3.129e-06
236.6386416 -1.626394663e-05 3.085e-06
236.6386413 -1.866802744e-05 2.867e-06
236.6414222 -2.326072986e-05 6.699e-06
236.6414195 -2.570357889e-05 3.326e-06
236.6414219 -2.524217988e-05 4.027e-06
236.6414188 -2.449409323e-05 2.849e-06
236.6414227 -7.794045608e-06 7.559e-06
236.6414206 -1.696286406e-05 2.86e-06
236.6414224 -2.457947033e-05 4.054e-06
236.6414198 -2.134465349e-05 2.634e-06
236.6414214 -2.515229965e-05 3.598e-06
236.6414185 -2.186934522e-05 2.908e-06
236.6414211 -1.811711539e-05 5.287e-06
236.6414201 -1.942850301e-05 3.431e-06
236.6414216 -2.516244006e-05 2.889e-06
236.6414227 -2.180300196e-05 6.472e-06
236.6414222 -1.551603599e-05 5.103e-06
236.6414224 -2.58129073e-05 3.75e-06
236.6414209 -2.773918366e-05 3.549e-06
236.6414219 -2.205091136e-05 3.728e-06
236.6414203 -2.602707785e-05 3.697e-06
236.6414182 -2.235216847e-05 3.126e-06
236.6414227 -1.750670902e-05 4.51e-06
236.6414224 -1.153975283e-05 5.276e-06
236.6414222 -2.846512728e-05 3.684e-06
236.6414214 -2.169314648e-05 3.78e-06
236.6414216 -1.933379766e-05 3.27e-06
236.6414206 -1.654291183e-05 3.643e-06
236.6414227 -1.790546398e-05 4.626e-06
236.6414211 -2.07769154e-05 3.658e-06
236.6414219 -2.226564919e-05 5.527e-06
236.641418 -1.893455259e-05 2.885e-06
236.6414195 -1.749623145e-05 3.379e-06
236.6414193 -2.167561119e-05 2.799e-06
236.6441994 -1.606471823e-05 6.75e-06
236.6441968 -2.607494199e-05 3.234e-06
236.6441992 -2.656425796e-05 4.061e-06
236.644196 -1.76095857e-05 3.22e-06
236.6441999 -1.529603881e-05 6.868e-06
236.6441978 -2.186902157e-05 3.125e-06
236.6441997 -2.610083853e-05 3.636e-06
236.6441971 -2.303717051e-05 3.134e-06
236.6441986 -2.059680472e-05 4.515e-06
236.6441957 -2.553091818e-05 2.806e-06
236.6441984 -1.893461434e-05 4.333e-06
236.6441973 -2.298183311e-05 3.807e-06
236.6441989 -2.334923858e-05 4.379e-06
236.6441999 -2.430568095e-05 7.35e-06
236.6441994 -3.190302136e-05 4.668e-06
236.6441997 -2.651343996e-05 3.849e-06
236.6441981 -2.638827185e-05 3.459e-06
236.6441992 -1.759271166e-05 4.663e-06
236.6441976 -2.301058156e-05 3.096e-06
236.6441955 -1.803782367e-05 3.032e-06
236.6441999 -2.987841159e-05 3.826e-06
236.6441997 -1.403739289e-05 5.905e-06
236.6441994 -2.780557895e-05 3.955e-06
236.6441986 -3.124241283e-05 4.084e-06
236.6441989 -2.374402102e-05 4.442e-06
236.6441978 -1.975685873e-05 3.958e-06
236.6441999 -2.193268512e-05 4.841e-06
236.6441984 -1.793429402e-05 3.265e-06
236.6441992 -2.523612992e-05 4.173e-06
236.6441952 -2.286246178e-05 2.907e-06
236.6441968 -2.598769046e-05 3.238e-06
236.6441965 -2.554053028e-05 2.782e-06
236.6456318 -2.08493014e-05 1.3712e-05
236.6456326 -2.459102616e-05 1.4757e-05
