112.9972575 3.33808699e-06 5.425e-06
112.997257 6.627175585e-06 5.411e-06
112.9972567 6.896156888e-06 3.713e-06
112.9972572 1.973226014e-06 3.922e-06
112.9972575 3.198158863e-06 4.413e-06
112.9972578 1.490491417e-06 5.61e-06
112.9972578 -5.039181099e-06 6.856e-06
112.9972575 -6.507852293e-07 4.286e-06
112.9972572 -2.537921733e-06 3.615e-06
112.997257 7.491293113e-06 3.772e-06
112.9972578 6.901659494e-06 6.454e-06
112.9972575 9.912222461e-07 4.109e-06
112.9972567 6.163068548e-06 3.155e-06
113.0000309 -4.315616107e-06 5.436e-06
113.0000304 -1.178986978e-05 5.309e-06
113.0000301 -5.43395285e-06 3.924e-06
113.0000306 -3.454766059e-06 4.572e-06
113.0000309 6.431834682e-06 5.592e-06
113.0000296 2.886441366e-06 2.935e-06
113.0000312 -6.045278912e-06 7.518e-06
113.0000309 -3.980161093e-06 5.145e-06
113.0000293 3.36423633e-06 2.991e-06
113.0000298 2.465480816e-06 2.868e-06
113.0000306 -6.590487772e-06 4.371e-06
113.0000304 -6.538295603e-06 4.184e-06
113.0000312 -1.4388339e-06 8.566e-06
113.0000309 -2.03188256e-06 5.076e-06
113.0000301 3.867020377e-06 3.418e-06
113.0028107 -4.134257102e-06 5.381e-06
113.0028101 -2.658564932e-07 5.183e-06
113.0028099 5.093358758e-06 3.681e-06
113.0028104 1.851074414e-06 3.973e-06
113.0028107 -2.208673671e-06 5.193e-06
113.0028109 6.828230527e-06 7.717e-06
113.0028094 3.168702856e-06 2.559e-06
113.0028109 -1.135630069e-05 6.98e-06
113.0028107 -6.379696735e-06 4.48e-06
113.0028104 6.946365169e-06 4.854e-06
113.0028091 1.440874961e-06 2.476e-06
113.0028096 3.265677623e-06 2.289e-06
113.0028101 2.361752892e-06 4.147e-06
113.0028109 8.519537151e-07 6.602e-06
113.0028107 5.849737981e-06 3.976e-06
113.0028099 1.495130168e-06 2.887e-06
113.0055858 -3.904686076e-06 5.658e-06
113.0055853 3.218414799e-06 3.705e-06
113.005585 5.163302916e-07 3.139e-06
113.0055855 -5.098467447e-06 4.016e-06
113.0055858 1.323739855e-06 5.473e-06
113.005586 -5.166981064e-06 5.877e-06
113.0055845 -8.17696445e-07 3.076e-06
113.005586 -2.247290441e-06 8.825e-06
113.0055858 2.534936535e-07 4.913e-06
113.0055842 4.904414652e-06 2.392e-06
113.0055855 -6.283536372e-06 5.863e-06
113.0055847 4.09267987e-06 2.911e-06
113.0055853 3.301001208e-06 4.4e-06
113.005586 -2.321894524e-06 8.233e-06
113.0055858 -1.720597874e-06 4.179e-06
113.005585 -1.350920744e-06 3.038e-06
113.0083749 5.535376095e-07 4.815e-06
113.0083744 -4.515454978e-06 3.583e-06
113.0083741 4.598618877e-06 3.139e-06
113.0083746 -7.020095595e-06 3.88e-06
113.0083749 1.000000727e-06 5.439e-06
113.0083752 -8.633621111e-06 7.208e-06
113.0083736 3.679820332e-06 2.848e-06
113.0083752 -8.121140401e-06 7.988e-06
113.0083749 -4.091951039e-06 5.291e-06
113.0083746 2.127485242e-06 4.995e-06
113.0083733 7.347801601e-07 2.658e-06
113.0083744 -6.418296698e-06 3.567e-06
113.0083739 -4.415737171e-06 2.976e-06
113.0083752 -5.606023867e-06 7.016e-06
113.0083749 -3.95930175e-06 4.239e-06
113.0083741 4.929393046e-07 2.596e-06
113.0104478 -3.693445457e-06 1.0116e-05
113.0104473 -3.707963092e-06 6.105e-06
113.010447 8.378104829e-07 4.222e-06
113.0104475 6.007496334e-06 4.741e-06
113.0104478 -9.952553043e-06 7.082e-06
113.010448 5.464596925e-06 1.0439e-05
113.0104465 1.252764602e-06 3.64e-06
113.010448 3.007263025e-06 1.0865e-05
113.0104478 -1.214824626e-05 7.889e-06
113.0104473 -1.448702305e-06 5.368e-06
113.0104475 5.068722335e-06 7.801e-06
113.0104462 -3.513730802e-06 3.734e-06
113.0104467 -7.932477145e-07 3.942e-06
113.010448 1.04716988e-05 9.69e-06
113.0104478 -5.70979814e-06 5.186e-06
113.010447 3.354719708e-06 4.026e-06
113.0126633 -1.955863563e-06 7.454e-06
113.0126628 -3.699642415e-06 4.201e-06
113.0126625 -3.982090886e-06 3.342e-06
113.012663 1.29337181e-06 4.783e-06
113.0126633 4.952202337e-06 5.23e-06
113.0126636 -5.564174609e-06 7.841e-06
113.012662 -2.407432478e-06 2.941e-06
113.0126636 -2.520915563e-06 7.737e-06
113.0126633 -1.886910566e-07 3.992e-06
113.0126628 -2.862124287e-06 3.537e-06
113.012663 5.593533465e-07 4.964e-06
113.0126617 5.651366632e-07 2.708e-06
113.0126622 -2.234968565e-07 3.224e-06
113.0126636 4.689044837e-07 6.319e-06
113.0126633 -3.353876988e-06 4.199e-06
113.0126625 -4.502029615e-07 2.707e-06
113.0154037 -4.29439053e-06 5.118e-06
113.0154032 7.36143653e-07 4.357e-06
113.0154029 -4.19997626e-06 3.624e-06
113.0154035 -4.027212767e-07 4.771e-06
113.0154037 3.433474527e-08 4.737e-06
113.015404 -4.087787897e-06 7.4e-06
113.0154024 2.233726961e-06 2.708e-06
113.015404 -5.273096275e-06 9.374e-06
113.0154037 1.539390721e-06 4.743e-06
113.0154032 -8.982242433e-07 3.525e-06
113.0154035 -1.299611766e-06 4.719e-06
113.0154021 -9.226967581e-07 2.4e-06
113.0154027 -6.363036351e-07 3.026e-06
113.015404 -1.316542559e-05 6.603e-06
113.0154037 5.299573423e-06 4.218e-06
113.0181822 -1.07511027e-05 4.785e-06
113.0181817 -4.051194044e-06 5.379e-06
113.0181814 -9.351482833e-08 3.61e-06
113.0181819 3.197340937e-06 3.717e-06
113.0181822 -9.682106047e-06 6.329e-06
113.0181824 -2.662675725e-06 6.769e-06
113.0181809 -6.103139101e-06 2.581e-06
113.0181824 -4.156813586e-06 7.276e-06
113.0181822 -4.663351074e-06 4.186e-06
113.0181817 -7.808655784e-06 4.786e-06
113.0181819 -7.510134933e-06 4.771e-06
113.0181806 -4.849049871e-06 2.222e-06
113.0181811 -2.369932896e-06 2.364e-06
113.0181824 -2.692779651e-06 6.722e-06
113.0181822 -5.821184488e-07 5.142e-06
113.0181814 -2.199253875e-06 2.706e-06
113.0209518 -3.374364155e-06 5.522e-06
113.0209512 -3.19301949e-06 5.349e-06
113.020951 1.354497047e-06 3.002e-06
113.0209515 6.478583865e-07 3.963e-06
113.0209518 -4.962925441e-06 5.265e-06
113.020952 6.795847374e-06 6.731e-06
113.0209504 -3.753693479e-07 2.942e-06
113.020952 -1.096955799e-05 7.273e-06
113.0209518 -2.553203006e-06 4.413e-06
113.0209515 -4.132878526e-06 4.484e-06
113.0209512 -7.491972371e-07 3.849e-06
113.0209502 -5.192295732e-06 2.404e-06
113.0209507 -6.252751916e-06 2.994e-06
113.020952 -5.25276489e-06 6.246e-06
113.0209518 8.129264911e-06 4.734e-06
113.020951 7.508376258e-07 3.084e-06
113.0237374 -6.722012908e-06 5.724e-06
113.0237369 -1.000261248e-05 6.103e-06
113.0237366 -1.85879473e-06 3.334e-06
113.0237372 -4.660479715e-06 4.921e-06
113.0237374 -2.03051577e-07 4.435e-06
113.0237377 2.120503868e-06 5.924e-06
113.0237361 -5.57598981e-06 2.707e-06
113.0237377 -6.733806019e-07 7.114e-06
113.0237374 -3.024586092e-06 4.374e-06
113.0237372 1.405327905e-06 7.679e-06
113.0237369 -4.889810112e-06 2.834e-06
113.0237364 -6.25387251e-06 2.791e-06
113.0237358 -9.383463282e-06 2.685e-06
113.0237377 -3.065417605e-06 6.348e-06
113.0237374 -9.095309307e-06 4.285e-06
113.0237366 -1.150953328e-06 2.598e-06
113.0265201 -1.040219105e-05 4.797e-06
113.0265196 3.374257949e-06 4.636e-06
113.0265193 -1.138066482e-05 3.331e-06
113.0265198 -3.143930291e-06 4.999e-06
113.0265201 5.500836641e-06 5.827e-06
113.0265203 -1.308353894e-05 6.714e-06
113.0265188 -2.394589849e-06 2.783e-06
113.0265203 -9.151870033e-06 7.515e-06
113.0265201 -2.512738399e-06 4.71e-06
113.0265198 -2.457877574e-06 4.858e-06
113.0265196 -2.6432201e-06 3.367e-06
113.0265185 -8.029429149e-06 2.426e-06
113.026519 -9.419566411e-06 2.998e-06
113.0265203 -1.637401123e-05 6.998e-06
113.0265201 -3.66916582e-06 5.602e-06
113.0265193 -5.008946399e-06 2.643e-06
113.0292948 -8.405966584e-06 5.068e-06
113.0292943 -1.012797632e-05 3.859e-06
113.029294 -3.589138577e-06 2.909e-06
113.0292945 -7.009697561e-06 4.219e-06
113.0292948 -1.546967759e-05 6.408e-06
113.029295 -7.644493723e-06 5.697e-06
113.0292935 -9.31410085e-06 3.086e-06
113.029295 -1.303191369e-05 7.198e-06
113.0292948 -1.066170867e-05 4.778e-06
113.0292943 -3.324495986e-06 4.315e-06
113.0292932 -5.115469354e-06 2.767e-06
113.0292945 -4.193553196e-06 5.267e-06
113.0292937 -2.280713368e-06 2.658e-06
113.029295 -1.50200514e-05 8.245e-06
113.0292948 -6.847962212e-06 5.142e-06
113.029294 -8.175588833e-06 2.667e-06
113.0320616 -1.337346036e-05 5.594e-06
113.0320611 -1.598110533e-05 4.664e-06
113.0320608 -5.452397672e-06 3.583e-06
113.0320613 -4.628492709e-06 4.116e-06
113.0320616 -4.805566596e-06 4.918e-06
113.0320619 -1.489196363e-05 6.298e-06
113.0320603 -8.060875943e-06 2.754e-06
113.0320619 -1.513928871e-05 8.98e-06
113.0320616 -4.631978186e-06 4.368e-06
113.03206 -5.606443015e-06 2.951e-06
113.0320606 -6.508679021e-06 3.072e-06
113.0320611 -3.110062385e-06 5.266e-06
113.0320613 -1.6839417e-06 7e-06
113.0320619 -5.602372224e-06 7.755e-06
113.0320616 -7.082800739e-06 4.82e-06
113.0320608 -5.742121338e-06 2.865e-06
113.0348482 -7.326587549e-06 6.959e-06
113.0348476 1.124913066e-06 4.22e-06
113.0348474 -8.107103629e-06 3.373e-06
113.0348479 -9.379452318e-06 3.747e-06
113.0348482 -1.117707074e-05 5.43e-06
113.0348484 -1.485193219e-05 7.455e-06
113.0348469 -9.620103175e-06 2.6e-06
113.0348482 -5.52531228e-06 4.765e-06
113.0348476 -7.991143586e-06 3.729e-06
113.0348471 -4.645481077e-06 3.047e-06
113.0348466 -7.600157523e-06 2.563e-06
113.0348479 4.65316719e-06 6.961e-06
113.0348484 -1.504917229e-05 7.34e-06
113.0348482 -1.197063956e-05 4.51e-06
113.037634 -8.236275436e-06 6.211e-06
113.0376335 2.038979733e-07 3.625e-06
113.0376333 -8.71046004e-06 3.075e-06
113.0376338 -1.459810021e-06 4.704e-06
113.037634 -6.288548884e-06 4.023e-06
113.0376343 -1.042495982e-05 5.873e-06
113.0376327 -4.721645562e-06 2.657e-06
113.0376343 -1.873075395e-05 8.479e-06
113.037634 -1.250437716e-05 6.073e-06
113.037633 -1.067242325e-05 2.366e-06
113.0376325 -2.495946993e-06 2.481e-06
113.0376335 -1.170334717e-05 4.074e-06
113.0376338 3.773245854e-06 5.152e-06
113.0376343 -3.484724767e-06 7.418e-06
113.037634 -4.656452511e-07 4.19e-06
113.0376333 -3.161885587e-07 3.408e-06
113.0404127 -9.943528927e-06 6.218e-06
113.0404122 -3.412607105e-06 3.77e-06
113.040412 -6.22133525e-06 2.686e-06
113.0404125 -1.049927864e-05 4.334e-06
113.0404127 -6.891282752e-06 4.855e-06
113.040413 -5.857135101e-07 4.625e-06
113.0404114 -9.550745523e-06 2.829e-06
113.040413 -1.376511333e-05 8.187e-06
113.0404122 -7.095822907e-06 4.564e-06
113.0404117 -1.084727085e-05 2.871e-06
113.0404112 -6.648402176e-06 2.319e-06
113.0404125 -2.002999918e-06 5.033e-06
113.040413 -1.693685664e-05 7.691e-06
113.0404127 -6.248639938e-06 4.662e-06
113.040412 -6.360492612e-06 3.446e-06
113.0431859 -1.291677823e-05 6.314e-06
113.0431854 -6.235820935e-06 4.733e-06
113.0431851 -5.225038001e-06 3.145e-06
113.0431856 -1.260557937e-05 4.401e-06
113.0431859 -1.118361897e-06 5.533e-06
113.0431846 -7.246081574e-06 2.803e-06
113.0431862 -6.893278689e-06 8.386e-06
113.0431859 -8.412855432e-06 5.596e-06
113.0431854 -1.078870694e-06 3.561e-06
113.0431848 -1.080188051e-05 2.484e-06
113.0431843 -1.332416001e-06 2.898e-06
113.0431856 -1.06074877e-05 5.306e-06
113.0431862 -1.543055136e-05 6.479e-06
113.0431859 -2.512572194e-06 4.686e-06
113.0431851 -5.806803671e-06 2.92e-06
113.0459606 7.802171986e-07 5.199e-06
113.0459601 -6.179689433e-07 3.554e-06
113.0459598 -9.810618412e-06 2.912e-06
113.0459604 -7.847098493e-06 3.687e-06
113.0459606 -8.060985422e-07 5.48e-06
113.0459609 -2.580456964e-07 6.203e-06
113.0459593 1.151826197e-06 3.09e-06
113.0459609 6.950553782e-06 8.407e-06
113.0459606 1.474940567e-06 6.091e-06
113.0459604 -3.746326369e-06 5.241e-06
113.0459601 -5.924832508e-06 4.096e-06
113.0459591 -8.927061345e-06 2.406e-06
113.0459596 -7.777697373e-06 2.642e-06
113.0459609 3.084734615e-06 6.803e-06
113.0459606 -9.575829355e-06 4.775e-06
113.0459598 8.347430178e-07 3.271e-06
113.048741 -7.752095136e-06 5.182e-06
113.0487404 -2.357856692e-06 4.356e-06
113.0487402 -6.397460608e-06 3.872e-06
113.0487407 1.11613715e-07 4.18e-06
113.048741 1.286100976e-06 5.096e-06
113.0487412 -7.856315221e-06 6.028e-06
113.0487396 -6.325941293e-06 2.995e-06
113.048741 -4.224582267e-06 4.956e-06
113.0487407 1.729350116e-06 4.967e-06
113.0487399 -6.916917213e-06 2.574e-06
113.0487394 -4.21487818e-06 2.509e-06
113.0487404 1.866130492e-06 3.699e-06
113.0487412 -4.079754527e-06 7.101e-06
113.048741 -3.742455062e-06 4.808e-06
113.0487402 -3.525579205e-06 3.121e-06
113.0515193 3.393522559e-06 4.776e-06
113.0515188 7.09856158e-06 4.402e-06
113.0515185 -2.242470264e-06 3.198e-06
113.0515191 -3.69253472e-06 4.004e-06
113.0515193 -7.108217717e-06 6.316e-06
113.0515196 -9.278571109e-06 6.566e-06
113.051518 -6.841553793e-06 2.672e-06
113.0515196 -8.774408982e-06 6.775e-06
113.0515193 -3.083517792e-06 5.112e-06
113.0515188 1.088838209e-06 4.394e-06
113.0515191 -4.501896115e-06 4.729e-06
113.0515183 -2.045595577e-06 2.369e-06
113.0515177 -4.725920187e-07 2.872e-06
113.0515196 -1.247593869e-06 6.936e-06
113.0515193 2.096579281e-06 4.426e-06
113.0515185 1.432816603e-06 2.586e-06
113.0542965 1.547226055e-06 5.221e-06
113.054296 4.132807502e-06 4.307e-06
113.0542958 -2.59811766e-07 3.402e-06
113.0542963 4.433483492e-06 4.196e-06
113.0542965 -3.764947289e-06 6.614e-06
113.0542968 -4.539165272e-06 5.791e-06
113.0542952 -2.820984013e-06 2.844e-06
113.0542968 9.282800098e-06 7.472e-06
113.0542965 1.089502382e-06 5.219e-06
113.054296 -6.018159295e-06 4.33e-06
113.0542963 -3.918208492e-06 5.722e-06
113.0542955 -3.230507674e-06 2.71e-06
113.054295 2.519351896e-07 2.54e-06
113.0542968 -7.104382547e-06 7.325e-06
113.0542965 4.424346294e-06 4.822e-06
113.0542958 -3.015625504e-07 2.811e-06
113.0570727 -4.736887372e-06 5.829e-06
113.0570721 -3.490340908e-07 4.1e-06
113.0570719 3.018656581e-06 3.113e-06
113.0570724 5.065285422e-06 4.375e-06
113.0570727 3.430405666e-06 5.972e-06
113.0570729 -4.424942465e-06 6.352e-06
113.0570713 -5.405659606e-07 2.584e-06
113.0570729 2.94891768e-06 9.416e-06
113.0570727 9.242630958e-07 5.27e-06
113.0570716 -9.689703969e-09 2.409e-06
113.0570721 -3.186668978e-06 4.535e-06
113.0570724 -1.213148766e-05 5.03e-06
113.0570711 2.011357316e-06 2.837e-06
113.0570729 -3.50167526e-06 6.597e-06
113.0570727 4.845386344e-06 5.285e-06
113.0570719 -1.486289697e-07 2.953e-06
113.0598519 1.172289056e-05 5.676e-06
113.0598514 6.19961682e-06 4.672e-06
113.0598511 1.436216686e-06 3.524e-06
113.0598516 -2.812977518e-06 3.918e-06
113.0598519 -1.066779369e-05 5.139e-06
113.0598522 -1.108401057e-06 1.0775e-05
113.0598506 -1.461588002e-06 2.952e-06
113.0598522 -1.113544533e-05 8.257e-06
113.0598519 -1.942540343e-06 4.318e-06
113.0598509 1.006817534e-06 2.961e-06
113.0598503 1.130703023e-06 2.685e-06
113.0598516 6.391011046e-06 4.952e-06
113.0598514 6.503429466e-06 4.61e-06
113.0598522 1.187379019e-06 6.31e-06
113.0598519 4.067732827e-06 5.057e-06
113.0598511 9.857146958e-07 3.128e-06
113.0626306 6.215259316e-06 6.478e-06
113.0626301 6.541675921e-06 5.426e-06
113.0626298 4.840186378e-06 3.347e-06
113.0626303 -4.877084519e-06 4.08e-06
113.0626306 -4.743324888e-06 5.719e-06
113.0626309 1.702065733e-06 7.517e-06
113.0626293 1.255022679e-06 2.872e-06
113.0626309 1.123237647e-05 8.819e-06
113.0626306 1.302034496e-05 4.992e-06
113.0626296 2.747108303e-06 3.111e-06
113.062629 4.143101201e-06 2.18e-06
113.0626303 -6.778688741e-07 5.381e-06
113.0626301 -4.50220618e-06 4.014e-06
113.0626309 -3.191496158e-06 8.25e-06
113.0626306 1.045037348e-05 4.563e-06
113.0626298 8.58376608e-06 2.613e-06
113.065409 -6.384349189e-06 6.364e-06
113.0654085 7.006664816e-06 4.984e-06
113.0654082 8.638970243e-06 3.274e-06
113.0654087 8.230964582e-06 4.746e-06
113.065409 6.805312289e-06 4.746e-06
113.0654093 -4.671165951e-06 5.671e-06
113.0654077 4.450388411e-06 3.171e-06
113.0654093 9.68422884e-06 6.216e-06
113.065409 -6.459201552e-06 3.99e-06
113.0654074 6.167502832e-06 2.547e-06
113.065408 -3.087327856e-07 2.437e-06
113.0654087 6.995287009e-06 4.708e-06
113.0654085 3.505782814e-06 4.571e-06
113.0654093 -6.085846208e-07 7.267e-06
113.065409 2.133481736e-06 4.262e-06
113.0654082 7.37414929e-06 3.208e-06
113.0681889 -7.098488429e-07 5.697e-06
113.0681884 -4.045313914e-06 3.997e-06
113.0681881 -2.240811804e-06 3.296e-06
113.0681887 6.82549383e-06 4.696e-06
113.0681889 -7.51081601e-06 4.87e-06
113.0681892 -7.1086453e-07 7.175e-06
113.0681876 2.402724659e-06 2.608e-06
113.0681892 4.375828198e-06 5.835e-06
113.0681889 -1.341391323e-06 4.844e-06
113.0681874 1.428886166e-06 2.613e-06
113.0681879 5.356805351e-07 2.86e-06
113.0681887 -2.308714672e-06 4.694e-06
113.0681884 -1.523865857e-07 4.322e-06
113.0681892 -3.867963438e-06 7.12e-06
113.0681889 6.649354025e-06 4.482e-06
113.0681881 7.111476954e-06 3.07e-06
113.0709638 7.287769242e-06 5.321e-06
113.0709632 8.319933556e-06 4.536e-06
113.070963 9.103694806e-07 3.673e-06
113.0709635 3.697994726e-08 3.848e-06
113.0709638 3.643785526e-06 5.26e-06
113.070964 1.269268849e-05 7.939e-06
113.0709624 4.441629047e-06 2.764e-06
113.070964 3.460976955e-06 6.683e-06
113.0709638 1.336373333e-05 5.914e-06
113.0709632 5.832750539e-06 4.57e-06
113.0709622 5.144213683e-06 2.518e-06
113.0709627 9.032708562e-06 2.849e-06
113.0709635 9.773488642e-06 4.281e-06
113.070964 6.524106806e-06 6.209e-06
113.0709638 5.670946978e-06 3.549e-06
113.070963 1.042514803e-05 2.75e-06
113.073741 1.144661846e-05 6.3e-06
113.0737405 6.40510568e-06 3.75e-06
113.0737402 1.12745972e-05 3.563e-06
113.0737408 7.057548541e-06 4.661e-06
113.073741 1.267627869e-05 5.24e-06
113.0737413 1.139064754e-06 5.494e-06
113.0737397 9.533623484e-06 3.087e-06
113.0737413 1.442522141e-05 6.583e-06
113.073741 9.178033334e-06 5.429e-06
113.0737408 3.073572032e-06 5.241e-06
113.07374 3.810190888e-06 2.374e-06
113.0737405 6.656557401e-06 4.345e-06
113.0737394 1.062279399e-05 2.574e-06
113.0737413 6.046972921e-06 7.15e-06
113.073741 1.406355621e-05 5.158e-06
113.0737402 1.138805713e-05 3.148e-06
113.0765201 -3.018921598e-06 5.771e-06
113.0765196 6.217343622e-07 4.588e-06
113.0765193 8.92767818e-06 3.434e-06
113.0765198 8.876612741e-06 2.951e-06
113.0765201 9.731245956e-06 4.991e-06
113.0765204 2.141645416e-05 7.224e-06
113.0765188 6.928820248e-06 2.707e-06
113.0765204 -2.447718701e-06 7.957e-06
113.0765201 3.933234359e-06 6.052e-06
113.076519 7.462842779e-06 2.628e-06
113.0765198 2.060905807e-06 5.465e-06
113.0765196 5.950913194e-06 4.144e-06
113.0765185 6.392850961e-06 2.402e-06
113.0765204 8.763180822e-06 5.8e-06
113.0765201 7.535182755e-06 5.073e-06
113.0765193 1.348415676e-05 3.178e-06
113.0792977 6.044750419e-06 5.769e-06
113.0792972 1.127195606e-05 4.314e-06
113.079297 9.209605284e-06 4.04e-06
113.0792975 5.052225773e-06 3.041e-06
113.0792977 1.081726223e-05 4.402e-06
113.079298 4.155659852e-06 1.0521e-05
113.0792964 -1.03248846e-06 3.211e-06
113.0792977 4.609470766e-06 5.634e-06
113.0792967 2.113792932e-06 2.475e-06
113.0792972 2.86939172e-06 4.61e-06
113.0792962 1.021632235e-05 2.338e-06
113.0792975 7.307402413e-06 5.448e-06
113.079298 3.186400751e-07 8.295e-06
113.0792977 7.55576476e-06 4.619e-06
113.079297 7.465561132e-06 3.277e-06
113.0810094 1.644821553e-06 9.704e-06
113.0810092 2.203281412e-05 8.384e-06
113.0810097 4.377782442e-06 8.565e-06
113.08101 2.024726079e-05 9.569e-06
113.0810086 1.231221504e-06 7.087e-06
113.0810094 -2.44333022e-06 9.837e-06
113.0810089 1.563399087e-05 5.886e-06
113.0810084 2.246521804e-06 5.994e-06
113.08101 -2.011636401e-07 9.842e-06
113.0810092 2.440776798e-06 7.336e-06
113.0850387 9.229405031e-06 7.69e-06
113.0850381 3.077514377e-06 4.777e-06
113.0850379 1.002662407e-05 4.042e-06
113.0850384 1.209621007e-05 6.216e-06
113.0850387 1.518741354e-05 6.603e-06
113.0850389 1.566896576e-05 1.2492e-05
113.0850373 4.398200414e-06 4.549e-06
113.0850389 8.730016954e-06 1.2073e-05
113.0850387 1.376670099e-06 8.364e-06
113.0850371 6.575860271e-06 3.154e-06
113.0850376 7.427440533e-06 3.082e-06
113.0850384 1.007882779e-05 8.955e-06
113.0850381 1.743192972e-05 6.265e-06
113.0850389 2.006157885e-05 1.0295e-05
113.0850387 2.049130862e-06 6.539e-06
113.0850379 1.239541536e-05 4.594e-06
113.0876314 6.896953084e-06 5.225e-06
113.0876309 1.011552962e-05 4.268e-06
113.0876306 1.064937379e-05 3.767e-06
113.0876312 4.264026756e-06 5.169e-06
113.0876314 6.426528414e-06 5.168e-06
113.0876317 1.366763395e-05 8.944e-06
113.0876301 9.420814619e-06 3.331e-06
113.0876317 -6.108602252e-06 8.921e-06
113.0876314 3.790739612e-06 6.29e-06
113.0876298 1.159323437e-05 2.738e-06
113.0876304 1.407468422e-05 2.785e-06
113.0876312 -7.71217559e-06 6.158e-06
113.0876309 3.876116247e-06 4.671e-06
113.0876317 9.809170298e-06 7.342e-06
113.0876314 6.538461271e-06 5.923e-06
113.0876306 6.26620587e-06 2.996e-06
113.0904088 3.493343647e-06 5.792e-06
113.0904082 5.932914573e-06 4.752e-06
113.090408 7.329356783e-07 4.009e-06
113.0904085 7.231622884e-06 5.559e-06
113.0904088 -4.010116325e-06 4.265e-06
113.090409 1.812862672e-05 1.1175e-05
113.0904075 4.852477204e-06 3.011e-06
113.0904088 7.30718075e-06 5.033e-06
113.0904077 6.109851634e-06 2.614e-06
113.0904072 4.469792674e-06 2.15e-06
113.0904085 4.386656861e-06 5.848e-06
113.0904082 4.565024499e-06 4.865e-06
113.090409 -3.158626617e-06 7.553e-06
113.0904088 3.426789353e-06 5.687e-06
113.090408 8.097459451e-06 3.37e-06
113.0931881 1.005612588e-05 4.602e-06
113.0931876 8.308520739e-06 4.453e-06
113.0931873 8.497465971e-06 3.532e-06
113.0931879 -2.440731813e-06 4.847e-06
113.0931881 7.500629389e-06 4.801e-06
113.0931884 -8.266021647e-06 9.436e-06
113.0931868 4.774532816e-06 2.993e-06
113.0931884 -2.589389936e-06 6.864e-06
113.0931881 -2.501726827e-06 5.429e-06
113.0931865 3.119994243e-06 2.582e-06
113.0931871 6.876325052e-06 2.899e-06
113.0931876 8.642873289e-06 4.125e-06
113.0931879 -1.018353099e-06 4.696e-06
113.0931884 1.193439469e-05 7.641e-06
113.0931881 8.752764388e-06 5.435e-06
113.0931873 5.083082315e-06 3.016e-06
113.0961508 6.042267427e-06 6.54e-06
113.0961503 2.447887525e-06 4.761e-06
113.09615 1.071203608e-05 2.962e-06
113.0961505 -1.166085632e-06 5.459e-06
113.0961508 1.063042293e-05 4.029e-06
113.0961511 8.959799005e-06 8.76e-06
113.0961495 2.22114574e-06 3.012e-06
113.0961511 7.040781078e-06 7.214e-06
113.0961508 -3.533187018e-06 5.893e-06
113.0961497 2.792054738e-06 2.747e-06
113.0961492 3.67698751e-06 2.844e-06
113.0961503 5.649318561e-06 4.768e-06
113.0961505 6.351678367e-06 5.612e-06
113.0961511 1.187529498e-05 7.005e-06
113.0961508 8.773071314e-06 4.355e-06
113.09615 7.073418783e-06 3.53e-06
113.0989256 -6.945234522e-06 7.184e-06
113.098925 8.768044332e-06 5.747e-06
113.0989248 5.906877472e-07 3.349e-06
113.0989253 -3.168795018e-06 4.96e-06
113.0989256 2.903696316e-06 4.162e-06
113.0989258 -6.624874532e-06 6.462e-06
113.0989242 6.55879872e-06 2.813e-06
113.0989258 6.302978904e-06 5.896e-06
113.0989256 5.992437873e-06 4.949e-06
113.0989245 3.213552497e-06 3.098e-06
113.098924 1.574996847e-06 2.331e-06
113.098925 -2.416543294e-07 4.192e-06
113.0989253 3.724566594e-06 5.965e-06
113.0989258 2.898796569e-06 5.83e-06
113.0989256 -1.837120005e-06 5.355e-06
113.0989248 5.513465257e-06 2.876e-06
113.1017025 -5.280593064e-06 5.483e-06
113.101702 -3.179462442e-06 5.778e-06
113.1017017 -4.822840983e-07 3.373e-06
113.1017022 -3.753439109e-06 4.777e-06
113.1017025 -4.284828361e-07 6.809e-06
113.1017027 1.09925894e-05 8.006e-06
113.1017012 -1.510107045e-07 3.419e-06
113.1017027 7.011465116e-06 7.622e-06
113.1017025 -3.686854393e-06 5.304e-06
113.1017014 4.168686282e-06 3.03e-06
113.1017009 1.157307034e-06 3.041e-06
113.101702 -4.541786064e-07 4.41e-06
113.1017022 -1.377715855e-06 6.726e-06
113.1017027 -2.728383701e-07 7.912e-06
113.1017025 2.151022949e-06 5.327e-06
113.1017017 4.271003667e-06 2.999e-06
113.104485 9.884663192e-06 7.12e-06
113.1044845 1.034811501e-06 5.008e-06
113.1044842 2.415057172e-06 2.745e-06
113.1044847 2.524933404e-06 5.109e-06
113.104485 -2.02389497e-06 6.534e-06
113.1044837 -1.306084169e-07 3.003e-06
113.1044852 6.75277892e-06 6.697e-06
113.104485 -6.29422854e-06 4.463e-06
113.1044839 3.092828478e-07 3.197e-06
113.1044834 2.752623729e-06 3.091e-06
113.1044845 -5.751582297e-07 4.009e-06
113.1044847 4.540388391e-06 7.086e-06
113.1044852 -1.744300991e-06 7.446e-06
113.104485 -8.890888164e-07 3.941e-06
113.1044842 6.303847672e-06 3.302e-06
113.1072626 6.137706448e-06 6.766e-06
113.107262 -1.678432149e-06 4.936e-06
113.1072618 3.613956588e-06 2.951e-06
113.1072623 -3.840461546e-07 5.739e-06
113.1072626 -4.252496482e-06 6.945e-06
113.1072612 6.8701658e-07 2.771e-06
113.1072628 -6.164081214e-06 6.673e-06
113.1072626 -3.480691432e-06 4.014e-06
113.1072615 -1.786225078e-06 3.28e-06
113.107261 8.000506284e-07 3.137e-06
113.107262 -1.880132988e-06 4.164e-06
113.1072623 1.165568267e-05 5.614e-06
113.1072628 1.282557757e-05 9.733e-06
113.1072626 1.652738792e-07 4.319e-06
113.1072618 -3.508815174e-06 3.328e-06
113.1100441 1.352389421e-06 7.736e-06
113.1100436 -2.74860761e-06 5.791e-06
113.1100434 3.563541789e-06 2.788e-06
113.1100439 4.654519733e-07 4.87e-06
113.1100441 -5.367077647e-06 5.486e-06
113.1100444 8.486863742e-06 8.644e-06
113.1100428 3.554711268e-07 2.719e-06
113.1100444 2.044662108e-06 7.373e-06
113.1100441 -5.088890974e-06 5.639e-06
113.1100431 -3.923398617e-07 2.883e-06
113.1100426 3.583850256e-07 2.591e-06
113.1100436 -4.399039225e-07 4.583e-06
113.1100439 2.189533817e-06 5.989e-06
113.1100444 8.323820555e-06 8.406e-06
113.1100441 -1.8584252e-06 5.127e-06
113.1100434 4.263307135e-06 3.065e-06
113.1128177 -4.969383734e-07 6.438e-06
113.1128172 -5.40126247e-06 4.501e-06
113.1128169 6.007709637e-07 3.161e-06
113.1128175 1.976663329e-06 4.242e-06
113.1128177 3.125935123e-08 4.56e-06
113.112818 -1.128200304e-05 8.532e-06
113.1128164 1.191697333e-06 2.513e-06
113.112818 -1.460995586e-05 8.525e-06
113.1128177 -5.745135554e-06 5.197e-06
113.1128167 -4.642612107e-06 2.608e-06
113.1128162 -1.503183545e-06 2.348e-06
113.1128175 3.622060647e-06 6.147e-06
113.1128172 -1.141593581e-06 4.043e-06
113.112818 3.554825609e-06 7.678e-06
113.1128177 5.553996514e-06 6.377e-06
113.1128169 -8.778755241e-07 2.677e-06
113.1149033 3.597023189e-06 8.203e-06
113.1149027 8.740148001e-06 7.74e-06
113.1149025 -3.363047576e-06 4.862e-06
113.114903 -1.576793559e-05 6.893e-06
113.1149033 -2.077336397e-06 7.393e-06
113.1149019 -5.563790392e-06 3.605e-06
113.1149035 1.41097352e-06 1.1814e-05
113.1149033 -1.062788009e-05 7.859e-06
113.1149022 -1.691937452e-06 3.815e-06
113.1149017 2.293546168e-06 3.131e-06
113.114903 -3.40756141e-06 8.978e-06
113.1149027 2.630291587e-06 5.623e-06
113.1149033 -1.246722516e-05 7.195e-06
113.1149025 9.628766187e-06 4.271e-06
