681.6096459 9.008263021e-05 7.829e-06
681.6096457 0.000112137698 5.694e-06
681.6096443 9.58881394e-05 4.131e-06
681.6096465 0.0001044268592 1.0393e-05
681.6096462 8.892193303e-05 1.0289e-05
681.6096451 0.0001022319799 5.401e-06
681.6096449 0.0001019420077 4.45e-06
681.6096454 0.0001074248923 5.558e-06
681.6096459 0.0001122910755 7.578e-06
681.6096462 0.0001253222444 8.192e-06
681.6096446 0.0001009930459 3.803e-06
681.6096457 0.0001145957231 7.093e-06
681.6096462 0.0001027544993 8.23e-06
681.6096459 0.0001145401485 7.913e-06
681.6096451 0.0001152643294 4.866e-06
681.6096454 0.0001012413225 4.5e-06
681.6096465 0.0001105987699 7.547e-06
681.6096449 0.0001056114022 5.091e-06
681.6096457 0.0001023583728 5.125e-06
681.6124254 6.016010296e-05 7.791e-06
681.6124227 6.610368315e-05 3.325e-06
681.6124219 5.564718367e-05 2.898e-06
681.6124251 5.850481695e-05 5.945e-06
681.6124238 6.584908555e-05 3.891e-06
681.612423 5.865556853e-05 3.366e-06
681.6124259 5.654019135e-05 1.6624e-05
681.6124256 5.871038861e-05 9.159e-06
681.6124246 5.949002064e-05 5.66e-06
681.6124217 5.6709631e-05 3.027e-06
681.6124243 6.201419978e-05 3.955e-06
681.6124233 6.278488048e-05 3.593e-06
681.6124248 5.122344824e-05 5.301e-06
681.6124259 5.509751217e-05 1.5282e-05
681.6124254 6.686836146e-05 7.234e-06
681.6124256 7.032700939e-05 1.0204e-05
681.612424 5.584311268e-05 4.432e-06
681.6124251 5.483720195e-05 4.946e-06
681.6124235 5.821463027e-05 3.406e-06
681.6124214 5.464436904e-05 2.878e-06
681.6124259 5.52816448e-05 7.408e-06
681.6124256 6.12219577e-05 9.585e-06
681.6124254 6.506723747e-05 6.12e-06
681.6124246 6.176467224e-05 5.178e-06
681.6124248 5.647092104e-05 4.778e-06
681.6124238 6.321445482e-05 4.199e-06
681.6124259 7.368386021e-05 7.799e-06
681.6124243 5.67636583e-05 4.391e-06
681.6124251 5.814698587e-05 6.024e-06
681.6124212 5.816271014e-05 2.987e-06
681.6124227 5.629586046e-05 2.718e-06
681.6124225 5.75298964e-05 2.936e-06
681.6152006 1.254040885e-05 3.415e-06
681.6152032 1.583593795e-05 1.2803e-05
681.6151998 1.51666363e-05 3.617e-06
681.615203 1.604164696e-05 5.726e-06
681.6152017 1.663889271e-05 4.829e-06
681.6152038 -2.316763556e-05 1.3635e-05
681.6152009 1.25074122e-05 3.686e-06
681.6152035 1.141964842e-05 6.394e-06
681.6152024 6.252935488e-06 6.067e-06
681.6152022 1.534859667e-05 6.334e-06
681.6152011 1.914377548e-05 4.322e-06
681.6152027 1.416328447e-05 5.823e-06
681.6152038 2.907517628e-05 1e-05
681.6152032 1.581230325e-05 6.068e-06
681.6152035 2.449513307e-06 7.759e-06
681.6152019 1.730113356e-05 5.015e-06
681.615203 7.883686275e-06 7.939e-06
681.6152014 1.347605745e-05 3.999e-06
681.6152038 6.422699451e-06 8.873e-06
681.6152035 1.993704096e-05 1.4316e-05
681.6152032 1.07722808e-05 6.146e-06
681.6152024 1.323315137e-05 5.13e-06
681.6152027 2.19516843e-05 5.893e-06
681.6152017 1.052640813e-05 5.17e-06
681.6152038 4.327805755e-06 1.3243e-05
681.6152022 8.93622748e-06 5.281e-06
681.615203 1.103630929e-05 5.627e-06
681.615199 1.461394125e-05 3.357e-06
681.6152006 1.096363718e-05 3.434e-06
681.6152003 1.655731151e-05 4.459e-06
681.6179764 -2.773039657e-05 3.286e-06
681.617979 -3.963457525e-05 8.981e-06
681.6179756 -3.307813587e-05 3.176e-06
681.6179788 -2.432426388e-05 5.897e-06
681.6179774 -3.117490889e-05 3.857e-06
681.6179795 -5.824647917e-05 1.7829e-05
681.6179767 -3.316020713e-05 3.752e-06
681.6179793 -4.504751367e-05 9.05e-06
681.6179782 -2.799545961e-05 5.901e-06
681.617978 -3.016820449e-05 5.284e-06
681.6179769 -3.035319858e-05 4.232e-06
681.6179785 -2.282665968e-05 5.736e-06
681.617979 -3.884037107e-05 7.719e-06
681.6179793 -3.754233e-05 7.429e-06
681.6179777 -1.845689927e-05 4.805e-06
681.6179788 -4.093010005e-05 6.59e-06
681.6179772 -2.307101829e-05 3.779e-06
681.6179795 -3.770461889e-05 1.0587e-05
681.6179793 -4.784917874e-05 1.1131e-05
681.617979 -3.195685873e-05 7.242e-06
681.6179782 -2.615776884e-05 6.51e-06
681.6179785 -2.965122812e-05 4.735e-06
681.6179774 -2.709152701e-05 3.801e-06
681.617978 -3.502767777e-05 4.185e-06
681.6179788 -3.359407259e-05 5.221e-06
681.6179748 -3.484143699e-05 3.137e-06
681.6179764 -3.358208719e-05 3.462e-06
681.6179761 -3.360757246e-05 3.368e-06
681.620758 -6.440355648e-05 7.814e-06
681.6207554 -6.999971053e-05 3.123e-06
681.6207578 -8.194690454e-05 7.439e-06
681.6207546 -7.451147396e-05 3.087e-06
681.6207564 -7.141714752e-05 3.515e-06
681.6207585 -6.534401451e-05 1.6497e-05
681.6207583 -7.029965714e-05 8.887e-06
681.6207557 -7.364083996e-05 3.381e-06
681.6207572 -7.351397171e-05 4.266e-06
681.620757 -6.940815129e-05 5.335e-06
681.6207559 -7.026311534e-05 3.982e-06
681.6207575 -6.468718085e-05 6.64e-06
681.6207585 -8.883323611e-05 1.2663e-05
681.620758 -6.747404289e-05 8.018e-06
681.6207583 -7.050752907e-05 7.698e-06
681.6207567 -6.687162633e-05 5.159e-06
681.6207578 -7.768537653e-05 5.235e-06
681.6207562 -7.59006146e-05 3.177e-06
681.6207541 -7.318292285e-05 2.844e-06
681.6207585 -4.379748971e-05 1.2951e-05
681.6207583 -6.325534715e-05 9.76e-06
681.620758 -7.315751319e-05 4.569e-06
681.6207572 -6.008857761e-05 5.927e-06
681.6207575 -6.728020653e-05 5.603e-06
681.6207564 -6.435809994e-05 4.242e-06
681.6207585 -6.417262391e-05 8.098e-06
681.620757 -7.224282417e-05 3.416e-06
681.6207578 -7.011048673e-05 6.74e-06
681.6207538 -7.495764236e-05 2.738e-06
681.6207554 -6.856364425e-05 3.169e-06
681.6207551 -7.637662536e-05 3.041e-06
681.6228701 -9.7741174e-05 1.1385e-05
681.6228674 -9.354432592e-05 5.087e-06
681.6228667 -9.580200692e-05 3.928e-06
681.6228685 -0.0001010003865 7.964e-06
681.6228706 -9.064552773e-05 1.2046e-05
681.6228703 -0.0001037281524 1.2915e-05
681.6228677 -9.994374246e-05 5.287e-06
681.6228693 -0.0001062100095 7.094e-06
681.622869 -9.157584752e-05 6.178e-06
681.622868 -9.706461901e-05 6.248e-06
681.6228695 -8.134305317e-05 8.846e-06
681.6228706 -8.447252796e-05 9.313e-06
681.6228701 -8.699508166e-05 1.0483e-05
681.6228703 -0.0001018091854 9.735e-06
681.6228688 -8.890781908e-05 6.269e-06
681.6228698 -9.717790816e-05 8.864e-06
681.6228682 -0.0001061421087 4.579e-06
681.6228706 -0.0001320868019 2.0817e-05
681.6228703 -0.0001006278338 1.2317e-05
681.6228701 -8.687869688e-05 1.0367e-05
681.6228693 -8.271410362e-05 8.227e-06
681.6228695 -9.213336529e-05 8.481e-06
681.6228685 -8.493683145e-05 7.229e-06
681.6228706 -0.0001106501988 1.1633e-05
681.622869 -9.47851807e-05 6.814e-06
681.6228698 -0.0001001689049 6.648e-06
681.6228674 -9.992214959e-05 4.73e-06
681.6228672 -0.0001018241271 3.846e-06
681.6250321 -0.0001172483998 3.978e-06
681.6250347 -0.0001253348759 6.378e-06
681.6250344 -0.0001254093352 5.879e-06
681.6250313 -0.0001244068082 2.657e-06
681.6250331 -0.000122229032 6.133e-06
681.6250352 -0.0001194294491 9.576e-06
681.6250349 -0.0001314706515 8.756e-06
681.6250323 -0.0001257072234 3.813e-06
681.6250339 -0.0001229312646 4.989e-06
681.625031 -0.0001271345156 2.831e-06
681.6250336 -0.0001244124047 4.518e-06
681.6250326 -0.0001159764796 3.953e-06
681.6250342 -0.0001301215919 5.723e-06
681.6250352 -0.0001102767583 1.1263e-05
681.6250347 -0.0001202511739 6.75e-06
681.6250349 -0.0001319856861 7.465e-06
681.6250334 -0.0001171143373 3.822e-06
681.6250344 -0.0001218139206 5.987e-06
681.6250328 -0.0001256272806 3.159e-06
681.6250307 -0.0001293779287 2.413e-06
681.6250352 -0.000139593808 9.836e-06
681.6250349 -0.0001285794553 9e-06
681.6250347 -0.0001119335335 9.343e-06
681.6250339 -0.0001224914736 4.455e-06
681.6250342 -0.0001267043049 5.068e-06
681.6250331 -0.0001179582681 3.525e-06
681.6250352 -0.0001274669994 9.85e-06
681.6250336 -0.0001222137566 4.003e-06
681.6250344 -0.0001205482928 5.256e-06
681.6250321 -0.0001286448834 3.148e-06
681.6250318 -0.0001248143361 2.718e-06
681.6277919 -0.0001529556737 3.301e-06
681.6277945 -0.0001363713455 8.978e-06
681.6277943 -0.0001468926977 5.884e-06
681.6277911 -0.0001577518615 2.896e-06
681.627793 -0.0001461612363 4.94e-06
681.6277951 -0.0001483287824 1.1244e-05
681.6277922 -0.0001569098033 3.552e-06
681.6277938 -0.0001518199041 4.475e-06
681.6277909 -0.0001515155648 2.912e-06
681.6277935 -0.0001481979892 4.572e-06
681.6277924 -0.0001558079567 3.407e-06
681.627794 -0.0001584096053 5.575e-06
681.6277951 -0.000181301986 8.828e-06
681.6277945 -0.0001506493619 6.707e-06
681.6277948 -0.0001549755602 6.475e-06
681.6277932 -0.0001564602101 4.594e-06
681.6277943 -0.0001568438469 6.835e-06
681.6277927 -0.0001489922115 3.928e-06
681.6277906 -0.0001549411498 2.937e-06
681.6277951 -0.0001563765035 6.486e-06
681.6277948 -0.0001578237918 1.1578e-05
681.6277945 -0.0001589037969 6.972e-06
681.6277938 -0.0001402227212 4.865e-06
681.627794 -0.0001462457246 4.776e-06
681.627793 -0.0001483521599 3.147e-06
681.6277951 -0.0001659292753 6.321e-06
681.6277935 -0.0001580720426 3.776e-06
681.6277943 -0.0001403223837 4.938e-06
681.6277919 -0.0001528251336 3.253e-06
681.6277917 -0.0001590740898 3.068e-06
681.6305691 -0.0001694065216 1.0506e-05
681.6305665 -0.0001797692692 3.854e-06
681.6305688 -0.0001768497788 4.936e-06
681.6305657 -0.0001796729904 3.149e-06
681.6305675 -0.0001746402018 4.262e-06
681.6305696 -0.0002013148645 1.4671e-05
681.6305693 -0.0001907163799 9.289e-06
681.6305667 -0.0001692792292 3.779e-06
681.6305683 -0.0001794207346 3.474e-06
681.6305654 -0.0001800891087 2.765e-06
681.630568 -0.0001766769083 4.263e-06
681.630567 -0.0001689561609 4.147e-06
681.6305686 -0.0001818565734 5.307e-06
681.6305691 -0.0001728810751 9.213e-06
681.6305693 -0.000172849661 7.746e-06
681.6305678 -0.0001783836753 4.24e-06
681.6305688 -0.0001779430452 4.283e-06
681.6305672 -0.0001794675746 3.869e-06
681.6305696 -0.0001782419979 6.837e-06
681.6305693 -0.0001884785475 9.736e-06
681.6305691 -0.0001659577715 6.855e-06
681.6305683 -0.0001723171144 5.329e-06
681.6305686 -0.0001785577289 4.498e-06
681.6305675 -0.000180335078 3.246e-06
681.6305696 -0.0001672119568 1.0582e-05
681.630568 -0.0001759058776 4.955e-06
681.6305688 -0.0001771800011 5.617e-06
681.6305649 -0.0001792186723 3.069e-06
681.6305665 -0.0001785568157 2.991e-06
681.6305662 -0.0001709314373 3.149e-06
681.6333499 -0.0002126973754 9.163e-06
681.6333473 -0.0001896960112 3.531e-06
681.6333497 -0.0001888971106 7.202e-06
681.6333465 -0.0001925895379 2.684e-06
681.6333484 -0.0001904003608 5.494e-06
681.6333505 -0.00020444594 1.7945e-05
681.6333476 -0.0001987270285 3.572e-06
681.6333491 -0.0002044420219 3.722e-06
681.6333489 -0.0001892379141 4.169e-06
681.6333478 -0.0001989819092 4.057e-06
681.6333494 -0.0001979811062 6.039e-06
681.6333505 -0.0002077008026 6.778e-06
681.6333499 -0.0001920671687 9.944e-06
681.6333502 -0.0001990532146 7.773e-06
681.6333486 -0.000194390455 4.744e-06
681.6333497 -0.0001900325492 6.715e-06
681.6333481 -0.0001971829657 3.911e-06
681.633346 -0.0001954875926 2.572e-06
681.6333505 -0.0002028066812 1.0103e-05
681.6333502 -0.0002138861102 9.861e-06
681.6333499 -0.000197143464 7.2e-06
681.6333491 -0.0001897802411 5.314e-06
681.6333494 -0.0001974606968 4.543e-06
681.6333484 -0.0001945335292 3.753e-06
681.6333489 -0.0001992187755 5.676e-06
681.6333497 -0.00019024698 4.322e-06
681.6333457 -0.0001975200997 2.26e-06
681.6333473 -0.0001996034497 2.827e-06
681.633347 -0.0001953653394 2.906e-06
681.636128 -0.0002165958835 7.723e-06
681.6361253 -0.0002117656205 3.271e-06
681.6361277 -0.0002068593793 5.597e-06
681.6361246 -0.0002100940852 2.896e-06
681.6361264 -0.0002080582341 4.243e-06
681.6361285 -0.000204999605 1.0514e-05
681.6361282 -0.0002074766953 6.853e-06
681.6361256 -0.000210946139 3.588e-06
681.6361272 -0.0002169020628 5.671e-06
681.6361269 -0.0002128682795 4.533e-06
681.6361259 -0.0002148006751 3.317e-06
681.6361274 -0.0002050218284 4.62e-06
681.636128 -0.0002119005714 8.15e-06
681.6361282 -0.0002155858861 1.0013e-05
681.6361267 -0.0002072300741 4.498e-06
681.6361277 -0.0002164475488 6.04e-06
681.6361261 -0.0002057283376 4.487e-06
681.636124 -0.0002102317008 2.654e-06
681.6361285 -0.0002173601685 8.126e-06
681.6361282 -0.0002020237675 6.343e-06
681.636128 -0.0002069806782 5.963e-06
681.6361272 -0.0002138602331 5.147e-06
681.6361274 -0.000207153352 5.011e-06
681.6361264 -0.0002011478335 4.124e-06
681.6361285 -0.0002233160228 1.1618e-05
681.6361269 -0.0002089625345 5.816e-06
681.6361277 -0.0002182030296 4e-06
681.6361238 -0.0002070324179 2.711e-06
681.6361253 -0.0002140341661 3.019e-06
681.6361251 -0.000205155089 3.179e-06
681.6389048 -0.0002134967797 6.185e-06
681.6389022 -0.0002238159655 3.136e-06
681.6389046 -0.0002207819174 4.249e-06
681.6389014 -0.0002219235718 3.329e-06
681.6389033 -0.0002177858686 4.028e-06
681.6389054 -0.0002223892699 7.664e-06
681.6389051 -0.000216629313 7.04e-06
681.6389025 -0.0002160037483 3.035e-06
681.638904 -0.0002193024026 5.403e-06
681.6389012 -0.0002231761277 3.074e-06
681.6389038 -0.0002154111097 4.585e-06
681.6389027 -0.000222936605 3.672e-06
681.6389043 -0.0002182692857 3.986e-06
681.6389054 -0.0002074785468 9.337e-06
681.6389048 -0.0001999938068 9.719e-06
681.6389051 -0.0002175897292 8.588e-06
681.6389035 -0.0002125643662 4.755e-06
681.6389046 -0.0002139566946 4.368e-06
681.638903 -0.0002103301964 4.01e-06
681.6389009 -0.0002183644325 2.48e-06
681.6389054 -0.0002200238685 9.107e-06
681.6389048 -0.0002145585834 8.824e-06
681.638904 -0.0002146072392 6.052e-06
681.6389043 -0.0002226231112 3.554e-06
681.6389033 -0.0002150219837 4.312e-06
681.6389054 -0.0002118741562 7.586e-06
681.6389038 -0.0002158937757 5.125e-06
681.6389046 -0.0002300210846 5.334e-06
681.6389006 -0.0002136187436 2.839e-06
681.6389022 -0.0002188691768 4.437e-06
681.6389019 -0.000217965706 2.805e-06
681.6416845 -0.0002309718941 1.1824e-05
681.6416819 -0.000218062534 3.304e-06
681.6416843 -0.0002175642801 6.174e-06
681.6416811 -0.0002220238801 3.252e-06
681.6416829 -0.0002253280124 4.271e-06
681.6416848 -0.0002280801891 8.649e-06
681.6416822 -0.0002256750416 3.307e-06
681.6416837 -0.000209091188 6.083e-06
681.6416808 -0.0002228908383 3.12e-06
681.6416835 -0.0002190997556 5.12e-06
681.6416824 -0.0002207479093 3.829e-06
681.641684 -0.0002164824617 4.578e-06
681.641685 -0.0001998797001 1.0025e-05
681.6416845 -0.0002118576581 7.344e-06
681.6416848 -0.0002217962377 6.56e-06
681.6416832 -0.0002182569595 4.866e-06
681.6416843 -0.0002167768275 4.86e-06
681.6416827 -0.000217094585 3.97e-06
681.6416806 -0.0002202780087 2.802e-06
681.641685 -0.0002148376121 7.29e-06
681.6416848 -0.0002073701558 8.125e-06
681.6416845 -0.0002178162438 6.981e-06
681.6416837 -0.0002117005656 5.812e-06
681.641684 -0.0002150648628 5.341e-06
681.6416829 -0.000223475978 5.16e-06
681.641685 -0.0002228663716 6.841e-06
681.6416835 -0.0002196997927 4.606e-06
681.6416843 -0.0002145201599 6.986e-06
681.6416803 -0.0002236099358 2.347e-06
681.6416819 -0.0002222120987 3.596e-06
681.6416816 -0.0002218983484 2.743e-06
681.64446 -0.0002087019543 9.581e-06
681.6444574 -0.0002157738187 3.459e-06
681.6444597 -0.0002244387757 5.134e-06
681.6444566 -0.0002205339668 3.132e-06
681.6444584 -0.0002147351414 4.891e-06
681.6444603 -0.0002307306031 7.764e-06
681.6444576 -0.0002211557046 3.582e-06
681.6444592 -0.0002125876833 5.77e-06
681.6444563 -0.0002201393002 2.85e-06
681.644459 -0.0002140006813 6.509e-06
681.6444579 -0.0002134146682 4.282e-06
681.6444595 -0.0002166638025 5.621e-06
681.6444605 -0.0002173737141 1.6127e-05
681.64446 -0.0002159272193 6.146e-06
681.6444587 -0.0002222057838 4.193e-06
681.6444597 -0.0002272011331 6.36e-06
681.6444582 -0.0002210508271 4.302e-06
681.6444561 -0.0002216437 2.82e-06
681.6444605 -0.0002283266715 6.654e-06
681.6444603 -0.0002386947703 1.0845e-05
681.64446 -0.0002239405443 7.083e-06
681.6444592 -0.0002188574449 5.318e-06
681.6444595 -0.0002077693251 5.962e-06
681.6444584 -0.0002158132319 3.789e-06
681.6444605 -0.0002147277991 9.328e-06
681.644459 -0.0002164751587 5.078e-06
681.6444597 -0.0002131709016 6.623e-06
681.6444558 -0.0002253147688 2.598e-06
681.6444574 -0.0002183278702 3.689e-06
681.6444571 -0.0002215664491 2.69e-06
681.6472376 -0.0002074315479 7.332e-06
681.647235 -0.0002026873293 3.599e-06
681.6472374 -0.0002076783852 4.929e-06
681.6472342 -0.0002159612166 2.657e-06
681.6472361 -0.0002041395545 4.152e-06
681.6472382 -0.0002145226353 1.2064e-05
681.6472379 -0.0001993388412 9.835e-06
681.6472353 -0.0002102500378 3.251e-06
681.6472369 -0.0002121088125 5.929e-06
681.647234 -0.0002115457736 2.733e-06
681.6472366 -0.0001996416377 5.126e-06
681.6472355 -0.0002137817106 3.418e-06
681.6472371 -0.0002121991386 5.082e-06
681.6472382 -0.0002095950266 1.002e-05
681.6472376 -0.0002076481427 7.637e-06
681.6472379 -0.0002153932787 8.748e-06
681.6472363 -0.0002162977952 4.22e-06
681.6472374 -0.0002104480338 4.55e-06
681.6472358 -0.0002040120894 4.08e-06
681.6472337 -0.000210465362 2.505e-06
681.6472382 -0.0002051049087 7.167e-06
681.6472379 -0.0002187193147 8.008e-06
681.6472376 -0.0002107354636 7.229e-06
681.6472369 -0.0002044806811 5.898e-06
681.6472371 -0.0002156363908 5.939e-06
681.6472361 -0.0002149726748 3.586e-06
681.6472382 -0.0002142747034 7.193e-06
681.6472366 -0.00021792224 4.713e-06
681.6472374 -0.0001983706456 6.536e-06
681.6472334 -0.0002059646813 2.79e-06
681.647235 -0.0002170351231 3.149e-06
681.6472348 -0.0002105625405 2.762e-06
681.6500141 -0.0002032009742 6.416e-06
681.6500115 -0.0001981256859 3.782e-06
681.6500138 -0.0002116988314 5.717e-06
681.6500107 -0.0002008032108 3.202e-06
681.6500125 -0.0002028980301 4.18e-06
681.6500146 -0.0001939197218 1.5359e-05
681.6500143 -0.0001908892163 1.0119e-05
681.6500117 -0.0002039906504 2.751e-06
681.6500133 -0.0001881307418 6.496e-06
681.6500104 -0.0002047492468 2.635e-06
681.650013 -0.0001933150943 4.646e-06
681.650012 -0.0002024190772 3.355e-06
681.6500136 -0.0002023290967 4.416e-06
681.6500141 -0.0002046660652 1.2661e-05
681.6500143 -0.0001970976507 8.887e-06
681.6500128 -0.0001996384076 3.948e-06
681.6500138 -0.0002060224871 4.563e-06
681.6500122 -0.0002068526929 2.962e-06
681.6500101 -0.0002057584701 2.867e-06
681.6500146 -0.0001767278671 8.518e-06
681.6500143 -0.000206227665 6.204e-06
681.6500141 -0.0002035948192 7.221e-06
681.6500133 -0.0001900637157 5.758e-06
681.6500136 -0.0001995122757 6.233e-06
681.6500125 -0.00020516525 3.197e-06
681.6500146 -0.0001990996125 6.9e-06
681.650013 -0.0002046582596 4.187e-06
681.6500138 -0.0001898355205 6.575e-06
681.6500099 -0.0001984036843 2.735e-06
681.6500115 -0.0001962848753 3.588e-06
681.6500112 -0.0002018483021 2.766e-06
681.6527907 -0.0001764908831 3.226e-06
681.652793 -0.0001846647515 5.093e-06
681.6527899 -0.000178138773 2.959e-06
681.6527917 -0.00018855818 4.559e-06
681.6527938 -0.000176107482 9.552e-06
681.6527936 -0.000173055953 8.653e-06
681.6527909 -0.000171907802 3.532e-06
681.6527925 -0.0001778210123 5.241e-06
681.6527896 -0.0001876750487 2.907e-06
681.6527923 -0.0001795667937 5.007e-06
681.6527928 -0.0001821712794 4.409e-06
681.6527938 -0.0001836238081 6.228e-06
681.6527933 -0.0001648207607 7.188e-06
681.6527936 -0.0001842306054 5.172e-06
681.652792 -0.0001860569874 3.97e-06
681.652793 -0.0001829303565 4.764e-06
681.6527915 -0.0001802384643 4.153e-06
681.6527894 -0.0001830358997 2.777e-06
681.6527938 -0.0001883766526 7.641e-06
681.6527936 -0.000190666237 7.138e-06
681.6527933 -0.0001896450961 7.224e-06
681.6527925 -0.0001691438147 5.52e-06
681.6527928 -0.0001864175676 5.196e-06
681.6527917 -0.0001789618695 3.365e-06
681.6527938 -0.0001784541068 8.536e-06
681.6527923 -0.0001802625792 4.089e-06
681.652793 -0.0001809800068 5.271e-06
681.6527907 -0.0001849060481 3.256e-06
681.6527904 -0.0001797805559 3.158e-06
681.6555707 -0.0001645171739 6.756e-06
681.655568 -0.0001621277713 3.335e-06
681.6555704 -0.0001562932398 6.387e-06
681.6555672 -0.0001581416583 3.013e-06
681.6555691 -0.0001642825374 4.657e-06
681.6555712 -0.0001596688226 1.0274e-05
681.6555709 -0.0001545892081 6.215e-06
681.6555683 -0.0001574287135 4.235e-06
681.6555699 -0.000171005537 4.628e-06
681.655567 -0.0001634893545 3.225e-06
681.6555696 -0.0001647382407 5.354e-06
681.6555686 -0.0001605293483 3.947e-06
681.6555701 -0.000166880179 5.06e-06
681.6555712 -0.000170117588 1.0869e-05
681.6555707 -0.000169839081 6.602e-06
681.6555709 -0.0001620895155 5.593e-06
681.6555693 -0.000154125409 4.735e-06
681.6555704 -0.000156811731 5.603e-06
681.6555688 -0.0001552139228 3.699e-06
681.6555667 -0.0001639757884 2.619e-06
681.6555712 -0.0001514006077 7.083e-06
681.6555709 -0.0001540077485 7.999e-06
681.6555707 -0.0001543172104 7.979e-06
681.6555699 -0.0001554483423 6.181e-06
681.6555701 -0.0001732891363 4.843e-06
681.6555691 -0.0001615478646 4.197e-06
681.6555712 -0.0001656197995 8.632e-06
681.6555696 -0.0001591045629 4.861e-06
681.6555704 -0.0001572159576 6.253e-06
681.6555665 -0.0001656354859 2.921e-06
681.655568 -0.0001670485239 2.832e-06
681.6555678 -0.0001663343475 2.975e-06
681.6583475 -0.0001356298319 6.753e-06
681.6583449 -0.0001349747441 2.899e-06
681.6583472 -0.0001347119803 7.914e-06
681.6583441 -0.0001363988577 3.307e-06
681.6583459 -0.0001315745082 3.927e-06
681.658348 -0.0001296138583 1.1297e-05
681.6583477 -0.000142685934 6.46e-06
681.6583451 -0.0001367546627 3.39e-06
681.6583467 -0.0001272052279 6.473e-06
681.6583438 -0.0001386147653 2.834e-06
681.6583464 -0.0001284116107 3.609e-06
681.6583454 -0.0001286160399 3.841e-06
681.658347 -0.0001355487035 5.004e-06
681.658348 -0.0001206391933 1.0633e-05
681.6583475 -0.0001428194536 8.973e-06
681.6583477 -0.0001242885002 7.479e-06
681.6583462 -0.0001344100908 4.346e-06
681.6583472 -0.0001333231354 6.733e-06
681.6583456 -0.0001335488365 3.782e-06
681.6583435 -0.0001381551945 2.613e-06
681.658348 -0.0001357242228 6.295e-06
681.6583477 -0.0001422261594 1.1642e-05
681.6583475 -0.0001264288114 6.15e-06
681.6583467 -0.0001286330784 5.318e-06
681.658347 -0.0001324801609 5.113e-06
681.6583459 -0.0001352140069 3.416e-06
681.658348 -0.000135912801 1.0274e-05
681.6583464 -0.0001336337537 5.274e-06
681.6583472 -0.0001398978817 4.207e-06
681.6583433 -0.0001355401174 2.859e-06
681.6583449 -0.0001355321863 3.551e-06
681.6583446 -0.0001398085151 2.868e-06
681.6611249 -0.0001060257745 3.974e-06
681.6611275 -0.0001084756354 1.0589e-05
681.6611273 -0.0001019311319 7.558e-06
681.6611241 -0.0001026162609 3.338e-06
681.6611259 -0.0001052741258 3.736e-06
681.661128 -9.203293435e-05 1.8121e-05
681.6611278 -8.642205278e-05 7.373e-06
681.6611252 -0.0001072873097 3.252e-06
681.6611267 -0.0001016917392 4.154e-06
681.6611238 -0.0001066184943 2.928e-06
681.6611265 -9.883257354e-05 5.409e-06
681.6611254 -0.0001053645655 3.322e-06
681.661127 -0.0001019909462 4.81e-06
681.661128 -0.0001084639572 7.985e-06
681.6611275 -0.0001122811347 6.243e-06
681.6611262 -0.0001139794842 4.131e-06
681.6611273 -0.0001088554701 5.778e-06
681.6611257 -9.863547558e-05 4.659e-06
681.6611236 -0.0001067239918 2.816e-06
681.661128 -0.0001003437982 7.017e-06
681.6611278 -0.0001207968401 9.599e-06
681.6611275 -0.0001125182107 7.429e-06
681.6611267 -9.367292043e-05 4.485e-06
681.661127 -0.0001012416387 5.662e-06
681.6611259 -0.0001099026353 3.425e-06
681.6611265 -0.0001064942429 3.94e-06
681.6611273 -0.0001006640652 5.404e-06
681.6611233 -0.0001084631963 2.508e-06
681.6611249 -0.0001006872651 3.486e-06
681.6611246 -0.0001062075483 3.148e-06
681.6639024 -7.672195475e-05 3.664e-06
681.663905 -5.777687456e-05 1.0829e-05
681.6639048 -7.312286882e-05 5.794e-06
681.6639016 -7.27953323e-05 3.161e-06
681.6639034 -7.942448739e-05 2.979e-06
681.6639053 -7.204597965e-05 8.963e-06
681.6639027 -7.138859249e-05 3.692e-06
681.6639042 -6.676359067e-05 5.474e-06
681.6639013 -7.302673081e-05 2.511e-06
681.663904 -7.491967299e-05 5.12e-06
681.6639029 -7.597820902e-05 3.042e-06
681.6639045 -7.048671043e-05 5.099e-06
681.6639055 -9.438009427e-05 8.286e-06
681.663905 -5.892463238e-05 1.0788e-05
681.6639053 -6.818665178e-05 7.847e-06
681.6639037 -7.738855114e-05 4.64e-06
681.6639048 -6.726125921e-05 6.817e-06
681.6639032 -6.701457968e-05 3.644e-06
681.6639011 -7.476360262e-05 2.587e-06
681.6639055 -7.752297777e-05 9.215e-06
681.6639053 -7.478641255e-05 1.0023e-05
681.663905 -6.420284439e-05 8.572e-06
681.6639042 -6.542331165e-05 4.525e-06
681.6639045 -6.915564296e-05 4.643e-06
681.6639034 -7.106440067e-05 3.636e-06
681.6639055 -8.115109596e-05 8.551e-06
681.663904 -7.391960681e-05 3.896e-06
681.6639048 -7.388189966e-05 6.889e-06
681.6639024 -7.616895529e-05 3.282e-06
681.6639021 -7.145897524e-05 2.947e-06
681.6666803 -3.543187763e-05 3.035e-06
681.6666829 -2.465286714e-05 7.816e-06
681.6666795 -3.488422418e-05 2.783e-06
681.6666827 -4.33851595e-05 5.703e-06
681.6666813 -3.090046208e-05 4.512e-06
681.6666834 -2.686636258e-05 1.0105e-05
681.6666806 -3.138742222e-05 4.226e-06
681.6666832 -2.080791072e-05 7.534e-06
681.6666821 -3.282494977e-05 4.107e-06
681.6666792 -3.74143221e-05 3.225e-06
681.6666819 -2.931845327e-05 4.995e-06
681.6666808 -3.011187495e-05 3.778e-06
681.6666824 -3.537883324e-05 5.659e-06
681.6666834 -3.619104019e-05 1.0296e-05
681.6666829 -4.143655052e-05 8.065e-06
681.6666832 -3.449114542e-05 7.24e-06
681.6666816 -3.493894886e-05 3.903e-06
681.6666827 -2.921716272e-05 6.783e-06
681.6666811 -3.997973248e-05 3.088e-06
681.666679 -3.494301765e-05 3.067e-06
681.6666834 -3.181621203e-05 6.339e-06
681.6666832 -3.940998738e-05 7.033e-06
681.6666829 -4.70179104e-05 7.662e-06
681.6666821 -3.306564208e-05 4.354e-06
681.6666824 -3.253841833e-05 6.745e-06
681.6666813 -3.762480403e-05 4.261e-06
681.6666834 -3.611520982e-05 6.068e-06
681.6666819 -3.008535306e-05 5.127e-06
681.6666827 -3.638482011e-05 5.17e-06
681.6666787 -3.411299001e-05 2.95e-06
681.6666803 -4.345024831e-05 3.021e-06
681.66668 -3.410069125e-05 3.528e-06
681.6694576 7.352982192e-06 3.727e-06
681.6694602 2.524093668e-06 6.142e-06
681.6694568 9.798175898e-07 2.749e-06
681.6694599 -1.660461664e-07 6.114e-06
681.6694586 5.313840887e-06 3.701e-06
681.6694607 1.031569286e-05 8.779e-06
681.6694578 -2.104600381e-06 3.611e-06
681.6694605 5.285710573e-06 7.313e-06
681.6694594 -7.359035937e-06 5.055e-06
681.6694565 8.617279994e-06 3.417e-06
681.6694592 -2.402096974e-06 4.304e-06
681.6694581 1.619555513e-05 3.988e-06
681.6694597 -2.814176696e-06 5.249e-06
681.6694607 -3.458677025e-06 1.099e-05
681.6694602 2.982686817e-06 6.69e-06
681.6694605 -5.933245919e-06 5.635e-06
681.6694589 7.38015651e-06 5.559e-06
681.6694599 1.003964693e-05 6.645e-06
681.6694563 9.096469427e-06 2.732e-06
681.6694607 -8.728747401e-07 1.1839e-05
681.6694605 1.160441201e-05 8.984e-06
681.6694602 1.1553742e-06 8.791e-06
681.6694594 5.589098326e-07 3.941e-06
681.6694597 1.27239667e-05 5.21e-06
681.6694586 1.944182728e-07 4.616e-06
681.6694607 1.709820562e-05 6.832e-06
681.6694592 3.798733626e-06 4.3e-06
681.6694599 2.715048511e-06 5.851e-06
681.669456 -9.824664947e-07 3.021e-06
681.6694576 3.996104336e-06 3.785e-06
681.6694573 7.757755889e-06 3.088e-06
681.672234 4.382037309e-05 3.076e-06
681.6722366 4.251494766e-05 7.019e-06
681.6722332 4.664577667e-05 3.126e-06
681.6722364 4.783965241e-05 5.293e-06
681.672235 4.57200342e-05 3.643e-06
681.6722343 5.138374014e-05 3.998e-06
681.6722371 4.755715294e-05 6.425e-06
681.6722369 3.618445896e-05 7.888e-06
681.6722358 4.865103885e-05 4.631e-06
681.6722329 4.155769293e-05 3.091e-06
681.6722356 4.063377843e-05 3.81e-06
681.6722345 4.427143726e-05 3.573e-06
681.6722361 5.676737517e-05 4.477e-06
681.6722371 5.599705749e-05 7.859e-06
681.6722366 5.103219271e-05 6.599e-06
681.6722369 4.934487905e-05 6.306e-06
681.6722353 4.718097809e-05 4.173e-06
681.6722364 4.262747403e-05 6.651e-06
681.6722348 4.80953567e-05 3.996e-06
681.6722327 4.592777461e-05 2.616e-06
681.6722371 4.585904415e-05 1.257e-05
681.6722369 3.664451048e-05 6.743e-06
681.6722366 5.428723381e-05 8.011e-06
681.6722358 4.124080207e-05 4.905e-06
681.6722361 4.458291437e-05 5.478e-06
681.672235 3.844698389e-05 4.615e-06
681.6722371 3.350056863e-05 8.933e-06
681.6722356 4.256943236e-05 4.008e-06
681.6722364 4.179545284e-05 5.787e-06
681.6722324 3.620898859e-05 3.044e-06
681.672234 3.848082808e-05 3.171e-06
681.6722337 4.629982612e-05 3.088e-06
681.6750096 8.608527979e-05 3.178e-06
681.6750122 7.963990463e-05 6.265e-06
681.6750088 8.309452532e-05 3.027e-06
681.6750119 8.592472655e-05 7.008e-06
681.6750106 7.665887732e-05 4.286e-06
681.6750098 8.319997621e-05 4.08e-06
681.6750125 7.61578305e-05 4.842e-06
681.6750114 7.974911615e-05 5.156e-06
681.6750085 8.279507749e-05 2.604e-06
681.6750111 8.75557673e-05 4.058e-06
681.6750101 8.468114809e-05 3.139e-06
681.6750117 8.972060164e-05 5.269e-06
681.6750127 6.675649058e-05 7.888e-06
681.6750122 9.148691789e-05 8.167e-06
681.6750109 9.186637717e-05 4.806e-06
681.6750119 7.712753353e-05 4.47e-06
681.6750104 9.564558366e-05 4.651e-06
681.6750082 8.719135976e-05 2.461e-06
681.6750127 9.025689156e-05 8.721e-06
681.6750125 7.04055484e-05 8.451e-06
681.6750122 8.830576409e-05 5.419e-06
681.6750114 7.756462352e-05 4.003e-06
681.6750117 8.338253526e-05 5.13e-06
681.6750106 9.050289673e-05 3.865e-06
681.6750127 8.472124838e-05 9.42e-06
681.6750111 8.913821268e-05 4.394e-06
681.6750119 8.01537262e-05 5.379e-06
681.675008 8.191493738e-05 2.798e-06
681.6750096 8.284919862e-05 3.345e-06
681.6750093 8.546993876e-05 3.064e-06
681.6777909 0.0001305014471 3.272e-06
681.6777935 0.0001285892473 7.692e-06
681.6777901 0.0001214832117 2.899e-06
681.6777932 0.0001320731524 6.286e-06
681.6777919 0.0001257832168 4.145e-06
681.6777911 0.0001136112818 3.638e-06
681.6777937 0.0001395520199 7.483e-06
681.6777927 0.0001305601894 5.289e-06
681.6777898 0.0001182622814 2.458e-06
681.6777924 0.0001211321703 5.816e-06
681.677793 0.0001237454176 5.583e-06
681.677794 0.0001484459771 1.3337e-05
681.6777935 0.0001210366868 9.508e-06
681.6777937 0.0001338930453 6.696e-06
681.6777922 0.0001301297534 4.163e-06
681.6777932 0.0001252047616 5.711e-06
681.6777916 0.0001349970065 3.765e-06
681.6777895 0.0001213249323 2.579e-06
681.677794 0.0001154938409 6.07e-06
681.6777937 0.0001304927517 9.217e-06
681.6777935 0.0001262118337 5.627e-06
681.6777927 0.0001217951444 4.723e-06
681.677793 0.0001236699441 4.817e-06
681.6777919 0.0001272577104 4.524e-06
681.677794 0.0001412732385 8.139e-06
681.6777924 0.0001294750549 4.821e-06
681.6777932 0.0001280580262 5.763e-06
681.6777893 0.0001265597017 3.115e-06
681.6777909 0.0001259935953 2.848e-06
681.6777906 0.000128460308 3.197e-06
681.680566 0.0001730493319 3.634e-06
681.6805687 0.0001754531407 8.965e-06
681.6805652 0.0001619186321 3.239e-06
681.6805684 0.0001730044096 8.173e-06
681.6805671 0.000164560507 3.289e-06
681.6805663 0.0001599817128 3.063e-06
681.6805689 0.0001613466442 8.962e-06
681.6805679 0.0001707639876 5.033e-06
681.680565 0.0001656522551 3.123e-06
681.6805676 0.000162909574 4.758e-06
681.6805666 0.0001678724291 4.072e-06
681.6805681 0.000162617784 6.447e-06
681.6805692 0.0001876488305 8.785e-06
681.6805687 0.0001565908372 1.0142e-05
681.6805689 0.0001671924551 8.27e-06
681.6805673 0.0001629798226 4.435e-06
681.6805684 0.0001738347927 6.135e-06
681.6805668 0.0001633147388 3.491e-06
681.6805647 0.000161532953 2.966e-06
681.6805689 0.0001617776335 7.751e-06
681.6805687 0.000167270171 6.527e-06
681.6805679 0.0001602453924 4.71e-06
681.6805681 0.0001670491524 5.197e-06
681.6805671 0.0001679182366 4.301e-06
681.6805692 0.0001474520941 7.383e-06
681.6805676 0.0001636789131 4.939e-06
681.6805684 0.0001670365105 5.832e-06
681.6805645 0.0001606330138 2.75e-06
681.680566 0.0001599337559 3.368e-06
681.6805658 0.0001615750725 2.943e-06
681.6833443 0.0001986165155 3.422e-06
681.6833469 0.0002015758986 7.192e-06
681.6833435 0.0002002381722 3.232e-06
681.6833466 0.0002058095557 6.554e-06
681.6833453 0.0001977692111 4.234e-06
681.6833445 0.0001966526601 3.692e-06
681.6833471 0.0001837013422 6.622e-06
681.6833474 0.0001839352548 1.1651e-05
681.6833461 0.0002071321183 5.046e-06
681.6833432 0.0001963555947 2.617e-06
681.6833458 0.0001998525561 4.266e-06
681.6833448 0.0001935947884 3.099e-06
681.6833464 0.0002112317309 4.484e-06
681.6833474 0.0001855976217 1.3569e-05
681.6833469 0.000188474484 7.673e-06
681.6833471 0.0001962896311 7.527e-06
681.6833456 0.0001998671834 4.43e-06
681.6833466 0.0002079924092 7.161e-06
681.683345 0.0002072673403 4.137e-06
681.6833429 0.0001984394608 3.345e-06
681.6833474 0.000201963348 7.676e-06
681.6833471 0.0002069477955 7.318e-06
681.6833469 0.000197266933 6.404e-06
681.6833461 0.0002051323706 4.566e-06
681.6833464 0.0001951932631 4.387e-06
681.6833453 0.00020413804 4.554e-06
681.6833458 0.000193782156 4.179e-06
681.6833466 0.0002072044718 5.919e-06
681.6833427 0.0001989309069 3.016e-06
681.6833443 0.0001967253427 3.139e-06
681.683344 0.0001963799974 2.751e-06
681.6861247 0.000228660329 2.704e-06
681.6861273 0.0002255601304 9.084e-06
681.6861239 0.0002335307628 3.47e-06
681.6861271 0.0002388988256 1.0285e-05
681.6861257 0.0002375688949 4.068e-06
681.686125 0.0002322299746 3.11e-06
681.6861276 0.0002271772915 8.902e-06
681.6861279 0.0002227760837 1.5624e-05
681.6861265 0.0002316750547 4.314e-06
681.6861236 0.0002269054132 2.557e-06
681.6861263 0.000227107992 5.031e-06
681.6861252 0.0002272156316 3.661e-06
681.6861268 0.0002291758495 4.194e-06
681.6861273 0.0002206343631 8.847e-06
681.6861276 0.0002321085788 5.963e-06
681.686126 0.0002331202685 3.67e-06
681.6861271 0.0002313921058 5.853e-06
681.6861255 0.000224351438 3.786e-06
681.6861234 0.0002287271121 3.005e-06
681.6861279 0.0002144499363 8.573e-06
681.6861276 0.0002418340712 8.342e-06
681.6861273 0.0002294272656 6.587e-06
681.6861265 0.0002344449172 4.201e-06
681.6861268 0.0002285606652 3.861e-06
681.6861257 0.0002211088821 3.351e-06
681.6861279 0.0002444366406 7.132e-06
681.6861263 0.0002259006239 4.584e-06
681.6861271 0.0002295180325 5.873e-06
681.6861247 0.00022927582 2.999e-06
681.6861244 0.0002191143277 3.191e-06
681.6888976 0.0002556394572 3.201e-06
681.6889002 0.0002579724804 1.1236e-05
681.6888968 0.0002485762788 3.337e-06
681.6888999 0.0002624772956 8.537e-06
681.6888986 0.0002542627765 4.729e-06
681.6888978 0.0002476655656 3.332e-06
681.6889007 0.0002345961126 1.6659e-05
681.6889004 0.0002647614732 1.0751e-05
681.6888994 0.00025665409 4.744e-06
681.6888965 0.0002511964275 3.123e-06
681.6888991 0.000249434818 5.603e-06
681.6888981 0.0002461052558 3.905e-06
681.6888997 0.0002548716826 4.778e-06
681.6889002 0.0002505814593 8.599e-06
681.6889004 0.0002504390891 5.51e-06
681.6888989 0.0002582279801 3.896e-06
681.6888999 0.0002458072509 5.183e-06
681.6888983 0.0002497708984 4.279e-06
681.6888962 0.0002524546056 3.165e-06
681.6889007 0.0002738197642 7.16e-06
681.6889004 0.0002593700724 7.295e-06
681.6889002 0.000250013556 5.026e-06
681.6888994 0.0002516984291 3.405e-06
681.6888997 0.0002558118506 6.143e-06
681.6888986 0.0002505950169 3.68e-06
681.6889007 0.0002501689875 1.3206e-05
681.6888991 0.0002576507097 4.427e-06
681.6888999 0.0002445582931 6.83e-06
681.6888976 0.0002552616728 2.966e-06
681.6888973 0.0002558523474 3.466e-06
681.6916788 0.0002631024989 3.314e-06
681.6916814 0.000267939401 8.943e-06
681.691678 0.000271661219 2.87e-06
681.6916811 0.0002594559305 7.535e-06
681.6916798 0.000265268718 5.411e-06
681.691679 0.0002657814377 2.9e-06
681.6916817 0.000247160967 7.64e-06
681.6916819 0.0002862610516 1.202e-05
681.6916806 0.0002660221766 3.64e-06
681.6916777 0.0002684882605 2.978e-06
681.6916804 0.0002675494336 4.611e-06
681.6916793 0.000262010129 3.208e-06
681.6916809 0.0002613580597 3.816e-06
681.6916819 0.0002614262843 6.427e-06
681.6916814 0.0002732841775 7.692e-06
681.6916817 0.0002705650232 5.568e-06
681.6916801 0.0002626767298 5.404e-06
681.6916811 0.0002658573361 6.017e-06
681.6916796 0.0002702979783 3.601e-06
681.6916775 0.0002717052745 3.008e-06
681.6916819 0.0002790440242 6.436e-06
681.6916817 0.0002576039938 6.986e-06
681.6916814 0.0002576527528 6.348e-06
681.6916806 0.0002726756277 4.891e-06
681.6916809 0.0002666813725 6.342e-06
681.6916798 0.0002675175042 3.708e-06
681.6916804 0.0002634280899 4.772e-06
681.6916811 0.0002654010784 5.587e-06
681.6916788 0.0002640656073 2.575e-06
681.6916785 0.0002707073606 3.234e-06
681.6944583 0.0002808077066 3.158e-06
681.6944609 0.0002652112903 9.183e-06
681.6944575 0.0002659683901 2.988e-06
681.6944606 0.0002841810941 7.48e-06
681.6944593 0.0002761694556 4.8e-06
681.6944585 0.0002762023686 3.203e-06
681.6944612 0.0002813265958 6.589e-06
681.6944614 0.0002786498753 1.1852e-05
681.6944601 0.0002748889027 3.541e-06
681.6944598 0.0002701957395 4.97e-06
681.6944588 0.0002727011621 3.152e-06
681.6944604 0.0002762589353 4.066e-06
681.6944614 0.0002666871607 5.291e-06
681.6944609 0.0002773493906 7.86e-06
681.6944612 0.000276528632 8.695e-06
681.6944596 0.0002716990252 5.457e-06
681.6944606 0.0002738210736 5.305e-06
681.6944591 0.0002718794922 4.211e-06
681.694457 0.000280474048 3.146e-06
681.6944612 0.0002722359752 8.378e-06
681.6944609 0.000271746247 6.865e-06
681.6944601 0.0002748177673 5.076e-06
681.6944604 0.0002739114653 5.563e-06
681.6944593 0.0002709839262 4.166e-06
681.6944598 0.0002676701242 3.674e-06
681.6944614 0.0002947669617 1.4132e-05
681.6944606 0.000268156913 4.655e-06
681.6944583 0.0002686116555 2.903e-06
681.694458 0.0002751238518 2.822e-06
681.6972317 0.0002621608601 3.816e-06
681.6972343 0.000258702167 7.077e-06
681.6972309 0.0002654469197 2.482e-06
681.6972341 0.00027220217 6.369e-06
681.6972328 0.0002647730517 4.188e-06
681.697232 0.0002625958422 3.077e-06
681.6972346 0.000261040331 6.591e-06
681.6972349 0.0002718757635 2.1587e-05
681.6972336 0.0002709141785 3.495e-06
681.6972307 0.0002689355517 2.7e-06
681.6972333 0.0002658878837 4.437e-06
681.6972322 0.0002688672044 4.161e-06
681.6972338 0.0002664554374 4.207e-06
681.6972349 0.000262287 6.819e-06
681.6972343 0.0002704228911 8.491e-06
681.6972346 0.0002651589122 6.097e-06
681.697233 0.0002701588405 4.958e-06
681.6972341 0.0002751166365 5.195e-06
681.6972325 0.0002684993133 4.061e-06
681.6972304 0.0002672070553 2.67e-06
681.6972349 0.0002713759654 5.052e-06
681.6972346 0.0002700817697 8.049e-06
681.6972343 0.0002595095095 8.137e-06
681.6972336 0.0002588754849 4.85e-06
681.6972338 0.0002657949681 4.989e-06
681.6972328 0.0002655098706 4.253e-06
681.6972333 0.0002622068558 3.7e-06
681.6972349 0.0002742165354 1.1913e-05
681.6972341 0.0002774712066 5.752e-06
681.6972301 0.0002629729113 2.647e-06
681.6972317 0.0002656116129 3.572e-06
681.6972314 0.0002664482911 3.07e-06
681.7000111 0.0002515895081 3.168e-06
681.7000137 0.0002515996343 6.642e-06
681.7000103 0.0002527997281 3.502e-06
681.7000135 0.0002546717844 5.424e-06
681.7000121 0.0002570650524 4.491e-06
681.7000114 0.0002539706693 2.694e-06
681.7000143 0.0002555527039 1.5916e-05
681.700014 0.0002426870218 7.865e-06
681.7000129 0.0002532290232 4.546e-06
681.70001 0.0002502181055 2.908e-06
681.7000127 0.0002564209801 5.434e-06
681.7000116 0.0002504696649 3.955e-06
681.7000132 0.0002466874681 5.701e-06
681.7000143 0.0002487856974 7.851e-06
681.7000137 0.0002637368863 6.925e-06
681.700014 0.0002491486114 5.496e-06
681.7000124 0.0002531306702 4.619e-06
681.7000135 0.0002462157864 7.266e-06
681.7000119 0.0002515770712 3.76e-06
681.7000098 0.0002480530788 2.818e-06
681.700014 0.0002545826389 7.679e-06
681.7000137 0.0002387853137 7.493e-06
681.7000129 0.0002589764401 4.719e-06
681.7000132 0.0002576260509 4.816e-06
681.7000121 0.0002475244571 4.388e-06
681.7000142 0.000219835188 1.5095e-05
681.7000127 0.0002600804622 4.52e-06
681.7000135 0.0002520509034 5.245e-06
681.7000111 0.0002542119221 3.453e-06
681.7000108 0.000250270427 3.415e-06
681.7027879 0.0002214009427 3.108e-06
681.7027905 0.0002222360957 7.249e-06
681.7027871 0.0002285141662 3.498e-06
681.7027903 0.0002329612758 6.456e-06
681.7027889 0.0002286780359 4.378e-06
681.7027881 0.0002270333288 3.644e-06
681.7027908 0.0002105295029 9.661e-06
681.702791 0.0002253081269 1.0727e-05
681.7027897 0.0002258006395 4.887e-06
681.7027868 0.0002273620599 2.762e-06
681.7027895 0.0002267065687 4.094e-06
681.7027884 0.000233093469 3.928e-06
681.70279 0.0002232079481 5.588e-06
681.702791 0.0002355445931 8.33e-06
681.7027905 0.0002389108721 6.716e-06
681.7027908 0.0002238879087 6.325e-06
681.7027892 0.0002259662168 3.486e-06
681.7027903 0.0002346397017 5.727e-06
681.7027887 0.0002292130282 3.705e-06
681.7027866 0.0002320615399 2.873e-06
681.702791 0.000219955135 9.476e-06
681.7027908 0.00022651089 7.795e-06
681.7027905 0.0002340227979 7.065e-06
681.7027897 0.0002312125125 5.109e-06
681.70279 0.0002299743995 5.691e-06
681.7027889 0.0002292205419 4.082e-06
681.7027895 0.0002311128582 4.096e-06
681.7027903 0.0002240011865 5.673e-06
681.7027879 0.0002251107756 3.428e-06
681.7027876 0.000224445529 3.595e-06
681.7055667 0.0002041531208 3.657e-06
681.7055693 0.0001908725687 8.446e-06
681.7055659 0.0001942384089 3.028e-06
681.7055691 0.0001975470546 5.426e-06
681.7055678 0.0002029665604 4.235e-06
681.705567 0.0001975684461 3.742e-06
681.7055696 0.0002066719639 7.96e-06
681.7055699 0.000198255967 1.3109e-05
681.7055686 0.0001912190984 4.925e-06
681.7055657 0.0001990297505 3.395e-06
681.7055683 0.0002000476573 4.8e-06
681.7055672 0.0001995423316 4.079e-06
681.7055688 0.0001981280544 5.499e-06
681.7055699 0.0002100451437 1.2081e-05
681.7055693 0.000194831023 4.819e-06
681.7055696 0.000189170234 6.319e-06
681.705568 0.000197005154 3.866e-06
681.7055691 0.0001941593955 5.539e-06
681.7055675 0.0002001409168 3.327e-06
681.7055654 0.0001953576264 2.542e-06
681.7055699 0.0001940300577 1.3849e-05
681.7055696 0.0001904443251 7.25e-06
681.7055693 0.0001970234166 5.837e-06
681.7055686 0.000192426019 4.988e-06
681.7055688 0.0001989261249 7.038e-06
681.7055678 0.0002009361121 4.147e-06
681.7055699 0.0002011893823 9.72e-06
681.7055683 0.0001958968933 4.863e-06
681.7055691 0.0001925019116 6.124e-06
681.7055651 0.0001919124773 2.896e-06
681.7055667 0.0001943652564 2.879e-06
681.7055665 0.0001937982818 3.608e-06
681.7083909 0.0001573081891 2.931e-06
681.7083935 0.0001572622418 7.746e-06
681.7083901 0.0001553030516 3.183e-06
681.7083933 0.0001479330517 6.088e-06
681.7083919 0.0001516351049 4.558e-06
681.7083912 0.000158048149 3.428e-06
681.7083938 0.0001505170882 8.607e-06
681.708394 0.0001599905622 1.2965e-05
681.7083927 0.0001608039586 7.36e-06
681.7083898 0.000154059903 2.577e-06
681.7083925 0.0001629892854 5.434e-06
681.7083914 0.0001527403239 3.908e-06
681.708393 0.000155944322 4.829e-06
681.708394 0.0001603368979 9.826e-06
681.7083935 0.0001537283287 8.368e-06
681.7083938 0.000159175482 7.694e-06
681.7083922 0.0001644537709 4.371e-06
681.7083933 0.0001515718777 6.733e-06
681.7083917 0.0001579232407 3.389e-06
681.7083896 0.0001537291206 2.652e-06
681.708394 0.0001648727 1.0105e-05
681.7083938 0.0001652429531 9.208e-06
681.7083935 0.0001617219664 5.901e-06
681.7083927 0.0001634967266 4.778e-06
681.708393 0.0001591607349 5.382e-06
681.7083919 0.000150821262 3.219e-06
681.708394 0.0001646272894 8.422e-06
681.7083925 0.00015382596 5.467e-06
681.7083933 0.0001522120927 6.662e-06
681.7083909 0.0001582530199 3.633e-06
681.7083906 0.0001590297499 3.593e-06
681.7111215 0.0001193581264 3.594e-06
681.7111242 0.0001129274839 9.357e-06
681.7111208 0.0001164023352 2.969e-06
681.7111239 0.0001179809136 7.726e-06
681.7111226 0.0001116002824 3.865e-06
681.7111218 0.0001085603917 3.272e-06
681.7111247 0.0001180113135 1.4257e-05
681.7111244 0.0001208776013 6.994e-06
681.7111234 0.0001102500471 5.14e-06
681.7111205 0.0001097882864 3.115e-06
681.7111231 0.0001199215994 5.868e-06
681.7111221 0.000118358972 3.848e-06
681.7111236 0.0001115091938 5.126e-06
681.7111242 0.0001133831053 8.789e-06
681.7111244 0.0001220014677 8.797e-06
681.7111229 0.0001141373854 4.365e-06
681.7111239 0.0001195263448 4.623e-06
681.7111223 0.0001143690242 3.73e-06
681.7111202 0.000112652469 3.027e-06
681.7111247 9.775349193e-05 1.0868e-05
681.7111244 0.0001091268623 7.796e-06
681.7111242 0.0001111458044 6.806e-06
681.7111234 0.000114031245 4.972e-06
681.7111236 0.0001076954733 6.013e-06
681.7111226 0.0001160540203 3.545e-06
681.7111247 0.0001062289722 8.158e-06
681.7111231 0.0001117854582 4.404e-06
681.7111239 0.0001103853815 5.373e-06
681.71112 0.000115856069 2.686e-06
681.7111215 0.0001089994126 2.934e-06
681.7111213 0.0001137026383 3.223e-06
681.7139006 7.003801897e-05 3.36e-06
681.7139032 7.401596857e-05 6.541e-06
681.7138998 6.9379603e-05 2.893e-06
681.713903 6.811715187e-05 5.857e-06
681.7139016 6.739887549e-05 3.641e-06
681.7139009 6.816695201e-05 3.143e-06
681.7139037 6.990071898e-05 1.3588e-05
681.7139035 6.982922134e-05 9.061e-06
681.7139024 7.380504412e-05 5.11e-06
681.7138995 6.764068076e-05 3.139e-06
681.7139022 7.08076639e-05 4.277e-06
681.7139011 6.766646453e-05 3.3e-06
681.7139027 7.939650262e-05 4.74e-06
681.7139037 7.613236796e-05 8.364e-06
681.7139032 8.132320353e-05 8.028e-06
681.7139035 8.50402506e-05 7.938e-06
681.7139019 7.854229843e-05 5.562e-06
681.713903 6.573766678e-05 5.514e-06
681.7139014 7.136867758e-05 3.427e-06
681.7138993 6.959382373e-05 3.013e-06
681.7139037 6.377985079e-05 7.142e-06
681.7139035 7.594671384e-05 6.621e-06
681.7139032 6.426020231e-05 8.379e-06
681.7139024 7.493279849e-05 4.438e-06
681.7139027 7.862134408e-05 5.699e-06
681.7139016 6.629536406e-05 4.083e-06
681.7139037 6.55342378e-05 5.966e-06
681.7139022 7.164266242e-05 4.881e-06
681.713903 6.966041088e-05 4.934e-06
681.713899 7.511321424e-05 2.663e-06
681.7139006 7.347958735e-05 3.054e-06
681.7139003 6.394216744e-05 2.975e-06
681.7166757 1.559880466e-05 3.95e-06
681.7166783 2.042976509e-05 9.349e-06
681.7166749 2.20025664e-05 3.609e-06
681.7166781 1.665926248e-05 5.628e-06
681.7166768 2.058786109e-05 4.577e-06
681.716676 2.332729688e-05 4.463e-06
681.7166786 1.692556784e-05 9.286e-06
681.7166789 3.816852345e-05 1.78e-05
681.7166776 2.922212693e-05 6.069e-06
681.7166747 2.050550983e-05 3.313e-06
681.7166773 2.325652454e-05 5.463e-06
681.7166762 2.279891985e-05 3.908e-06
681.7166778 4.047991071e-05 5.513e-06
681.7166789 2.049005419e-05 8.648e-06
681.716677 2.112365834e-05 5.083e-06
681.7166781 2.440429648e-05 6.618e-06
681.7166765 1.767471596e-05 4.447e-06
681.7166744 1.774986016e-05 3.067e-06
681.7166786 8.191916795e-06 1.008e-05
681.7166783 1.313499509e-05 8.168e-06
681.7166776 2.777557292e-05 5.593e-06
681.7166778 1.826319797e-05 6.358e-06
681.7166768 1.938255296e-05 4.267e-06
681.7166789 7.285068225e-06 8.4e-06
681.7166773 1.786225632e-05 5.069e-06
681.7166781 1.673722232e-05 6.859e-06
681.7166741 1.975479077e-05 3.459e-06
681.7166757 2.082027157e-05 3.221e-06
681.7166755 2.169970814e-05 3.43e-06
681.7194537 -1.646983012e-05 3.068e-06
681.7194564 -3.854566315e-06 6.636e-06
681.719453 -2.171860959e-05 2.782e-06
681.7194561 -7.852015434e-06 7.631e-06
681.7194548 -1.52329033e-05 4.391e-06
681.719454 -1.601526559e-05 3.667e-06
681.7194569 -6.945558365e-06 1.0762e-05
681.7194566 -1.139594204e-05 8.34e-06
681.7194556 -7.816641101e-06 4.572e-06
681.7194527 -1.752118769e-05 2.958e-06
681.7194553 -1.825071633e-05 4.42e-06
681.7194543 -1.839071354e-05 3.87e-06
681.7194558 -1.729743152e-05 5.9e-06
681.7194569 -1.523503118e-05 8.682e-06
681.7194564 -1.809890272e-05 8.093e-06
681.7194566 -8.893413374e-06 8.303e-06
681.7194551 -2.614505082e-05 3.324e-06
681.7194561 -1.298477767e-05 4.985e-06
681.7194545 -8.666038551e-06 4.183e-06
681.7194524 -2.048838253e-05 2.766e-06
681.7194569 -1.46001895e-05 8.887e-06
681.7194566 -1.247590964e-05 7.036e-06
681.7194564 -2.139375548e-05 8.199e-06
681.7194556 -1.177457779e-05 4.775e-06
681.7194558 -1.471355237e-05 5.123e-06
681.7194548 -1.83807107e-05 3.512e-06
681.7194569 -2.985818559e-05 6.89e-06
681.7194553 -2.265469979e-05 4.077e-06
681.7194561 -2.210525412e-05 5.516e-06
681.7194537 -2.053981527e-05 3.163e-06
681.7194535 -1.638342302e-05 2.994e-06
681.7222318 -6.319318273e-05 3.139e-06
681.7222344 -6.077384766e-05 5.815e-06
681.7222342 -5.193671789e-05 6.592e-06
681.722231 -5.588338739e-05 3.149e-06
681.7222329 -5.216002429e-05 3.957e-06
681.7222321 -6.701463506e-05 3.625e-06
681.7222347 -6.499804419e-05 6.588e-06
681.722235 -5.750728001e-05 1.0326e-05
681.7222337 -6.109259511e-05 4.27e-06
681.7222308 -6.147516269e-05 2.811e-06
681.7222334 -5.430173604e-05 4.732e-06
681.7222323 -6.005297961e-05 3.176e-06
681.7222339 -5.69284059e-05 5.789e-06
681.722235 -5.50721852e-05 7.226e-06
681.7222347 -6.572940161e-05 8.324e-06
681.7222331 -5.263156751e-05 4.829e-06
681.7222342 -6.461327253e-05 6.824e-06
681.7222326 -5.878739765e-05 3.421e-06
681.7222305 -5.775851989e-05 3.017e-06
681.722235 -7.304970015e-05 1.1773e-05
681.7222347 -6.342264747e-05 9.321e-06
681.7222344 -6.518839717e-05 7.298e-06
681.7222337 -5.270900431e-05 5.165e-06
681.7222339 -5.095964533e-05 4.443e-06
681.7222329 -6.061331164e-05 4.147e-06
681.722235 -6.018953801e-05 7.708e-06
681.7222334 -5.516235514e-05 4.843e-06
681.7222342 -5.071072709e-05 6.712e-06
681.7222302 -6.642455716e-05 2.815e-06
681.7222318 -5.640433247e-05 3.42e-06
681.7222316 -6.083409872e-05 2.993e-06
681.7250126 -9.485851997e-05 8.559e-06
681.72501 -9.195468818e-05 3.661e-06
681.7250123 -9.952851393e-05 7.098e-06
681.7250092 -9.916819397e-05 2.824e-06
681.725011 -9.962247932e-05 3.511e-06
681.7250129 -9.499435727e-05 5.946e-06
681.7250102 -0.0001018299815 3.416e-06
681.7250118 -8.533586534e-05 4.978e-06
681.7250089 -9.717414638e-05 2.928e-06
681.7250105 -9.628391518e-05 3.525e-06
681.7250121 -0.0001020817867 5.498e-06
681.7250131 -9.292104163e-05 7.949e-06
681.7250126 -9.801870219e-05 1.2086e-05
681.7250129 -9.141163e-05 7.664e-06
681.7250113 -8.481019783e-05 4.456e-06
681.7250123 -9.862507832e-05 6.264e-06
681.7250108 -9.58375571e-05 3.932e-06
681.7250087 -0.0001010336932 2.591e-06
681.7250131 -0.0001028643614 8.884e-06
681.7250129 -9.288777382e-05 9.318e-06
681.7250126 -0.0001014233218 7.134e-06
681.7250118 -0.0001020027474 5.736e-06
681.7250121 -9.429264859e-05 4.386e-06
681.725011 -0.0001012014955 4.255e-06
681.7250131 -0.0001015611048 9.819e-06
681.7250115 -9.627707815e-05 4.905e-06
681.7250123 -8.760512908e-05 4.374e-06
681.7250084 -9.586809388e-05 2.879e-06
681.72501 -8.831484418e-05 3.629e-06
681.7250097 -0.0001013355874 3.111e-06
681.7271218 -0.0001206752463 4.857e-06
681.7271242 -0.0001291761645 1.0913e-05
681.727121 -0.0001229940274 3.68e-06
681.7271229 -0.0001256395163 4.907e-06
681.7271247 -0.0001129600653 9.259e-06
681.7271221 -0.0001232634311 4.561e-06
681.7271236 -0.0001299500455 8.443e-06
681.7271208 -0.0001194664857 4.369e-06
681.7271234 -0.0001276209064 6.305e-06
681.7271223 -0.0001298662407 5.79e-06
681.7271239 -0.0001151250323 7.804e-06
681.7271244 -0.0001207391823 7.915e-06
681.7271247 -0.000113985213 8.854e-06
681.7271242 -0.000124713793 1.0281e-05
681.7271226 -0.0001190710505 5.82e-06
681.7271205 -0.0001159503337 3.879e-06
681.7271247 -0.000124163904 1.1655e-05
681.7271244 -0.0001135545492 1.2827e-05
681.7271236 -0.0001227079823 6.01e-06
681.7271239 -0.0001067613875 6.602e-06
681.7271229 -0.0001194462488 6.148e-06
681.727125 -0.000122772792 1.227e-05
681.7271234 -0.0001202434059 5.76e-06
681.7271242 -0.0001231468956 6.969e-06
681.7271202 -0.0001253545063 4.468e-06
681.7271218 -0.0001244091421 4.77e-06
681.7271215 -0.0001153884746 4.721e-06
