725.4719697 0.0001607572054 4.375e-06
725.471967 0.0001661868058 2.669e-06
725.4719694 0.0001755750076 4.238e-06
725.4719681 0.0001704038102 4.235e-06
725.4719673 0.0001665763485 3.43e-06
725.4719699 0.0001653678974 3.286e-06
725.4719702 0.0001627909985 6.712e-06
725.4719689 0.0001634656682 4.248e-06
725.4719686 0.0001658609469 3.522e-06
725.4719676 0.0001615603352 3.037e-06
725.4719691 0.000163524925 2.999e-06
725.4719702 0.000167333667 3.742e-06
725.4719697 0.0001611716533 4.206e-06
725.4719699 0.000162407555 6.579e-06
725.4719684 0.0001640854233 3.155e-06
725.4719694 0.0001712035177 3.926e-06
725.4719702 0.0001638634708 4.004e-06
725.4719699 0.0001721383384 5.452e-06
725.4719697 0.0001715307041 3.263e-06
725.4719689 0.0001631941757 2.696e-06
725.4719691 0.0001573545288 4.506e-06
725.4719681 0.0001646515435 2.91e-06
725.4719702 0.0001695448741 3.833e-06
725.4719686 0.0001672564491 2.556e-06
725.4719694 0.0001635768784 3.858e-06
725.471967 0.000163133819 2.66e-06
725.4747502 0.0001147478373 3.991e-06
725.4747476 0.0001110997414 3.435e-06
725.4747468 0.0001198671601 3.01e-06
725.4747499 0.0001221147751 3.74e-06
725.4747486 0.0001150504354 3.545e-06
725.4747478 0.0001196378806 3.607e-06
725.4747507 0.0001195246373 5.59e-06
725.4747505 0.0001169155876 2.848e-06
725.4747494 0.0001171491692 3.054e-06
725.4747465 0.0001154012392 2.592e-06
725.4747491 0.0001156807046 3.099e-06
725.4747481 0.000115284217 3.768e-06
725.4747497 0.0001182016627 2.908e-06
725.4747507 0.0001107528014 4.436e-06
725.4747502 0.0001199611102 5.968e-06
725.4747505 0.000122497358 4.605e-06
725.4747489 0.0001126226611 3.493e-06
725.4747499 0.0001155244692 4.188e-06
725.4747483 0.0001180017382 2.716e-06
725.4747462 0.0001227776385 2.914e-06
725.4747507 0.000116183307 4.957e-06
725.4747505 0.0001048094786 6.02e-06
725.4747502 0.0001136273104 3.857e-06
725.4747494 0.0001170819744 2.784e-06
725.4747497 0.0001094221568 3.119e-06
725.4747486 0.00011583192 3.099e-06
725.4747507 0.0001134608438 3.412e-06
725.4747491 0.0001163078559 3.128e-06
725.4747499 0.0001145714691 2.724e-06
725.474746 0.0001164344211 3.077e-06
725.4747476 0.0001165624626 2.602e-06
725.4747473 0.0001188795868 3.014e-06
725.4775239 6.617374105e-05 3.232e-06
725.4775265 6.169292082e-05 5.127e-06
725.4775231 6.216996456e-05 2.786e-06
725.4775263 6.413544613e-05 4.084e-06
725.4775249 6.378630963e-05 2.706e-06
725.4775242 6.697505369e-05 3.277e-06
725.477527 6.097253642e-05 6.161e-06
725.4775268 6.497598758e-05 3.246e-06
725.4775257 6.685234301e-05 3.598e-06
725.4775228 7.092962356e-05 2.88e-06
725.4775255 6.51396529e-05 3.301e-06
725.4775244 6.623897889e-05 2.874e-06
725.477526 6.328736611e-05 2.939e-06
725.477527 6.524249473e-05 2.514e-06
725.4775265 5.909485658e-05 4.84e-06
725.4775268 6.299567706e-05 4.335e-06
725.4775252 5.881400273e-05 4.017e-06
725.4775263 6.106969357e-05 3.531e-06
725.4775247 6.675538182e-05 3.208e-06
725.4775226 6.451221477e-05 3.1e-06
725.477527 7.045949137e-05 4.248e-06
725.4775268 6.080361787e-05 5.359e-06
725.4775265 6.501890951e-05 2.924e-06
725.4775257 6.233872065e-05 2.412e-06
725.477526 6.788937059e-05 3.567e-06
725.4775249 6.627297538e-05 3.14e-06
725.477527 6.350523485e-05 4.135e-06
725.4775255 5.865093729e-05 3.439e-06
725.4775263 6.450462535e-05 3.107e-06
725.4775223 6.277331508e-05 3.005e-06
725.4775239 6.206305544e-05 2.827e-06
725.4775236 6.776650747e-05 2.911e-06
725.4803029 1.738268922e-05 3.316e-06
725.4803055 1.542384516e-05 5.422e-06
725.4803021 1.554922379e-05 3.334e-06
725.4803052 1.944238243e-05 4.921e-06
725.4803039 1.325156099e-05 3.188e-06
725.480306 1.46605483e-05 4.366e-06
725.4803031 1.347054431e-05 3.724e-06
725.4803058 1.793735875e-05 5.059e-06
725.4803047 1.525339757e-05 4.224e-06
725.4803018 1.964984639e-05 3.33e-06
725.4803044 1.907420227e-05 3.897e-06
725.4803034 1.205542913e-05 2.896e-06
725.480305 1.833358411e-05 3.045e-06
725.480306 2.193745939e-05 4.034e-06
725.4803055 6.840601743e-06 5.254e-06
725.4803058 7.356248915e-06 3.345e-06
725.4803042 1.502425075e-05 3.318e-06
725.4803052 1.423700327e-05 4.191e-06
725.4803036 1.275182844e-05 2.925e-06
725.4803015 9.028529425e-06 3.187e-06
725.480306 1.185819474e-05 3.259e-06
725.4803058 1.296095597e-05 6.157e-06
725.4803055 1.173996275e-05 2.513e-06
725.4803047 1.693419568e-05 3.245e-06
725.480305 1.34738184e-05 3.951e-06
725.4803039 2.043546856e-05 3.292e-06
725.480306 1.530327868e-05 5.326e-06
725.4803044 1.436698542e-05 3.077e-06
725.4803052 2.030211866e-05 4.491e-06
725.4803013 1.844273454e-05 3.258e-06
725.4803029 1.669637363e-05 3.205e-06
725.4803026 1.739648304e-05 2.865e-06
725.4830803 -3.118929553e-05 2.889e-06
725.4830829 -3.072890364e-05 4.155e-06
725.4830795 -3.562295452e-05 2.977e-06
725.4830826 -3.560909502e-05 4.247e-06
725.4830813 -3.658822704e-05 3.461e-06
725.4830834 -3.021129132e-05 4.831e-06
725.4830805 -3.751833168e-05 3.313e-06
725.4830832 -4.104360555e-05 4.165e-06
725.4830821 -3.911490152e-05 3.241e-06
725.4830792 -3.22174665e-05 2.568e-06
725.4830818 -2.962698203e-05 3.512e-06
725.4830808 -3.783943815e-05 2.664e-06
725.4830824 -3.596874004e-05 3.709e-06
725.4830834 -3.538259963e-05 4.475e-06
725.4830829 -3.238943233e-05 4.038e-06
725.4830832 -2.966826242e-05 3.546e-06
725.4830816 -4.089913535e-05 3.476e-06
725.4830826 -3.27291876e-05 3.062e-06
725.4830811 -3.591635647e-05 3.878e-06
725.4830834 -4.042988249e-05 4.015e-06
725.4830832 -3.738915301e-05 3.877e-06
725.4830829 -3.494116359e-05 3.508e-06
725.4830821 -3.499166994e-05 3.315e-06
725.4830824 -4.045514518e-05 3.442e-06
725.4830813 -3.450742426e-05 3.312e-06
725.4830834 -3.945579159e-05 4.609e-06
725.4830818 -3.490051871e-05 3.838e-06
725.4830826 -2.750108572e-05 4.073e-06
725.4830787 -3.529148946e-05 2.41e-06
725.4830803 -3.365291922e-05 3.266e-06
725.48308 -3.117136923e-05 3.604e-06
725.4858598 -8.311700397e-05 3.673e-06
725.4858572 -7.977970552e-05 3.3e-06
725.4858596 -7.679206702e-05 4.349e-06
725.4858564 -7.899890316e-05 2.752e-06
725.4858583 -8.006311096e-05 3.663e-06
725.4858604 -9.035909989e-05 6.625e-06
725.4858601 -7.797808108e-05 4.855e-06
725.4858575 -8.307688241e-05 2.761e-06
725.485859 -7.745278693e-05 3.429e-06
725.4858562 -7.631260494e-05 2.895e-06
725.4858588 -8.363613539e-05 3.377e-06
725.4858577 -8.332445565e-05 3.039e-06
725.4858593 -8.321436676e-05 3.336e-06
725.4858604 -8.743204171e-05 6.398e-06
725.4858598 -8.134228502e-05 2.181e-06
725.4858601 -8.518872133e-05 4.168e-06
725.4858585 -7.949967349e-05 3.563e-06
725.4858596 -8.06378031e-05 3.347e-06
725.485858 -7.804303857e-05 3.298e-06
725.4858559 -7.700591304e-05 3.008e-06
725.4858604 -8.08124626e-05 4.487e-06
725.4858601 -7.443109948e-05 4.837e-06
725.4858598 -7.837653926e-05 3.114e-06
725.485859 -8.516667315e-05 3.246e-06
725.4858583 -8.433471787e-05 2.983e-06
725.4858604 -7.618222685e-05 4.383e-06
725.4858588 -7.765060436e-05 3.342e-06
725.4858596 -8.242541791e-05 3.81e-06
725.4858556 -7.90670702e-05 3.086e-06
725.4858572 -8.366228645e-05 2.967e-06
725.4858569 -7.849179443e-05 2.759e-06
725.4879401 -0.0001071065151 4.627e-06
725.4879428 -0.0001081420081 6.471e-06
725.4879425 -0.0001142990283 5.957e-06
725.4879393 -0.0001126470914 4.036e-06
725.4879433 -0.0001070342173 8.069e-06
725.4879412 -0.0001063873137 4.775e-06
725.487943 -0.0001094402702 3.878e-06
725.4879404 -0.0001101542916 5.468e-06
725.487942 -0.0001120338037 4.604e-06
725.4879391 -0.0001019459276 4.774e-06
725.4879417 -0.0001014644555 4.511e-06
725.4879407 -0.000115821453 4.401e-06
725.4879422 -0.0001154487926 3.177e-06
725.4879433 -0.0001192197697 5.545e-06
725.4879428 -0.00011505868 3.454e-06
725.487943 -0.0001094682145 5.868e-06
725.4879414 -0.0001064401066 4.907e-06
725.4879425 -0.0001146816501 5.802e-06
725.4879409 -0.0001135708544 4.67e-06
725.4879388 -0.0001110514177 4.121e-06
725.4879433 -0.0001175391203 7.055e-06
725.487943 -0.000105229281 6.333e-06
725.4879428 -0.0001109474918 2.746e-06
725.487942 -0.0001073631158 4.478e-06
725.4879422 -0.00011435743 3.136e-06
725.4879412 -0.000105682565 3.751e-06
725.4879433 -0.0001142693314 4.919e-06
725.4879417 -0.0001096935872 4.555e-06
725.4879425 -0.0001095914906 4.927e-06
725.4879386 -0.0001095503557 4.254e-06
725.4879401 -0.0001106658799 3.885e-06
725.4879399 -0.0001130859627 3.797e-06
725.4900743 -0.0001419617335 4.918e-06
725.4900717 -0.0001472187654 2.812e-06
725.490074 -0.000136826227 4.017e-06
725.4900709 -0.0001394797763 2.545e-06
725.4900727 -0.0001407664035 3.164e-06
725.4900748 -0.0001368363198 5.182e-06
725.4900746 -0.0001472876734 3.661e-06
725.4900719 -0.0001391393001 4.104e-06
725.4900735 -0.0001438399097 3.346e-06
725.4900706 -0.0001352505534 3.144e-06
725.4900733 -0.0001382530163 3.574e-06
725.4900722 -0.00014520241 2.637e-06
725.4900738 -0.0001390930881 2.988e-06
725.4900748 -0.0001421665732 3.379e-06
725.4900743 -0.0001289984937 5.287e-06
725.4900746 -0.0001431167717 4.669e-06
725.490073 -0.0001305390817 4.251e-06
725.490074 -0.0001375973877 3.218e-06
725.4900725 -0.0001389684324 3.083e-06
725.4900704 -0.000138475292 2.968e-06
725.4900748 -0.00013658418 5.405e-06
725.4900746 -0.0001427924603 2.592e-06
725.4900743 -0.0001405032539 2.959e-06
725.4900735 -0.000137230531 3.254e-06
725.4900738 -0.0001397417107 3.508e-06
725.4900727 -0.0001414813625 3.232e-06
725.4900748 -0.0001454717234 3.324e-06
725.4900733 -0.0001399114265 3.569e-06
725.490074 -0.0001416626425 2.65e-06
725.4900701 -0.0001421269405 3.099e-06
725.4900717 -0.000140769086 3.064e-06
725.4900714 -0.0001381883763 2.962e-06
725.4928035 -0.0001745243525 3.577e-06
725.4928009 -0.0001706570944 3.913e-06
725.4928032 -0.0001764634375 3.204e-06
725.4928001 -0.000176097198 3.009e-06
725.4928019 -0.0001734220374 3.136e-06
725.492804 -0.0001601163581 5.517e-06
725.4928037 -0.0001753760981 3.149e-06
725.4928011 -0.0001724019858 3.057e-06
725.4928027 -0.0001761390727 2.996e-06
725.4927998 -0.0001715774713 3.205e-06
725.4928024 -0.0001697125126 3.671e-06
725.4928014 -0.0001730768327 3.067e-06
725.492803 -0.000170722611 3.602e-06
725.492804 -0.0001737614955 2.928e-06
725.4928035 -0.0001715179686 4.388e-06
725.4928037 -0.0001747160328 3.161e-06
725.4928022 -0.0001794230627 3.323e-06
725.4928032 -0.0001780114733 3.227e-06
725.4928016 -0.000177851276 3.191e-06
725.4927995 -0.0001776980981 2.672e-06
725.492804 -0.0001718347438 3.539e-06
725.4928037 -0.0001726510636 3.346e-06
725.4928035 -0.0001694754214 4.076e-06
725.4928027 -0.0001709172164 3.299e-06
725.492803 -0.000171718084 3.097e-06
725.4928019 -0.0001764797151 3.132e-06
725.492804 -0.0001763406338 2.774e-06
725.4928024 -0.0001772813017 3.708e-06
725.4928032 -0.0001756485686 3.399e-06
725.4927993 -0.0001705990585 2.915e-06
725.4928009 -0.0001799112147 2.84e-06
725.4928006 -0.0001760421404 3.394e-06
725.4955836 -0.0002029741128 3.972e-06
725.4955809 -0.0002036339017 3.06e-06
725.4955833 -0.0002033855651 3.893e-06
725.4955801 -0.0002034518613 3.047e-06
725.495582 -0.0001988103167 3.21e-06
725.4955841 -0.000204567218 5.999e-06
725.4955838 -0.0002049529499 3.85e-06
725.4955812 -0.0002012994071 3.057e-06
725.4955828 -0.0002027063829 3.901e-06
725.4955799 -0.0001961345571 2.917e-06
725.4955825 -0.0002024899862 3.477e-06
725.4955815 -0.0002022721374 3.704e-06
725.495583 -0.0002053087684 3.164e-06
725.4955841 -0.0002003674362 3.533e-06
725.4955836 -0.0002004407893 4.513e-06
725.4955838 -0.0002017576507 2.885e-06
725.4955822 -0.0002007202863 3.821e-06
725.4955833 -0.0001959775828 2.87e-06
725.4955817 -0.0002030738801 2.642e-06
725.4955796 -0.0002040811982 2.472e-06
725.4955841 -0.0002008927161 4.694e-06
725.4955838 -0.0002022955251 3.273e-06
725.4955836 -0.0002027593932 3.261e-06
725.4955828 -0.0002000314489 3.04e-06
725.495583 -0.0002046093168 3.315e-06
725.495582 -0.000202713054 3.018e-06
725.4955841 -0.0002038941839 3.327e-06
725.4955825 -0.0001962542075 3.527e-06
725.4955833 -0.0002004436906 3.896e-06
725.4955794 -0.0001998153491 2.608e-06
725.4955809 -0.0002070761742 3.215e-06
725.4955807 -0.0002028312668 2.932e-06
725.4983605 -0.0002274114228 2.867e-06
725.4983579 -0.0002254322908 2.894e-06
725.4983602 -0.0002286495015 2.731e-06
725.4983571 -0.0002261497718 2.924e-06
725.498361 -0.0002191599678 4.537e-06
725.4983589 -0.0002260426842 2.801e-06
725.4983607 -0.0002320205509 3.356e-06
725.4983581 -0.0002200083281 2.785e-06
725.4983597 -0.0002276418094 3.529e-06
725.4983568 -0.0002237114408 3.131e-06
725.4983594 -0.0002207904098 3.736e-06
725.4983584 -0.0002342598243 4.39e-06
725.49836 -0.0002231691496 2.995e-06
725.498361 -0.0002158194122 4.425e-06
725.4983605 -0.0002276866792 3.807e-06
725.4983607 -0.000233476399 3.468e-06
725.4983592 -0.0002202261355 4.24e-06
725.4983602 -0.0002248349275 3.637e-06
725.4983586 -0.0002239746493 2.2e-06
725.4983565 -0.0002231807096 3.05e-06
725.498361 -0.0002288225109 6.593e-06
725.4983607 -0.0002311004696 5.879e-06
725.4983605 -0.0002247725252 2.754e-06
725.4983597 -0.0002273422838 3.487e-06
725.49836 -0.0002246787587 3.286e-06
725.498361 -0.0002214793713 4.231e-06
725.4983594 -0.0002245933099 3.123e-06
725.4983602 -0.000227319915 5.058e-06
725.4983563 -0.0002278019779 3.186e-06
725.4983579 -0.000221117586 2.975e-06
725.4983576 -0.0002295274407 3.05e-06
725.5011375 -0.0002428315459 3.952e-06
725.5011349 -0.0002445441204 2.175e-06
725.5011372 -0.0002420977136 2.971e-06
725.5011341 -0.0002402320653 2.879e-06
725.501138 -0.0002359679288 4.298e-06
725.5011359 -0.0002441718198 2.844e-06
725.5011377 -0.0002421916814 3.344e-06
725.5011351 -0.0002387740124 3.092e-06
725.5011367 -0.0002446599063 3.319e-06
725.5011338 -0.0002332194301 3.254e-06
725.5011364 -0.0002405100619 2.583e-06
725.5011354 -0.0002350714183 3.876e-06
725.501137 -0.0002417296843 2.424e-06
725.501138 -0.0002546541858 6.415e-06
725.5011375 -0.0002429857721 4.337e-06
725.5011377 -0.0002487214104 4.369e-06
725.5011362 -0.0002413076447 3.186e-06
725.5011372 -0.0002474639871 4.512e-06
725.5011356 -0.0002424963597 3.188e-06
725.5011335 -0.0002420621928 2.826e-06
725.501138 -0.0002370782347 4.065e-06
725.5011377 -0.0002448749717 5.794e-06
725.5011375 -0.0002358256205 3.258e-06
725.5011367 -0.000237460123 3.159e-06
725.501137 -0.0002373843147 4.196e-06
725.5011359 -0.0002361142684 4.092e-06
725.501138 -0.00023207725 6.08e-06
725.5011364 -0.0002388860783 3.092e-06
725.5011372 -0.0002389028962 4.789e-06
725.5011333 -0.0002412340734 2.734e-06
725.5011349 -0.0002366739756 2.753e-06
725.5011346 -0.0002401674569 2.534e-06
725.5039151 -0.000253775878 4.728e-06
725.5039125 -0.0002452567843 2.524e-06
725.5039149 -0.0002509078282 2.804e-06
725.5039117 -0.0002515649619 2.472e-06
725.5039157 -0.0002466030523 5.188e-06
725.5039136 -0.0002500347125 2.822e-06
725.5039154 -0.0002499587587 3.643e-06
725.5039128 -0.0002505137547 3.3e-06
725.5039144 -0.0002463553433 3.253e-06
725.5039115 -0.0002484141782 2.645e-06
725.5039141 -0.0002513068667 3.1e-06
725.503913 -0.0002504478338 2.826e-06
725.5039146 -0.0002540037616 2.154e-06
725.5039157 -0.0002475413465 7.469e-06
725.5039151 -0.0002464842811 3.648e-06
725.5039154 -0.0002437194399 3.978e-06
725.5039138 -0.0002539749699 3.423e-06
725.5039149 -0.0002519684017 3.125e-06
725.5039133 -0.0002536532927 3.282e-06
725.5039112 -0.0002480290663 2.426e-06
725.5039157 -0.0002440954041 3.924e-06
725.5039154 -0.0002456682285 3.59e-06
725.5039151 -0.0002489922365 2.898e-06
725.5039144 -0.0002473298912 3.457e-06
725.5039146 -0.0002535318494 4.332e-06
725.5039136 -0.0002481713351 3.308e-06
725.5039157 -0.0002612301808 6.336e-06
725.5039141 -0.0002474667425 2.931e-06
725.5039149 -0.000244915526 4.791e-06
725.5039109 -0.0002481277955 3.32e-06
725.5039125 -0.0002480360277 3.564e-06
725.5039123 -0.0002492779358 2.729e-06
725.5066943 -0.000254175491 6.508e-06
725.5066917 -0.0002605883532 2.844e-06
725.506694 -0.0002530186932 2.561e-06
725.5066909 -0.0002551861204 3.017e-06
725.5066927 -0.0002521255351 4.107e-06
725.5066948 -0.0002514740066 3.856e-06
725.5066946 -0.0002535131209 3.886e-06
725.5066919 -0.0002579505067 3.374e-06
725.5066935 -0.0002543781169 2.743e-06
725.5066906 -0.0002554151867 2.899e-06
725.5066933 -0.0002510429751 3.315e-06
725.5066922 -0.0002550355238 3.099e-06
725.5066938 -0.0002557665866 2.964e-06
725.5066948 -0.0002527496622 5.077e-06
725.5066943 -0.0002535063248 3.164e-06
725.5066946 -0.0002594459025 3.974e-06
725.506693 -0.0002568343555 3.755e-06
725.506694 -0.000257429721 2.68e-06
725.5066925 -0.0002531783573 3.26e-06
725.5066904 -0.0002592284941 2.403e-06
725.5066948 -0.0002571428702 5.327e-06
725.5066946 -0.0002578765266 3.584e-06
725.5066943 -0.0002591558323 2.673e-06
725.5066935 -0.0002543351034 2.871e-06
725.5066938 -0.0002496457748 4.71e-06
725.5066927 -0.0002561903047 2.473e-06
725.5066948 -0.0002523536314 5.218e-06
725.5066933 -0.0002643445726 3.433e-06
725.506694 -0.0002540623834 3.562e-06
725.5066901 -0.0002546935013 2.641e-06
725.5066917 -0.0002551960046 3.962e-06
725.5066914 -0.0002559301924 3.887e-06
725.5094701 -0.0002504196201 6.51e-06
725.5094674 -0.0002544882056 2.862e-06
725.5094698 -0.0002532917569 2.35e-06
725.5094666 -0.0002543275159 2.774e-06
725.5094685 -0.0002462730372 2.962e-06
725.5094706 -0.0002468682088 3.668e-06
725.5094703 -0.0002547771052 3.569e-06
725.5094677 -0.0002474975253 3.226e-06
725.5094693 -0.0002493545068 2.968e-06
725.5094664 -0.0002548590076 2.944e-06
725.509469 -0.0002496303023 3.817e-06
725.509468 -0.0002536606024 3.436e-06
725.5094695 -0.0002526614352 3.722e-06
725.5094706 -0.0002453655148 4.332e-06
725.5094701 -0.0002490733095 4.062e-06
725.5094703 -0.0002547371644 4.214e-06
725.5094687 -0.0002589216858 3.402e-06
725.5094698 -0.0002499877349 2.842e-06
725.5094682 -0.0002536021773 3.455e-06
725.5094661 -0.0002542190445 2.656e-06
725.5094706 -0.0002406036553 5.379e-06
725.5094703 -0.0002537988639 2.884e-06
725.5094701 -0.0002558503336 2.241e-06
725.5094693 -0.0002533424374 3.218e-06
725.5094695 -0.000253500191 3.209e-06
725.5094685 -0.0002528614181 2.57e-06
725.5094706 -0.0002517468182 4.836e-06
725.509469 -0.0002462482422 3.894e-06
725.5094698 -0.0002545440531 3.247e-06
725.5094659 -0.0002498332913 2.745e-06
725.5094674 -0.0002531360575 3.176e-06
725.5094672 -0.0002526225228 3.127e-06
725.5122521 -0.0002422819819 5.477e-06
725.5122495 -0.0002453121841 3.341e-06
725.5122519 -0.0002462685708 2.23e-06
725.5122487 -0.0002451898568 2.939e-06
725.5122506 -0.0002487549703 2.861e-06
725.5122527 -0.0002499546316 3.82e-06
725.5122524 -0.000243970589 3.222e-06
725.5122498 -0.0002425663625 3.225e-06
725.5122514 -0.0002496710589 3.873e-06
725.5122485 -0.0002474229369 2.701e-06
725.5122511 -0.0002440855951 3.579e-06
725.51225 -0.0002450100097 4.106e-06
725.5122516 -0.0002463755681 4.189e-06
725.5122527 -0.0002458036756 3.328e-06
725.5122521 -0.0002440894036 5.05e-06
725.5122524 -0.0002479682384 4.746e-06
725.5122508 -0.0002449741198 2.94e-06
725.5122519 -0.0002425667819 3.571e-06
725.5122503 -0.0002458705938 3.329e-06
725.5122482 -0.0002443367552 3.137e-06
725.5122527 -0.0002503042569 4.773e-06
725.5122524 -0.000243859987 2.801e-06
725.5122521 -0.0002448900395 2.414e-06
725.5122514 -0.0002467109181 3.172e-06
725.5122516 -0.0002508924327 3.084e-06
725.5122506 -0.0002402951428 3.083e-06
725.5122527 -0.0002440709102 4.496e-06
725.5122511 -0.0002470859827 2.584e-06
725.5122519 -0.0002447471783 3.324e-06
725.5122479 -0.000245002523 2.88e-06
725.5122495 -0.0002465417102 2.98e-06
725.5122493 -0.0002457953545 2.368e-06
725.5150259 -0.0002300335279 5.09e-06
725.5150233 -0.0002316948391 2.629e-06
725.5150257 -0.0002299947091 3.291e-06
725.5150225 -0.0002347179135 3.223e-06
725.5150244 -0.0002315778698 3.092e-06
725.5150265 -0.000228918324 4.049e-06
725.5150262 -0.0002270740718 3.231e-06
725.5150236 -0.0002319322244 3.301e-06
725.5150252 -0.0002290176185 2.953e-06
725.5150223 -0.0002284224774 2.67e-06
725.5150249 -0.0002348681413 3.031e-06
725.5150238 -0.0002238989435 5.284e-06
725.5150254 -0.0002322539688 3.659e-06
725.5150265 -0.0002278243382 3.232e-06
725.5150259 -0.0002403061187 5.226e-06
725.5150262 -0.0002295892252 5.129e-06
725.5150246 -0.0002316624544 3.875e-06
725.5150257 -0.0002325034111 2.326e-06
725.5150241 -0.0002270465005 3.654e-06
725.515022 -0.0002283310271 3.193e-06
725.5150265 -0.0002295560983 3.391e-06
725.5150262 -0.0002250793373 3.236e-06
725.5150259 -0.0002296206335 3.666e-06
725.5150252 -0.000224518483 3.83e-06
725.5150254 -0.0002328533416 3.245e-06
725.5150244 -0.0002312082925 3.44e-06
725.5150265 -0.0002288316899 5.329e-06
725.5150249 -0.0002312322745 3.36e-06
725.5150257 -0.0002327888121 4.341e-06
725.5150217 -0.000229044907 2.768e-06
725.5150233 -0.0002274823332 2.602e-06
725.5150231 -0.000236755161 2.603e-06
725.517807 -0.0002177231713 4.829e-06
725.5178044 -0.0002141345909 2.955e-06
725.5178067 -0.0002151217104 3.395e-06
725.5178036 -0.0002139205515 2.965e-06
725.5178054 -0.0002127153276 3.342e-06
725.5178075 -0.0002140794526 4.487e-06
725.5178073 -0.0002167186678 3.464e-06
725.5178046 -0.0002091936071 3.15e-06
725.5178062 -0.0002147827528 3.806e-06
725.5178033 -0.0002073323491 3.153e-06
725.5178059 -0.0002157470616 3.039e-06
725.5178049 -0.0002113160607 3.304e-06
725.5178065 -0.0002077463401 3.516e-06
725.5178075 -0.0002108029401 3.972e-06
725.517807 -0.0002102888116 3.976e-06
725.5178073 -0.0002131967086 4.024e-06
725.5178057 -0.0002142469323 4.414e-06
725.5178067 -0.0002112412579 2.612e-06
725.5178052 -0.0002110312138 3.106e-06
725.5178031 -0.0002124237628 2.687e-06
725.5178075 -0.0002190501303 3.418e-06
725.5178073 -0.0002189104845 4.212e-06
725.517807 -0.0002143394487 2.879e-06
725.5178062 -0.0002091755725 3.645e-06
725.5178065 -0.0002116728716 3.801e-06
725.5178054 -0.0002191549991 2.625e-06
725.5178075 -0.0002136930047 5.132e-06
725.5178059 -0.0002087624312 3.744e-06
725.5178067 -0.000212457432 3.684e-06
725.5178028 -0.0002104618998 3.114e-06
725.5178044 -0.0002081053281 2.808e-06
725.5178041 -0.0002109007393 2.568e-06
725.520583 -0.0001872023702 3.779e-06
725.5205804 -0.0001872899469 3.257e-06
725.5205827 -0.0001880470825 3.767e-06
725.5205796 -0.0001898790449 2.538e-06
725.5205814 -0.0001877479252 3.395e-06
725.5205835 -0.0001888146687 4.468e-06
725.5205833 -0.0001932991944 2.292e-06
725.5205806 -0.0001900267938 3.158e-06
725.5205822 -0.0001824075294 3.01e-06
725.5205793 -0.000187596391 2.311e-06
725.520582 -0.0001914167065 3.405e-06
725.5205809 -0.0001878212397 3.065e-06
725.5205825 -0.000189744384 4.557e-06
725.5205835 -0.0001840142819 5.167e-06
725.520583 -0.0001881478265 3.403e-06
725.5205833 -0.0001921181419 3.532e-06
725.5205817 -0.000199957353 5.105e-06
725.5205827 -0.0001893009332 2.898e-06
725.5205812 -0.0001924088616 3.374e-06
725.5205791 -0.0001905154873 2.713e-06
725.5205835 -0.0001911841455 3.673e-06
725.5205833 -0.0001890477128 3.438e-06
725.520583 -0.0001876370098 3.495e-06
725.5205822 -0.0001866669974 3.342e-06
725.5205825 -0.00019393904 2.897e-06
725.5205814 -0.0001868725027 3.152e-06
725.5205835 -0.0001825706028 4.917e-06
725.520582 -0.0001915613816 2.592e-06
725.5205827 -0.0001909522565 3.324e-06
725.5205788 -0.0001870082643 2.572e-06
725.5205804 -0.0001857218654 2.758e-06
725.5205801 -0.0001872139743 2.557e-06
725.5233603 -0.0001550833949 3.58e-06
725.5233577 -0.0001574063539 3.227e-06
725.5233601 -0.0001533251796 2.645e-06
725.5233569 -0.0001619071151 3.021e-06
725.5233588 -0.0001595040391 2.77e-06
725.5233609 -0.0001577015657 3.553e-06
725.5233606 -0.0001587516094 3.362e-06
725.523358 -0.0001616683117 2.968e-06
725.5233595 -0.0001684801427 2.82e-06
725.5233567 -0.0001618492471 2.862e-06
725.5233593 -0.0001588916543 3.269e-06
725.5233582 -0.0001649771661 2.794e-06
725.5233598 -0.0001589909392 4.062e-06
725.5233609 -0.0001629517131 3.502e-06
725.5233603 -0.0001543367523 3.75e-06
725.5233606 -0.0001663808163 4.435e-06
725.523359 -0.0001566804566 3.566e-06
725.5233601 -0.0001590344924 2.669e-06
725.5233585 -0.0001563083435 3.158e-06
725.5233564 -0.0001592725065 2.876e-06
725.5233609 -0.0001565857482 4.16e-06
725.5233606 -0.0001597218455 4.351e-06
725.5233603 -0.0001644691009 3.758e-06
725.5233595 -0.0001642997425 2.984e-06
725.5233598 -0.0001657276151 3.432e-06
725.5233588 -0.0001623014151 3.414e-06
725.5233609 -0.0001631031301 5.168e-06
725.5233593 -0.0001602697644 3.107e-06
725.5233601 -0.0001665500599 2.882e-06
725.5233561 -0.0001567328623 3.025e-06
725.5233577 -0.0001600747338 3.254e-06
725.5233574 -0.0001615450575 2.666e-06
725.5261356 -0.0001206188137 3.648e-06
725.526133 -0.0001310976764 3.394e-06
725.5261353 -0.000125700909 3.485e-06
725.5261322 -0.0001253073187 2.376e-06
725.526134 -0.0001326967262 3.411e-06
725.5261361 -0.0001279163733 3.485e-06
725.5261359 -0.0001317913365 3.432e-06
725.5261332 -0.0001324615438 2.746e-06
725.5261348 -0.0001161266376 3.799e-06
725.5261319 -0.0001308404132 2.608e-06
725.5261346 -0.0001283986984 4.076e-06
725.5261335 -0.0001264356986 2.909e-06
725.5261351 -0.0001240268338 4.462e-06
725.5261361 -0.0001265037265 5.553e-06
725.5261356 -0.0001309381989 3.026e-06
725.5261359 -0.0001279182274 4.923e-06
725.5261343 -0.0001321331181 3.471e-06
725.5261353 -0.0001208263561 3.135e-06
725.5261338 -0.0001264501142 3.075e-06
725.5261317 -0.0001295703502 2.701e-06
725.5261361 -0.0001257986314 6.91e-06
725.5261359 -0.0001288607085 4.987e-06
725.5261356 -0.0001239793777 3.063e-06
725.5261348 -0.0001293275157 3.019e-06
725.5261351 -0.0001288215416 4.49e-06
725.526134 -0.0001255772927 3.1e-06
725.5261361 -0.0001235279553 3.24e-06
725.5261346 -0.000123795005 2.585e-06
725.5261353 -0.0001281343468 3.702e-06
725.5261314 -0.0001198200716 3.691e-06
725.526133 -0.0001288094953 3.14e-06
725.5261327 -0.0001254178317 3.293e-06
725.5289144 -9.30819382e-05 3.464e-06
725.528917 -9.105708403e-05 2.89e-06
725.5289167 -9.78417258e-05 3.758e-06
725.5289136 -8.771029936e-05 2.868e-06
725.5289154 -9.369702626e-05 3.341e-06
725.5289175 -8.993183809e-05 5.879e-06
725.5289173 -8.904838388e-05 4.091e-06
725.5289146 -9.018342778e-05 3.06e-06
725.5289162 -8.84862149e-05 3.414e-06
725.5289133 -8.570265695e-05 2.82e-06
725.528916 -8.750386983e-05 3.217e-06
725.5289149 -9.249442218e-05 3.274e-06
725.5289165 -8.77032926e-05 3.222e-06
725.5289175 -8.833084942e-05 5.086e-06
725.528917 -9.188705574e-05 4.252e-06
725.5289173 -9.19912062e-05 3.85e-06
725.5289157 -9.299057205e-05 4.162e-06
725.5289167 -8.862268366e-05 2.871e-06
725.5289152 -8.448434664e-05 3.211e-06
725.5289131 -9.520407681e-05 2.275e-06
725.5289175 -8.93211042e-05 2.67e-06
725.5289173 -9.559634777e-05 6.584e-06
725.528917 -9.17645405e-05 3.798e-06
725.5289162 -8.408794807e-05 3.479e-06
725.5289165 -9.163452754e-05 3.937e-06
725.5289154 -9.032555379e-05 2.539e-06
725.5289175 -9.112536377e-05 3.762e-06
725.528916 -9.191933183e-05 2.398e-06
725.5289167 -8.708218492e-05 3.676e-06
725.5289128 -8.642676714e-05 2.66e-06
725.5289144 -8.754480101e-05 3.615e-06
725.5289141 -8.98767897e-05 3.027e-06
725.5316907 -5.161797634e-05 3.323e-06
725.531688 -4.38950789e-05 2.917e-06
725.5316872 -4.873875327e-05 2.783e-06
725.5316904 -5.145491583e-05 3.472e-06
725.5316891 -5.273619784e-05 3.086e-06
725.5316912 -5.350009029e-05 7.125e-06
725.5316883 -4.34221309e-05 3.517e-06
725.5316909 -5.087660472e-05 3.724e-06
725.5316899 -5.18752008e-05 3.67e-06
725.531687 -4.508034311e-05 3.144e-06
725.5316896 -5.385268154e-05 2.97e-06
725.5316886 -4.990145982e-05 3.218e-06
725.5316901 -5.05142185e-05 3.318e-06
725.5316912 -4.766995915e-05 5.562e-06
725.5316907 -4.919996086e-05 3.222e-06
725.5316909 -5.491686417e-05 3.824e-06
725.5316894 -4.937129392e-05 3.406e-06
725.5316904 -4.862427804e-05 2.791e-06
725.5316888 -4.7093431e-05 2.988e-06
725.5316867 -4.419180415e-05 2.665e-06
725.5316912 -4.26828791e-05 3.26e-06
725.5316909 -3.88202986e-05 6.33e-06
725.5316907 -5.818831021e-05 4.046e-06
725.5316899 -4.152925012e-05 3.212e-06
725.5316901 -5.291811158e-05 3.418e-06
725.5316891 -5.278624058e-05 3.5e-06
725.5316912 -4.403004158e-05 3.514e-06
725.5316896 -4.923554884e-05 2.586e-06
725.5316904 -4.91526433e-05 3.689e-06
725.5316865 -4.6835444e-05 2.958e-06
725.531688 -4.982529653e-05 2.856e-06
725.5316878 -4.761775572e-05 2.821e-06
725.5344713 -1.833264348e-05 5.45e-06
725.5344687 -7.671756615e-06 2.617e-06
725.5344679 -4.70068511e-06 2.61e-06
725.534471 -5.68321743e-06 3.268e-06
725.5344697 -3.82053271e-06 2.772e-06
725.5344718 -8.582744887e-07 7.415e-06
725.5344689 -7.575138074e-06 2.898e-06
725.5344716 -7.695649798e-06 4.61e-06
725.5344705 -5.449484041e-06 3.167e-06
725.5344676 -6.95203173e-06 3.043e-06
725.5344703 -2.305262406e-06 3.373e-06
725.5344692 -7.444179751e-06 3.52e-06
725.5344708 -5.614677291e-06 3.55e-06
725.5344718 -1.092018823e-05 3.218e-06
725.5344713 -2.755918851e-07 4.414e-06
725.5344716 -5.363351016e-06 3.471e-06
725.53447 -4.598609568e-06 3.515e-06
725.534471 -3.951950591e-06 3.684e-06
725.5344695 -2.284913015e-06 3.433e-06
725.5344674 -4.609114046e-06 2.787e-06
725.5344718 -1.00680612e-05 4.816e-06
725.5344716 -8.284710271e-06 4.658e-06
725.5344713 -6.715965873e-06 4.835e-06
725.5344705 -1.003856919e-05 3.494e-06
725.5344708 -4.110869402e-06 3.669e-06
725.5344697 -6.765528365e-06 3.556e-06
725.5344718 -6.033043168e-06 2.979e-06
725.5344703 -6.888515348e-06 2.723e-06
725.534471 -8.92903582e-06 3.566e-06
725.5344671 -2.666515091e-06 2.939e-06
725.5344687 -7.310769022e-06 2.487e-06
725.5344684 -4.936074442e-06 2.925e-06
725.5372487 4.293800251e-05 3.833e-06
725.5372461 4.417406391e-05 2.792e-06
725.5372453 4.172357579e-05 3.388e-06
725.5372485 4.478358392e-05 3.469e-06
725.5372471 3.670304775e-05 3.239e-06
725.5372493 3.557694257e-05 5.986e-06
725.5372464 4.158990143e-05 2.75e-06
725.537249 4.347952888e-05 4.094e-06
725.5372479 3.630370184e-05 2.885e-06
725.537245 3.837370076e-05 2.847e-06
725.5372477 4.136464308e-05 3.544e-06
725.5372466 3.638619595e-05 2.871e-06
725.5372482 4.184650885e-05 4.122e-06
725.5372493 4.166023915e-05 3.513e-06
725.5372487 3.833862382e-05 3.842e-06
725.537249 4.257966381e-05 2.711e-06
725.5372474 3.5463874e-05 2.902e-06
725.5372485 3.731028396e-05 3.307e-06
725.5372469 4.550662356e-05 3.787e-06
725.5372448 4.013968652e-05 2.834e-06
725.5372493 3.897506879e-05 3.888e-06
725.537249 4.496651605e-05 4.137e-06
725.5372487 4.408615917e-05 3.568e-06
725.5372479 3.983134507e-05 3.509e-06
725.5372482 3.981444644e-05 2.539e-06
725.5372471 3.441011023e-05 3.167e-06
725.5372493 4.501815992e-05 3.604e-06
725.5372477 4.106356268e-05 3.876e-06
725.5372485 3.823685041e-05 2.982e-06
725.5372445 4.181078521e-05 2.834e-06
725.5372461 4.336903439e-05 2.723e-06
725.5372458 4.337079008e-05 2.541e-06
725.5400211 8.944631217e-05 2.854e-06
725.5400237 8.439383953e-05 4.551e-06
725.5400203 9.063892842e-05 3.764e-06
725.5400235 8.988697344e-05 3.343e-06
725.5400221 9.452665205e-05 3.398e-06
725.5400242 9.093557629e-05 3.611e-06
725.5400213 7.969382504e-05 2.54e-06
725.540024 7.957236933e-05 3.899e-06
725.5400229 8.517963237e-05 3.249e-06
725.54002 8.318400856e-05 2.732e-06
725.5400227 8.606663283e-05 3.307e-06
725.5400216 8.26456082e-05 3.083e-06
725.5400232 8.64467375e-05 3.231e-06
725.5400242 9.087297679e-05 3.683e-06
725.5400237 8.96104641e-05 5.154e-06
725.540024 8.649268199e-05 3.141e-06
725.5400224 7.909458075e-05 3.816e-06
725.5400235 8.897774644e-05 3.744e-06
725.5400219 8.740658602e-05 3.097e-06
725.5400198 8.856960583e-05 2.715e-06
725.5400242 8.756778494e-05 4.035e-06
725.540024 8.387209532e-05 4.986e-06
725.5400237 7.704514983e-05 4.001e-06
725.5400229 8.448213896e-05 3.066e-06
725.5400232 8.114633992e-05 4.105e-06
725.5400221 8.689012668e-05 4.905e-06
725.5400242 8.60031045e-05 3.298e-06
725.5400227 7.961827074e-05 3.501e-06
725.5400235 8.40376029e-05 2.697e-06
725.5400195 8.722692973e-05 2.545e-06
725.5400211 8.574373558e-05 3.035e-06
725.5400208 9.099115297e-05 3.219e-06
725.5428031 0.0001330103186 2.666e-06
725.5428057 0.0001301934113 3.192e-06
725.5428023 0.0001302479148 3.125e-06
725.5428055 0.0001354393532 2.601e-06
725.5428042 0.0001294460634 2.906e-06
725.5428063 0.0001361850237 4.239e-06
725.5428034 0.0001298222411 2.485e-06
725.542806 0.0001335482066 4.148e-06
725.5428049 0.0001347408514 2.831e-06
725.5428021 0.0001294439184 2.775e-06
725.5428047 0.0001356465364 4e-06
725.5428036 0.0001327653946 3.301e-06
725.5428052 0.0001347705829 4.357e-06
725.5428063 0.0001450557975 5.434e-06
725.5428057 0.0001297212319 4.906e-06
725.542806 0.0001343511263 2.771e-06
725.5428044 0.0001304788885 3.146e-06
725.5428055 0.0001367574055 3.124e-06
725.5428039 0.0001377300693 3.616e-06
725.5428018 0.0001306427281 3.077e-06
725.5428063 0.0001347378048 2.9e-06
725.542806 0.0001309099544 4.824e-06
725.5428057 0.0001311095435 2.449e-06
725.5428049 0.0001359864967 3.396e-06
725.5428052 0.0001325704541 2.651e-06
725.5428042 0.0001373031407 3.301e-06
725.5428063 0.0001312368053 2.353e-06
725.5428047 0.0001256062051 4.1e-06
725.5428055 0.0001278593252 2.746e-06
725.5428015 0.0001320556459 2.859e-06
725.5428031 0.0001331290538 3.027e-06
725.5428028 0.0001316968463 3.149e-06
725.5455806 0.000176490981 3.271e-06
725.5455832 0.0001738880212 3.184e-06
725.5455798 0.0001769495672 2.696e-06
725.545583 0.000176156965 3.49e-06
725.5455816 0.0001714510217 3.205e-06
725.5455837 0.0001779712584 7.144e-06
725.5455809 0.0001843628234 3.807e-06
725.5455835 0.0001742602614 4.215e-06
725.5455824 0.0001796508782 3.607e-06
725.5455795 0.0001769408227 2.836e-06
725.5455822 0.0001736823161 3.933e-06
725.5455811 0.0001729185523 3.054e-06
725.5455827 0.0001799535526 3.836e-06
725.5455837 0.0001822401358 4.624e-06
725.5455832 0.0001835482125 4.797e-06
725.5455835 0.0001758784224 2.995e-06
725.5455819 0.0001810829628 3.189e-06
725.545583 0.0001786269997 3.036e-06
725.5455814 0.0001778426876 2.863e-06
725.5455793 0.0001815009454 2.95e-06
725.5455837 0.0001724142942 4.268e-06
725.5455835 0.0001746771487 5.108e-06
725.5455832 0.0001758838043 3.229e-06
725.5455824 0.0001794361459 4.057e-06
725.5455827 0.0001690650925 2.82e-06
725.5455816 0.0001750051478 3.042e-06
725.5455837 0.0001789188412 2.823e-06
725.5455822 0.0001806825884 2.919e-06
725.545583 0.0001721896329 3.804e-06
725.545579 0.0001771450525 2.743e-06
725.5455806 0.0001764584644 2.988e-06
725.5455803 0.0001793630928 2.928e-06
725.5483585 0.0002128055873 3.226e-06
725.5483611 0.0002253326001 6.162e-06
725.5483577 0.0002184854395 2.339e-06
725.5483609 0.0002165525468 3.518e-06
725.5483596 0.0002177166779 3.246e-06
725.5483588 0.0002121460421 3.311e-06
725.5483617 0.0002020041698 7.472e-06
725.5483614 0.0002106311262 6.219e-06
725.5483603 0.0002231935745 3.429e-06
725.5483574 0.0002188426147 2.967e-06
725.5483601 0.0002156784552 2.62e-06
725.548359 0.0002162175998 3.305e-06
725.5483606 0.0002132415539 3.879e-06
725.5483617 0.000222686622 3.998e-06
725.5483611 0.0002192375458 2.888e-06
725.5483614 0.0002168411988 4.433e-06
725.5483598 0.0002177049678 3.118e-06
725.5483609 0.0002165154342 3.428e-06
725.5483593 0.0002160742829 3.17e-06
725.5483572 0.0002241925219 2.961e-06
725.5483617 0.0002227623808 4.527e-06
725.5483614 0.00021897594 4.369e-06
725.5483611 0.0002172892877 3.094e-06
725.5483603 0.0002187038699 2.772e-06
725.5483606 0.0002124014596 4.871e-06
725.5483596 0.0002210239935 3.423e-06
725.5483617 0.000220778237 4.434e-06
725.5483601 0.0002171393421 2.965e-06
725.5483609 0.0002102053721 3.371e-06
725.5483569 0.0002210715662 2.802e-06
725.5483585 0.0002189080036 3.015e-06
725.5483582 0.0002168212291 2.727e-06
725.5511365 0.0002550049969 2.961e-06
725.5511392 0.000252814198 6.319e-06
725.5511357 0.0002536286137 3.049e-06
725.5511389 0.0002462310745 3.447e-06
725.5511376 0.000247048453 3.913e-06
725.5511368 0.0002493854735 3.075e-06
725.5511397 0.0002555591309 4.074e-06
725.5511394 0.0002438960788 5.228e-06
725.5511384 0.0002531624967 2.799e-06
725.5511355 0.0002530133368 3.12e-06
725.5511381 0.0002517378752 2.696e-06
725.551137 0.0002499759213 2.903e-06
725.5511386 0.0002497070274 4.131e-06
725.5511397 0.0002566272876 3.476e-06
725.5511392 0.0002568522168 3.565e-06
725.5511394 0.0002516651326 4.687e-06
725.5511378 0.0002551287631 2.458e-06
725.5511389 0.0002497695162 3.444e-06
725.5511373 0.0002499727056 2.892e-06
725.5511352 0.0002434480543 3.138e-06
725.5511397 0.0002546010713 3.553e-06
725.5511394 0.0002545837796 3.99e-06
725.5511392 0.0002521431882 3.1e-06
725.5511384 0.0002500156818 3.196e-06
725.5511386 0.0002474136952 2.498e-06
725.5511376 0.0002515639685 3.157e-06
725.5511397 0.0002513052114 4.204e-06
725.5511381 0.0002538465877 3.583e-06
725.5511389 0.0002561051608 4.053e-06
725.5511349 0.0002541103476 2.725e-06
725.5511365 0.0002448205523 2.815e-06
725.5511363 0.0002530220552 2.734e-06
725.5539125 0.0002764387477 3.717e-06
725.5539151 0.0002819148231 3.74e-06
725.5539117 0.0002775330831 3.007e-06
725.5539149 0.0002821219998 3.513e-06
725.5539135 0.0002773623459 4.339e-06
725.5539128 0.0002727821659 3.319e-06
725.5539156 0.0002855213053 4.041e-06
725.5539154 0.0002810635096 5.219e-06
725.5539143 0.0002775800967 3.7e-06
725.5539114 0.0002807243829 3.279e-06
725.5539141 0.0002790823236 2.992e-06
725.553913 0.0002714283258 3.377e-06
725.5539146 0.000269934325 3.057e-06
725.5539156 0.0002790443065 3.037e-06
725.5539151 0.0002789845039 3.515e-06
725.5539154 0.0002779160844 3.985e-06
725.5539138 0.0002773774577 2.332e-06
725.5539149 0.0002819962745 3.13e-06
725.5539133 0.0002800958404 2.66e-06
725.5539112 0.0002767246308 2.683e-06
725.5539156 0.0002750269236 3.418e-06
725.5539154 0.0002810582967 4.918e-06
725.5539151 0.0002816523332 3.074e-06
725.5539143 0.0002785150636 3.235e-06
725.5539146 0.0002761356482 3.328e-06
725.5539135 0.0002786557832 3.093e-06
725.5539156 0.0002803877272 3.872e-06
725.5539141 0.0002713391788 3.119e-06
725.5539149 0.0002822415922 4.472e-06
725.5539109 0.0002774804902 2.655e-06
725.5539125 0.0002756117205 2.5e-06
725.5539122 0.0002782273642 2.531e-06
725.5566913 0.0002999100964 2.895e-06
725.5566939 0.0003031070004 4.437e-06
725.5566905 0.0002961718516 2.852e-06
725.5566937 0.0003028656148 3.912e-06
725.5566924 0.0002928710879 4.239e-06
725.5566916 0.000301155057 3.224e-06
725.5566942 0.0003000219952 4.575e-06
725.5566945 0.0003001607664 5.354e-06
725.5566932 0.0002941873209 3.252e-06
725.5566903 0.0003040615225 3.229e-06
725.5566929 0.0002977680468 3.584e-06
725.5566918 0.0002989193933 2.725e-06
725.5566934 0.0003012743565 3.303e-06
725.5566945 0.00030392584 3.635e-06
725.5566939 0.0003010286822 5.305e-06
725.5566942 0.0003020451205 3.879e-06
725.5566926 0.0003015958136 2.756e-06
725.5566937 0.0002897269521 3.745e-06
725.5566921 0.0002915813547 3.661e-06
725.55669 0.000300647899 2.622e-06
725.5566945 0.0002939114005 5.513e-06
725.5566942 0.0002947728467 5.024e-06
725.5566939 0.0002953937968 2.591e-06
725.5566932 0.0002996400699 3.238e-06
725.5566934 0.0002951853564 3.328e-06
725.5566924 0.0002965079915 3.201e-06
725.5566945 0.0002937651393 3.326e-06
725.5566929 0.0002983944859 2.483e-06
725.5566937 0.0003011990968 4.356e-06
725.5566897 0.0002949338585 2.657e-06
725.5566913 0.0002927528074 2.613e-06
725.5566911 0.000297017528 2.672e-06
725.5594684 0.0003046876054 2.404e-06
725.5594711 0.0002998403943 4.606e-06
725.5594676 0.0002994368347 3.165e-06
725.5594708 0.0003028698716 4.433e-06
725.5594695 0.0003061364818 3.302e-06
725.5594687 0.0003065558812 2.654e-06
725.5594716 0.0003070598288 6.618e-06
725.5594713 0.0002973769207 5.058e-06
725.5594703 0.0003006672462 2.91e-06
725.5594674 0.0003013699599 3.33e-06
725.55947 0.000298918946 3.459e-06
725.559469 0.0003048311835 3.001e-06
725.5594705 0.0003024305561 3.475e-06
725.5594716 0.0003089912204 4.117e-06
725.5594711 0.0003005713734 4.018e-06
725.5594713 0.0003004520004 3.417e-06
725.5594697 0.0002991443363 3.077e-06
725.5594708 0.0003017826014 3.312e-06
725.5594692 0.0003047919547 3.867e-06
725.5594671 0.0002997833934 2.735e-06
725.5594716 0.0003047166481 6.084e-06
725.5594713 0.0003072276621 4.968e-06
725.5594711 0.0003078167752 3.088e-06
725.5594703 0.0003106492205 3.604e-06
725.5594705 0.0003082391422 3.202e-06
725.5594695 0.000304615346 3.532e-06
725.5594716 0.000304953971 3.44e-06
725.55947 0.0003020853981 2.746e-06
725.5594669 0.000301895248 2.759e-06
725.5594708 0.0003034757503 3.382e-06
725.5594684 0.0003051444674 2.741e-06
725.5594682 0.0003036760078 3.17e-06
725.5622471 0.0002964721431 2.394e-06
725.5622498 0.0002995417497 3.612e-06
725.5622464 0.0003043072678 3.47e-06
725.5622495 0.000300838551 4.64e-06
725.5622482 0.0003000447545 3.069e-06
725.5622474 0.0002997917987 3.185e-06
725.56225 0.0003026597824 4.671e-06
725.5622503 0.0003089986586 7.814e-06
725.562249 0.0003030923329 3.194e-06
725.5622461 0.0003068802866 3.602e-06
725.5622487 0.0002996541786 3.161e-06
725.5622477 0.000294692273 2.892e-06
725.5622492 0.0003073136774 3.899e-06
725.5622503 0.0003001906042 4.196e-06
725.5622498 0.0003077150944 5.147e-06
725.56225 0.0002961731712 4.074e-06
725.5622485 0.000299775073 3.191e-06
725.5622495 0.0003002433956 2.946e-06
725.5622479 0.0002995369146 3.559e-06
725.5622458 0.0002995534414 2.598e-06
725.5622503 0.0003109202655 6.626e-06
725.56225 0.0003003935312 4.231e-06
725.5622498 0.0003022522977 3.389e-06
725.562249 0.0003071652072 4.191e-06
725.5622492 0.0003058596708 3.343e-06
725.5622482 0.0003051386835 3.756e-06
725.5622503 0.0003033770312 4.255e-06
725.5622487 0.0003004713291 3.687e-06
725.5622456 0.0003006305958 2.687e-06
725.5622495 0.0002966497732 2.994e-06
725.5622471 0.0002980659698 2.898e-06
725.5622469 0.0003022972885 2.915e-06
725.5650223 0.0002872290642 2.481e-06
725.565025 0.0002834287735 2.54e-06
725.5650215 0.0002864987635 2.863e-06
725.5650247 0.0002871154021 4.654e-06
725.5650234 0.0002889421213 3.409e-06
725.5650226 0.0002857003397 2.863e-06
725.5650252 0.000282470176 3.484e-06
725.5650255 0.0002928951369 5.843e-06
725.5650242 0.0002860415191 3.573e-06
725.5650213 0.000283247004 3.195e-06
725.5650229 0.0002854728502 3.031e-06
725.5650244 0.0002799658416 3.981e-06
725.5650255 0.0002840681978 4.379e-06
725.565025 0.0002941375621 4.223e-06
725.5650252 0.0002834455978 4.268e-06
725.5650237 0.0002812941225 2.766e-06
725.5650247 0.0002933113698 3.408e-06
725.5650231 0.0002806664675 2.56e-06
725.565021 0.0002860306939 3.258e-06
725.5650255 0.0002741505402 6.768e-06
725.5650252 0.0002847561771 4.972e-06
725.565025 0.0002851925668 3.854e-06
725.5650242 0.0002878393493 3.263e-06
725.5650244 0.0002774740851 3.51e-06
725.5650234 0.0002839257978 3.41e-06
725.5650255 0.0002893227809 3.977e-06
725.5650239 0.0002828617367 3.578e-06
725.5650208 0.0002867303135 2.942e-06
725.5650247 0.0002892180325 2.387e-06
725.5650223 0.0002867804499 2.808e-06
725.5650221 0.0002873262482 2.47e-06
725.5678026 0.0002641543491 2.893e-06
725.5678052 0.0002651446511 4.698e-06
725.5678018 0.000264408704 2.895e-06
725.567805 0.0002626130542 3.603e-06
725.5678036 0.0002565124951 3.291e-06
725.5678028 0.0002617740152 2.58e-06
725.5678055 0.000266086717 3.525e-06
725.5678057 0.0002538686366 6.925e-06
725.5678044 0.0002550910977 3.62e-06
725.5678015 0.0002612672004 2.997e-06
725.5678042 0.0002583722096 4.179e-06
725.5678031 0.0002559070973 2.923e-06
725.5678047 0.0002625467018 3.508e-06
725.5678057 0.0002602464285 3.97e-06
725.5678052 0.0002619068415 4e-06
725.5678055 0.0002570703464 2.732e-06
725.5678039 0.0002581578439 2.806e-06
725.567805 0.0002575364583 3.268e-06
725.5678034 0.0002661258122 3.792e-06
725.5678013 0.0002596924013 2.872e-06
725.5678057 0.0002605353106 3.998e-06
725.5678055 0.0002633794445 5.846e-06
725.5678052 0.0002546706836 3.262e-06
725.5678044 0.0002551558048 3.373e-06
725.5678047 0.0002574198123 3.568e-06
725.5678036 0.0002521541178 3.591e-06
725.5678057 0.0002572849275 3.35e-06
725.5678042 0.0002608936407 2.952e-06
725.567801 0.0002578038137 2.952e-06
725.567805 0.0002606813472 3.829e-06
725.5678026 0.0002582939082 3.056e-06
725.5678023 0.0002576820081 2.763e-06
725.5705791 0.0002256620783 3.736e-06
725.5705817 0.0002315048124 4.645e-06
725.5705783 0.0002236329542 2.689e-06
725.5705815 0.0002288681768 2.605e-06
725.5705802 0.0002287010554 3.299e-06
725.5705794 0.0002198455462 3.186e-06
725.570582 0.0002250868143 3.551e-06
725.5705823 0.0002332610601 5.528e-06
725.5705809 0.0002222346529 3.289e-06
725.5705781 0.0002258613056 2.856e-06
725.5705807 0.000222995725 2.787e-06
725.5705796 0.0002279139876 3.333e-06
725.5705812 0.0002191769506 4.115e-06
725.5705823 0.0002294026739 4.915e-06
725.5705817 0.0002239380202 3.705e-06
725.570582 0.0002269181676 4.459e-06
725.5705804 0.0002267260356 3.294e-06
725.5705815 0.0002281630552 3.755e-06
725.5705799 0.000221254313 2.754e-06
725.5705778 0.0002249127753 2.879e-06
725.5705823 0.000229598967 5.37e-06
725.570582 0.0002208944231 3.836e-06
725.5705817 0.0002281546413 3.366e-06
725.5705809 0.0002267717837 3.195e-06
725.5705812 0.0002226761817 3.436e-06
725.5705802 0.0002234857936 3.365e-06
725.5705823 0.0002187267827 3.592e-06
725.5705807 0.0002271500842 3.791e-06
725.5705775 0.0002257477504 2.814e-06
725.5705815 0.0002269316228 4.462e-06
725.5705791 0.0002251072437 2.956e-06
725.5705788 0.0002235615576 2.915e-06
725.5734522 0.0001818711409 3.484e-06
725.5734549 0.0001755449972 6.202e-06
725.5734515 0.0001794145723 3.55e-06
725.5734546 0.0001811316092 2.407e-06
725.5734533 0.0001816824311 3.368e-06
725.5734525 0.0001769709178 2.974e-06
725.5734551 0.0001802249784 3.481e-06
725.5734554 0.0001767719594 3.274e-06
725.5734541 0.0001834212966 3.662e-06
725.5734512 0.0001835757066 2.949e-06
725.5734538 0.0001806375766 3.775e-06
725.5734528 0.0001789740029 3.004e-06
725.5734543 0.0001819086268 4.155e-06
725.5734554 0.000174248576 4.929e-06
725.5734549 0.0001845753106 4.381e-06
725.5734551 0.0001831357959 4.521e-06
725.5734536 0.0001740034918 3.262e-06
725.5734546 0.0001841092997 3.485e-06
725.573453 0.0001819854471 3.412e-06
725.5734509 0.0001792667165 3.084e-06
725.5734554 0.000182649731 4.205e-06
725.5734551 0.0001789034691 4.279e-06
725.5734549 0.0001775711274 3.734e-06
725.5734541 0.0001827350811 3.773e-06
725.5734543 0.0001815518683 3.336e-06
725.5734533 0.0001841567331 3.401e-06
725.5734554 0.0001778548117 4.304e-06
725.5734538 0.0001765537206 3.182e-06
725.5734507 0.000178120133 2.741e-06
725.5734546 0.0001815941988 4.214e-06
725.5734522 0.0001831720973 2.425e-06
725.573452 0.0001791595452 2.492e-06
725.5762305 0.0001319820454 2.976e-06
725.5762332 0.000130995404 3.991e-06
725.5762297 0.0001309213003 2.817e-06
725.5762329 0.0001292719654 4.968e-06
725.5762316 0.0001270465084 3.328e-06
725.5762308 0.0001356257106 3.085e-06
725.5762334 0.0001342041901 4.163e-06
725.5762337 0.0001351356031 6.444e-06
725.5762324 0.0001320363911 3.916e-06
725.5762295 0.0001336209445 2.821e-06
725.5762321 0.0001321236767 3.35e-06
725.576231 0.0001282261297 2.856e-06
725.5762326 0.0001296959705 3.525e-06
725.5762337 0.0001325918395 3.475e-06
725.5762332 0.0001336913454 3.845e-06
725.5762334 0.0001351473247 4.862e-06
725.5762318 0.0001370620172 3.299e-06
725.5762329 0.0001360902086 4.272e-06
725.5762313 0.0001336120213 3.36e-06
725.5762292 0.0001351526414 2.921e-06
725.5762337 0.0001299925433 3.549e-06
725.5762334 0.0001341277944 3.762e-06
725.5762332 0.0001324236056 4.078e-06
725.5762324 0.0001356742396 3.404e-06
725.5762326 0.000134247193 4.241e-06
725.5762316 0.0001292960406 3.506e-06
725.5762337 0.0001351540117 4.722e-06
725.5762321 0.0001292979548 3.38e-06
725.5762329 0.0001344355812 3.377e-06
725.5762289 0.0001347625587 2.737e-06
725.5762305 0.0001277851892 2.963e-06
725.5762303 0.0001340472759 2.627e-06
725.5790025 7.987429112e-05 2.734e-06
725.5790052 8.089135343e-05 4.139e-06
725.5790017 7.773236672e-05 2.734e-06
725.5790049 7.507216276e-05 4.764e-06
725.5790036 8.210065623e-05 3.704e-06
725.5790028 7.77997505e-05 2.883e-06
725.5790054 8.059509673e-05 4.527e-06
725.5790057 8.931036815e-05 6.494e-06
725.5790044 8.362585918e-05 3.819e-06
725.5790015 7.739714552e-05 2.473e-06
725.5790041 7.974480381e-05 3.739e-06
725.5790031 9.385066472e-05 4.425e-06
725.5790046 7.985682904e-05 2.839e-06
725.5790057 8.408290023e-05 3.795e-06
725.5790052 8.310478017e-05 4.84e-06
725.5790054 8.728478262e-05 4.732e-06
725.5790038 7.713825576e-05 3.692e-06
725.5790049 7.563035258e-05 3.309e-06
725.5790033 7.709981353e-05 3.022e-06
725.5790012 8.34788957e-05 2.874e-06
725.5790057 8.207630128e-05 4.112e-06
725.5790054 8.25127044e-05 3.627e-06
725.5790052 8.588192035e-05 3.361e-06
725.5790044 7.696072308e-05 3.417e-06
725.5790046 8.463780615e-05 4.281e-06
725.5790036 7.902892469e-05 2.565e-06
725.5790057 7.418032377e-05 4.159e-06
725.5790041 7.770598414e-05 2.894e-06
725.5790049 7.986817638e-05 3.599e-06
725.5790009 8.529867201e-05 2.65e-06
725.5790025 8.118982681e-05 2.924e-06
725.5790023 8.375789973e-05 3.095e-06
725.5817835 2.443838489e-05 3.138e-06
725.5817861 3.690223403e-05 4.029e-06
725.5817827 3.271996559e-05 3.283e-06
725.5817858 3.360171342e-05 3.563e-06
725.5817845 3.247296228e-05 4.712e-06
725.5817837 3.145557647e-05 3.627e-06
725.5817864 3.929711146e-05 5.277e-06
725.5817866 3.073737602e-05 7.464e-06
725.5817853 2.794287981e-05 3.356e-06
725.5817824 3.127438771e-05 3.606e-06
725.5817851 2.683067445e-05 3.975e-06
725.581784 3.367871675e-05 3.352e-06
725.5817856 2.777407498e-05 3.812e-06
725.5817866 3.308810015e-05 4.18e-06
725.5817861 3.26544183e-05 4.297e-06
725.5817864 3.731223972e-05 4.244e-06
725.5817848 3.138496967e-05 4.227e-06
725.5817858 3.113804174e-05 4.152e-06
725.5817843 3.024105476e-05 2.752e-06
725.5817822 3.46782802e-05 3.179e-06
725.5817866 2.869940654e-05 6.194e-06
725.5817864 2.784335493e-05 4.436e-06
725.5817861 2.548530847e-05 4.11e-06
725.5817853 3.335761691e-05 4.06e-06
725.5817856 3.115790205e-05 3.944e-06
725.5817845 2.849186315e-05 3.897e-06
725.5817866 3.249543161e-05 6.33e-06
725.5817851 2.952453833e-05 4.084e-06
725.5817858 3.361061419e-05 4.123e-06
725.5817819 3.718543007e-05 3.193e-06
725.5817835 3.219586495e-05 3.435e-06
725.5817832 3.115485869e-05 3.195e-06
725.5845621 -2.117432008e-05 3.002e-06
725.5845647 -2.166995341e-05 2.832e-06
725.5845613 -1.367885184e-05 2.935e-06
725.5845644 -2.252200077e-05 4.221e-06
725.5845631 -2.268914023e-05 3.25e-06
725.5845623 -1.968102203e-05 3.228e-06
725.584565 -1.420059923e-05 4.533e-06
725.5845652 -1.293644352e-05 8.961e-06
725.5845639 -2.00792118e-05 3.511e-06
725.584561 -1.731273434e-05 3.239e-06
725.5845637 -2.430351427e-05 3.731e-06
725.5845626 -2.430635361e-05 2.91e-06
725.5845642 -1.289893893e-05 4.459e-06
725.5845652 -1.775263435e-05 4.349e-06
725.5845647 -2.258229446e-05 3.134e-06
725.584565 -2.731749733e-05 4.736e-06
725.5845634 -2.282684215e-05 3.246e-06
725.5845644 -1.582464401e-05 4.241e-06
725.5845629 -2.160556539e-05 3.074e-06
725.5845608 -1.781505526e-05 2.483e-06
725.5845652 -3.213612731e-05 5.536e-06
725.584565 -1.772410216e-05 4.986e-06
725.5845647 -1.957727881e-05 5.233e-06
725.5845639 -2.52591721e-05 3.303e-06
725.5845642 -2.001163789e-05 3.567e-06
725.5845631 -2.582277969e-05 3.342e-06
725.5845652 -1.424509427e-05 5.37e-06
725.5845637 -1.217846576e-05 4.02e-06
725.5845644 -2.297111077e-05 4.237e-06
725.5845605 -2.022732651e-05 3.08e-06
725.5845621 -2.09542163e-05 3.372e-06
725.5845618 -1.927512445e-05 2.914e-06
725.5873412 -6.953541228e-05 4.374e-06
725.5873386 -7.092660407e-05 2.839e-06
725.587341 -6.354285931e-05 2.747e-06
725.5873378 -6.550935681e-05 2.846e-06
725.5873397 -6.340688657e-05 2.818e-06
725.5873418 -6.832050587e-05 5.089e-06
725.5873415 -6.844901268e-05 2.951e-06
725.5873389 -7.01160534e-05 3.119e-06
725.5873405 -6.752692091e-05 4.344e-06
725.5873376 -6.132740642e-05 2.908e-06
725.5873402 -6.548603242e-05 3.392e-06
725.5873391 -7.170306389e-05 3.319e-06
725.5873407 -6.848578781e-05 3.52e-06
725.5873418 -7.193426172e-05 4.564e-06
725.5873412 -6.570888401e-05 6.661e-06
725.5873415 -6.017759539e-05 5.668e-06
725.5873399 -7.531461323e-05 3.401e-06
725.587341 -6.310226973e-05 3.809e-06
725.5873394 -6.782518471e-05 3.034e-06
725.5873373 -6.460227395e-05 2.73e-06
725.5873418 -6.718940334e-05 3.88e-06
725.5873415 -6.652638406e-05 5.389e-06
725.5873412 -6.803802173e-05 3.972e-06
725.5873405 -6.801724952e-05 2.74e-06
725.5873407 -6.851925419e-05 3.883e-06
725.5873397 -7.092761206e-05 3.185e-06
725.5873418 -6.641200065e-05 2.842e-06
725.5873402 -6.755941314e-05 3.491e-06
725.587341 -6.81388074e-05 3.11e-06
725.587337 -6.584393787e-05 3.229e-06
725.5873386 -6.632513006e-05 2.759e-06
725.5873384 -7.018015616e-05 3.314e-06
725.5901205 -0.000108695947 3.406e-06
725.5901178 -0.0001109908296 2.834e-06
725.5901202 -0.0001082914804 3.71e-06
725.5901171 -0.0001123799348 2.807e-06
725.5901189 -0.0001071696761 3.158e-06
725.590121 -0.0001112849897 5.081e-06
725.5901207 -0.0001115656341 3.216e-06
725.5901181 -0.0001096299803 3.581e-06
725.5901197 -0.0001084866686 3.491e-06
725.5901168 -0.0001099507809 3.251e-06
725.5901194 -0.0001123398241 3.287e-06
725.5901184 -0.0001161398607 3.533e-06
725.59012 -0.000116060217 3.563e-06
725.590121 -0.0001090341013 3.982e-06
725.5901205 -0.0001097169843 4.394e-06
725.5901207 -0.0001127564861 3.252e-06
725.5901192 -0.0001112146076 3.822e-06
725.5901202 -0.0001105116609 2.751e-06
725.5901186 -0.0001142262515 3.308e-06
725.5901165 -0.000107022615 2.422e-06
725.590121 -0.0001070660325 3.834e-06
725.5901207 -0.0001078186572 4.534e-06
725.5901205 -0.0001120864052 2.95e-06
725.5901197 -0.0001111306179 3.759e-06
725.59012 -0.0001149691657 3.452e-06
725.5901189 -0.000110676824 2.769e-06
725.590121 -0.0001144162735 3.717e-06
725.5901194 -0.0001110193848 3.234e-06
725.5901202 -0.0001115391469 2.064e-06
725.5901163 -0.0001170399629 2.929e-06
725.5901178 -0.0001147666714 2.802e-06
725.5901176 -0.0001107668359 2.662e-06
725.5921977 -0.0001469473732 4.25e-06
725.592195 -0.0001339742016 4.369e-06
725.5921974 -0.0001394348913 6.081e-06
725.5921943 -0.0001363429381 3.769e-06
725.5921961 -0.0001511398743 4.615e-06
725.5921982 -0.0001337163328 6.791e-06
725.5921979 -0.0001439886149 4.138e-06
725.5921953 -0.0001422960373 4.752e-06
725.5921969 -0.0001348342644 5.594e-06
725.592194 -0.0001385157874 3.789e-06
725.5921966 -0.0001453004388 5.31e-06
725.5921956 -0.0001357792068 4.974e-06
725.5921971 -0.0001360143794 4.423e-06
725.5921982 -0.0001487862769 5.612e-06
725.5921977 -0.0001444760499 6.288e-06
725.5921979 -0.0001428452401 4.467e-06
725.5921964 -0.0001364631644 5.484e-06
725.5921974 -0.000138621661 5.439e-06
725.5921958 -0.0001465923704 3.33e-06
725.5921937 -0.0001354674623 4.244e-06
725.5921982 -0.0001428421406 6.265e-06
725.5921979 -0.0001456064765 6.702e-06
725.5921977 -0.0001399384828 5.254e-06
725.5921969 -0.0001429168152 5.528e-06
725.5921971 -0.0001293540602 5.279e-06
725.5921961 -0.0001432299203 5.648e-06
725.5921982 -0.0001443420715 3.98e-06
725.5921966 -0.0001388142518 5.149e-06
725.5921974 -0.0001427351076 3.23e-06
725.5921935 -0.0001384308577 3.848e-06
725.592195 -0.0001452909387 4.325e-06
725.5921948 -0.0001453329879 3.78e-06
