171.6890297 8.453111758e-06 9.305e-06
171.6890297 1.370475283e-05 9.385e-06
171.6890297 1.584879958e-05 1.1369e-05
171.6917981 3.493402055e-06 6.181e-06
171.6917976 7.249568121e-06 6.828e-06
171.6917973 -7.172750802e-08 5.667e-06
171.6917978 1.724080489e-06 5.472e-06
171.6917981 6.399885559e-06 6.706e-06
171.6917983 8.851843344e-06 6.359e-06
171.6917968 1.100899877e-05 4.41e-06
171.6917983 -5.811627035e-06 1.1041e-05
171.6917981 3.361121746e-06 5.571e-06
171.6917976 -3.160368969e-06 5.789e-06
171.691797 4.09792538e-06 4.539e-06
171.6917965 8.415591712e-06 3.257e-06
171.6917978 -9.694992736e-06 8.295e-06
171.6917983 9.180856056e-06 1.184e-05
171.6917981 8.996691987e-06 5.797e-06
171.6917973 8.599843873e-06 5.129e-06
171.6945802 2.880717181e-06 6.2e-06
171.6945797 -7.671622459e-06 6.674e-06
171.6945794 -2.466658992e-07 3.655e-06
171.6945799 -6.494403161e-06 5.239e-06
171.6945802 4.635339149e-06 5.619e-06
171.6945805 -8.455776642e-06 9.915e-06
171.6945789 -9.448070398e-06 3.274e-06
171.6945802 5.750242414e-06 5.372e-06
171.6945791 -3.828876002e-06 4.229e-06
171.6945797 -6.76207999e-06 5.652e-06
171.6945786 -4.379250272e-06 3.609e-06
171.6945799 8.46899809e-06 5.28e-06
171.6945805 -2.743432198e-06 9.484e-06
171.6945802 6.07931078e-06 4.238e-06
171.6945794 3.074407275e-06 4.698e-06
171.6973506 -3.801113555e-06 7.393e-06
171.6973503 -1.161258973e-06 4.42e-06
171.6973508 -4.654417146e-06 4.875e-06
171.6973511 7.542934199e-06 6.151e-06
171.6973513 -7.521466419e-06 7.132e-06
171.6973498 -4.455195662e-06 3.812e-06
171.6973513 2.048941399e-07 7.617e-06
171.6973511 -4.975329357e-06 5.138e-06
171.6973506 1.120657118e-06 4.511e-06
171.69735 -1.246450872e-06 4.588e-06
171.6973508 6.325696932e-06 6.108e-06
171.6973495 -1.810965075e-06 3.274e-06
171.6973513 4.995876279e-06 6.93e-06
171.6973511 5.481936919e-06 4.223e-06
171.6973503 5.75795655e-06 4.643e-06
171.7001362 -6.654571612e-06 7.088e-06
171.7001357 -1.160651576e-05 5.763e-06
171.7001354 -6.85241599e-06 5.375e-06
171.700136 -5.596262978e-06 5.698e-06
171.7001362 -1.168792676e-05 6.784e-06
171.7001365 -1.580518565e-05 6.072e-06
171.7001349 -2.016471867e-06 4.013e-06
171.7001365 -3.210129271e-06 7.025e-06
171.7001362 -4.534617742e-06 6.047e-06
171.700136 -1.338545693e-06 6.829e-06
171.7001357 -5.289028821e-06 5.047e-06
171.7001352 -1.466339557e-07 3.707e-06
171.7001347 -2.992761878e-06 3.163e-06
171.7001365 1.021000189e-05 9.304e-06
171.7001362 2.088395746e-06 4.903e-06
171.7001354 -3.159385241e-06 4.952e-06
171.7029115 1.221280064e-06 6.882e-06
171.702911 -6.148024477e-06 4.841e-06
171.7029108 1.680106672e-06 5.67e-06
171.7029113 -8.453826422e-07 5.238e-06
171.7029115 -1.104380353e-05 7.504e-06
171.7029118 -5.151284358e-06 7.497e-06
171.7029102 -6.900615543e-06 3.972e-06
171.7029118 -8.170414974e-06 7.184e-06
171.7029115 -9.306828394e-06 5.22e-06
171.702911 4.740395027e-07 6.005e-06
171.7029113 -2.959480346e-06 7.117e-06
171.7029105 -6.063151073e-06 3.892e-06
171.70291 -6.627629153e-06 3.351e-06
171.7029118 -5.447378055e-07 8.437e-06
171.7029115 -1.25366381e-06 5.097e-06
171.705012 -8.735894551e-06 6.892e-06
171.7050114 -7.747040546e-06 5.869e-06
171.7050112 -1.559745998e-05 7.205e-06
171.7050117 1.496158353e-06 5.491e-06
171.705012 -1.976712689e-05 1.099e-05
171.7050122 -1.189569763e-05 1.3149e-05
171.7050107 -1.424442044e-06 4.98e-06
171.7050122 -6.897136825e-06 1.3699e-05
171.705012 -1.886108976e-05 7.463e-06
171.7050114 -1.204104216e-05 8.735e-06
171.7050117 -1.286406921e-05 1.2247e-05
171.7050109 -1.384671114e-05 5.59e-06
171.7050104 -1.449811704e-05 5.251e-06
171.705012 -1.297061994e-05 8.428e-06
171.7050112 3.518079931e-06 6.714e-06
171.7072687 -3.997402103e-06 4.963e-06
171.7072682 -3.470324194e-06 4.664e-06
171.7072679 -3.980346683e-06 6.333e-06
171.7072684 -1.178750277e-05 4.458e-06
171.7072687 -9.78026772e-06 6.43e-06
171.7072689 -5.207125397e-06 9.205e-06
171.7072674 -1.027948525e-05 4.036e-06
171.7072687 -6.020959685e-06 5.722e-06
171.7072682 -3.762738699e-06 4.799e-06
171.7072684 -1.392409453e-05 6.19e-06
171.7072676 -1.920640493e-05 3.78e-06
171.7072671 -7.357597873e-06 3.558e-06
171.7072689 -6.660999413e-07 8.995e-06
171.7072687 -1.297409769e-05 6.26e-06
171.7072679 -1.015760314e-05 4.232e-06
171.7100377 -1.380402659e-05 7.748e-06
171.7100371 -1.969813352e-05 6.556e-06
171.7100369 -1.027684468e-05 5.459e-06
171.7100374 -1.316277408e-05 4.628e-06
171.7100377 -2.239172009e-05 5.049e-06
171.7100379 -3.781753502e-06 8.925e-06
171.7100364 -9.616082073e-06 3.783e-06
171.7100377 -9.371024559e-06 6.134e-06
171.7100371 -1.235761553e-05 5.59e-06
171.7100374 7.14970465e-07 6.363e-06
171.7100366 -1.679004215e-05 3.484e-06
171.7100361 -1.416508734e-05 3.864e-06
171.7100379 -7.805276535e-06 7.95e-06
171.7100377 -1.137817827e-05 4.819e-06
171.7100369 -7.319564542e-06 4.734e-06
171.7128119 -2.167594011e-07 7.157e-06
171.7128114 -1.902692679e-05 5.094e-06
171.7128111 -1.088299836e-05 5.158e-06
171.7128117 -8.877391102e-06 6.039e-06
171.7128119 -1.590158411e-05 4.712e-06
171.7128122 -1.72551929e-05 7.02e-06
171.7128106 -1.908630195e-05 3.729e-06
171.7128122 -1.198564965e-05 9.338e-06
171.7128119 -1.915922046e-05 6.785e-06
171.7128114 -2.760249824e-06 5.677e-06
171.7128117 -1.262410296e-05 7.227e-06
171.7128109 -9.217343287e-06 4.326e-06
171.7128104 -8.975837972e-06 3.409e-06
171.7128122 -7.613461721e-06 8.734e-06
171.7128119 -1.234779901e-05 4.672e-06
171.7128111 -9.113171636e-06 4.956e-06
171.7155887 -2.248874012e-06 6.992e-06
171.7155881 -3.168440789e-06 4.955e-06
171.7155879 -1.233283022e-05 4.868e-06
171.7155884 -7.25116982e-06 5.115e-06
171.7155887 -1.180877645e-05 5.415e-06
171.7155889 -2.103303074e-05 6.591e-06
171.7155873 -1.224906799e-05 3.389e-06
171.7155889 -1.160984314e-05 8.62e-06
171.7155887 -1.23163112e-05 7.656e-06
171.7155881 -1.46045627e-05 5.497e-06
171.7155884 -1.356616785e-05 5.624e-06
171.7155876 -9.540875422e-06 3.906e-06
171.7155871 -1.692586319e-05 2.999e-06
171.7155889 -1.083901706e-05 6.733e-06
171.7155887 -7.472918141e-06 6.654e-06
171.7155879 -1.652183521e-05 4.445e-06
171.7183721 -1.613296309e-05 7.594e-06
171.7183716 -1.446188931e-05 6.503e-06
171.7183713 -7.692970804e-06 4.32e-06
171.7183718 -1.588733992e-05 4.853e-06
171.7183721 -1.311715028e-05 5.403e-06
171.7183724 -7.948948828e-06 7.536e-06
171.7183708 -1.62168788e-05 3.169e-06
171.7183721 -1.158159279e-05 6.539e-06
171.7183716 -1.627487946e-05 6.254e-06
171.7183718 -8.948451161e-06 6.604e-06
171.7183705 -1.087830149e-05 3.412e-06
171.718371 -1.137980573e-05 4.286e-06
171.7183724 -1.551705365e-05 5.375e-06
171.7183721 -1.712317953e-05 5.926e-06
171.7183713 -1.849133796e-05 4.474e-06
171.7211465 -2.344068784e-05 6.404e-06
171.721146 -1.725891781e-05 6.099e-06
171.7211457 -1.340915093e-05 4.77e-06
171.7211463 -1.331897019e-05 4.867e-06
171.7211465 -1.443892218e-05 5.435e-06
171.7211468 -2.091863809e-05 7.736e-06
171.7211452 -9.790036659e-06 3.941e-06
171.7211468 -4.823976363e-06 7.968e-06
171.7211465 -2.337647509e-05 6.699e-06
171.721146 -8.184643995e-06 5.808e-06
171.721145 -1.59436231e-05 2.883e-06
171.7211463 -1.065644582e-05 5.494e-06
171.7211455 -6.451054659e-06 4.002e-06
171.7211468 -1.275102356e-05 4.969e-06
171.7211465 -4.512370195e-06 5.618e-06
171.7211457 -8.515771572e-06 4.013e-06
171.7239307 -1.7723572e-05 4.796e-06
171.7239302 -1.330609007e-05 7.363e-06
171.7239299 -1.52745818e-05 4.647e-06
171.7239304 -9.304973496e-06 5.633e-06
171.7239307 -1.909506957e-05 5.633e-06
171.723931 -2.779083681e-05 7.864e-06
171.7239294 -1.120698948e-05 3.931e-06
171.7239307 -9.28597397e-06 5.861e-06
171.7239302 -1.5279154e-05 4.947e-06
171.7239304 -1.172629346e-05 4.92e-06
171.7239291 -1.385060479e-05 3.314e-06
171.7239296 -7.545239649e-06 3.808e-06
171.723931 -7.65556895e-06 4.578e-06
171.7239307 -1.547276753e-05 5.689e-06
171.7239299 -2.565390583e-05 4.192e-06
171.7267044 -1.6875074e-05 4.752e-06
171.7267054 -1.781026479e-05 5.268e-06
171.7267049 -1.492324371e-05 4.73e-06
171.7267047 -1.534211444e-05 3.735e-06
171.7267052 -7.804789211e-06 6.405e-06
171.7267054 -1.024175837e-05 6.587e-06
171.7267057 -2.424985924e-05 9.959e-06
171.7267057 -6.315863214e-06 7.782e-06
171.7267041 -1.79881442e-05 3.896e-06
171.7267054 -1.570791896e-05 5.296e-06
171.7267049 -1.225130132e-05 4.877e-06
171.7267052 6.967618481e-07 6.728e-06
171.7267039 -1.651077502e-05 3.735e-06
171.7267044 -1.025528061e-05 3.645e-06
171.7267057 -5.679905911e-06 4.75e-06
171.7267054 -1.731716745e-05 5.212e-06
171.7294787 -1.548642162e-05 7.184e-06
171.7294782 -1.457060204e-05 4.963e-06
171.729478 -7.201131359e-06 4.716e-06
171.7294785 -1.129323364e-05 4.171e-06
171.7294787 -1.928230686e-05 7.223e-06
171.729479 -1.629214005e-05 1.2448e-05
171.7294774 -5.60564434e-06 4.001e-06
171.729479 -8.749523191e-06 7.479e-06
171.7294787 -2.073356633e-05 4.753e-06
171.7294782 -1.755545324e-05 3.733e-06
171.7294772 -4.617016908e-06 3.662e-06
171.7294777 -1.091254765e-05 3.407e-06
171.729479 -1.75790422e-05 6.887e-06
171.7294787 -1.670696647e-05 4.705e-06
171.729478 -1.17134301e-05 3.962e-06
171.7322656 -8.294368734e-06 6.422e-06
171.7322651 -1.172010541e-05 5.053e-06
171.7322648 -7.854872741e-06 4.971e-06
171.7322653 -7.59311537e-06 4.253e-06
171.7322656 -8.813515425e-06 4.917e-06
171.7322659 -1.626876986e-05 8.124e-06
171.7322643 -1.050388531e-05 3.152e-06
171.7322659 -1.350101145e-05 6.895e-06
171.7322656 -1.396259055e-05 4.316e-06
171.7322651 -1.0252364e-05 4.383e-06
171.7322653 -1.470542518e-05 7.54e-06
171.732264 -1.424330683e-05 3.05e-06
171.7322646 -9.113704983e-06 4.343e-06
171.7322659 -6.187494002e-06 5.737e-06
171.7322656 -9.573189861e-06 4.628e-06
171.7322648 -1.170700276e-05 4.5e-06
171.7350367 -1.86461203e-05 5.946e-06
171.7350362 -2.020899522e-05 5.57e-06
171.7350359 -1.036998818e-05 5.136e-06
171.7350364 -1.046194551e-05 3.582e-06
171.7350367 -7.390905392e-06 4.907e-06
171.7350369 -9.664956179e-06 5.369e-06
171.7350354 -1.318740829e-05 3.271e-06
171.7350369 -4.192003166e-06 7.082e-06
171.7350367 -1.299685816e-05 3.824e-06
171.7350362 -3.712424544e-06 5.362e-06
171.7350364 -1.167631418e-06 5.624e-06
171.7350351 -9.509444355e-06 3.147e-06
171.7350356 -1.374977753e-05 3.359e-06
171.7350369 -2.300827284e-06 7.456e-06
171.7350367 -1.150652433e-05 4.443e-06
171.7350359 -5.470538248e-07 4.393e-06
171.7378117 -4.428816986e-06 6.758e-06
171.7378112 -2.096214166e-06 5.506e-06
171.7378109 -9.266570165e-06 5.056e-06
171.7378115 -1.043095842e-05 4.821e-06
171.7378117 -8.695072885e-06 5.678e-06
171.737812 -6.62929434e-06 7.019e-06
171.7378104 -6.929721873e-06 3.654e-06
171.737812 -1.820325239e-05 7.385e-06
171.7378117 -4.907008653e-06 4.013e-06
171.7378112 -2.346520007e-06 5.193e-06
171.7378115 -4.878775368e-06 6.546e-06
171.7378101 -5.401592522e-06 3.591e-06
171.7378107 -1.152843233e-05 3.288e-06
171.737812 -7.512582209e-06 8.031e-06
171.7378117 1.259421824e-06 3.475e-06
171.7378109 -6.217752687e-06 4.656e-06
171.7405952 -1.413489569e-05 7.014e-06
171.7405947 -8.287365012e-06 4.911e-06
171.7405945 -9.221630942e-06 5.557e-06
171.740595 -2.881661653e-06 4.974e-06
171.7405952 -6.684757359e-06 4.931e-06
171.7405955 4.597597721e-06 9.344e-06
171.7405939 -7.034816106e-06 3.402e-06
171.7405955 1.418248392e-07 7.32e-06
171.7405952 -7.999686344e-06 4.595e-06
171.7405947 -8.132740025e-07 4.741e-06
171.740595 -2.245078787e-06 5.204e-06
171.7405942 -8.049304851e-06 3.368e-06
171.7405937 -3.00569101e-06 3.307e-06
171.7405955 -8.932474853e-06 5.057e-06
171.7405952 -1.277027412e-06 3.771e-06
171.7405945 -1.17209788e-05 3.761e-06
171.7433723 -1.191662479e-05 5.924e-06
171.7433718 -8.328470227e-06 6.188e-06
171.7433715 -1.901865513e-06 4.026e-06
171.7433721 -2.690088792e-06 4.13e-06
171.7433723 -4.058321328e-06 6.017e-06
171.7433726 6.629220657e-06 9.996e-06
171.743371 -9.835817434e-07 3.673e-06
171.7433726 -7.786595026e-07 8.061e-06
171.7433723 -3.619258502e-06 5.659e-06
171.7433713 -2.634165153e-06 3.627e-06
171.7433721 -4.587577115e-06 5.255e-06
171.7433708 7.738197696e-07 3.097e-06
171.7433726 -1.184795513e-05 8.083e-06
171.7433723 -2.837542448e-06 5.173e-06
171.7433715 2.580566982e-06 3.641e-06
171.7461522 8.881834996e-07 6.511e-06
171.7461517 -3.198961667e-07 5.022e-06
171.7461514 -4.051909167e-06 3.758e-06
171.746152 2.822644452e-06 4.311e-06
171.7461522 1.341295622e-06 6.16e-06
171.7461525 -9.581789072e-06 5.019e-06
171.7461509 -4.389109786e-06 3.539e-06
171.7461525 1.597739511e-06 5.803e-06
171.7461522 -1.14855229e-05 4.746e-06
171.7461512 -4.190658835e-07 3.593e-06
171.7461517 -6.272979317e-06 3.475e-06
171.7461506 1.542332857e-06 3.34e-06
171.746152 -2.23403789e-06 6.821e-06
171.7461522 -1.133015866e-06 4.121e-06
171.7461514 -1.541009042e-07 3.517e-06
171.7489281 -3.318521403e-06 5.298e-06
171.7489276 6.993359295e-07 4.596e-06
171.7489273 -4.423632107e-07 4.194e-06
171.7489279 1.115369235e-06 4.714e-06
171.7489281 3.765491219e-06 7.36e-06
171.7489284 -1.045196346e-05 6.991e-06
171.7489268 3.055706162e-06 3.638e-06
171.7489284 -1.661403748e-06 6.816e-06
171.7489281 1.301126517e-06 5.092e-06
171.7489271 -5.430008866e-06 3.209e-06
171.7489276 2.238297813e-06 4.221e-06
171.7489265 3.129539748e-06 3.398e-06
171.7489279 -6.165387553e-06 6.211e-06
171.7489284 1.579501279e-06 7.18e-06
171.7489281 7.660777364e-06 4.43e-06
171.7489273 -1.784274164e-06 3.601e-06
171.7517071 1.930792834e-05 7.938e-06
171.7517066 4.315935816e-06 5.628e-06
171.7517063 3.556851259e-06 3.851e-06
171.7517069 6.547029055e-06 4.205e-06
171.7517071 6.841442646e-07 5.372e-06
171.7517074 2.551728737e-06 6.28e-06
171.7517058 -5.328936753e-07 3.722e-06
171.7517074 -7.834848265e-06 8.475e-06
171.7517071 6.122321128e-06 4.542e-06
171.7517056 5.381746428e-06 3.198e-06
171.7517061 3.250941956e-06 3.472e-06
171.7517066 6.72062829e-06 4.688e-06
171.7517069 7.853406767e-06 6.062e-06
171.7517071 4.670790363e-06 3.781e-06
171.7517063 1.030328354e-06 4.108e-06
171.754479 1.286329439e-05 5.882e-06
171.7544785 9.994023811e-06 5.624e-06
171.7544782 5.588468001e-06 3.912e-06
171.7544788 1.167829681e-05 4.614e-06
171.754479 3.003558952e-06 5.51e-06
171.7544793 7.825553028e-06 4.514e-06
171.7544777 6.079369695e-06 3.009e-06
171.7544793 4.429029938e-06 7.771e-06
171.754479 1.072535642e-05 3.936e-06
171.754478 6.384395848e-06 2.804e-06
171.7544775 7.94810449e-06 2.731e-06
171.7544785 1.420086486e-05 5.671e-06
171.7544788 1.257820669e-05 5.68e-06
171.7544793 2.97561261e-06 6.567e-06
171.754479 7.201808843e-06 5.284e-06
171.7544782 5.554717545e-06 3.562e-06
171.7572559 1.22885654e-05 4.94e-06
171.7572554 7.654176209e-06 6.161e-06
171.7572551 1.4145936e-05 3.702e-06
171.7572556 1.326441116e-05 4.452e-06
171.7572559 1.184835154e-05 6.352e-06
171.7572562 6.747634909e-06 9.229e-06
171.7572546 6.490478444e-06 3.421e-06
171.7572562 1.171392194e-05 5.448e-06
171.7572559 2.669202564e-06 3.915e-06
171.7572543 1.175745996e-05 2.543e-06
171.7572554 9.839293523e-06 5.145e-06
171.7572548 6.982117607e-06 3.728e-06
171.7572556 4.594805737e-06 5.723e-06
171.7572562 1.897330895e-05 6.19e-06
171.7572559 1.489518358e-05 6.418e-06
171.7572551 1.626018965e-05 4.26e-06
171.7600414 4.975635991e-06 7.251e-06
171.7600408 1.738568042e-05 5.814e-06
171.7600406 1.388497249e-05 4.755e-06
171.7600411 1.669964094e-05 4.681e-06
171.7600414 1.896178897e-05 8.626e-06
171.7600416 1.65942852e-05 7.919e-06
171.76004 8.565272603e-06 3.552e-06
171.7600416 1.397182404e-05 8.982e-06
171.7600414 4.018360969e-06 5.105e-06
171.7600398 1.19255653e-05 2.948e-06
171.7600403 1.315026007e-05 3.695e-06
171.7600408 9.41707882e-06 5.16e-06
171.7600416 1.237350298e-05 5.637e-06
171.7600414 6.606776178e-06 5.179e-06
171.7600406 1.573204407e-05 4.543e-06
171.7628096 2.861250042e-05 5.826e-06
171.7628091 1.350876092e-05 5.702e-06
171.7628088 1.578097314e-05 5.793e-06
171.7628094 2.066238437e-05 6.06e-06
171.7628096 2.426562772e-05 6.5e-06
171.7628099 2.383485781e-05 7.43e-06
171.7628083 1.310722579e-05 4.138e-06
171.7628099 2.685638676e-06 7.578e-06
171.7628096 1.29454806e-05 4.929e-06
171.762808 1.668449835e-05 2.954e-06
171.7628086 1.699488158e-05 3.171e-06
171.7628091 2.449769462e-05 5.629e-06
171.7628094 1.392555963e-05 7.83e-06
171.7628099 1.47096147e-05 6.027e-06
171.7628096 1.175924498e-05 4.976e-06
171.7628088 1.989998325e-05 3.973e-06
171.7655979 1.028904836e-05 5.267e-06
171.7655974 1.405627243e-05 5.174e-06
171.7655972 1.237421749e-05 4.549e-06
171.7655977 1.491908566e-05 5.177e-06
171.7655979 1.551554198e-05 5.753e-06
171.7655982 2.270901734e-05 7.968e-06
171.7655966 2.123434079e-05 3.251e-06
171.7655982 6.594710967e-06 6.517e-06
171.7655979 8.179316122e-06 5.496e-06
171.7655964 9.507190455e-06 3.037e-06
171.7655969 1.834895434e-05 3.18e-06
171.7655974 1.053841654e-05 4.55e-06
171.7655977 1.996833729e-05 6.882e-06
171.7655982 2.47506739e-05 9.358e-06
171.7655979 1.766912475e-05 5.159e-06
171.7655972 1.525424738e-05 3.207e-06
171.7683715 2.401417937e-05 5.322e-06
171.768371 1.4535106e-05 5.215e-06
171.7683707 1.108830361e-05 5.134e-06
171.7683713 1.320916617e-05 3.883e-06
171.7683715 2.132016061e-05 5.817e-06
171.7683718 1.388417763e-05 8.544e-06
171.7683702 2.032569162e-05 3.577e-06
171.7683718 2.144343601e-05 5.199e-06
171.7683715 1.258131078e-05 6.804e-06
171.7683699 1.511425033e-05 3.276e-06
171.7683705 7.867687741e-06 3.649e-06
171.768371 1.720214166e-05 4.523e-06
171.7683713 1.319690111e-05 6.834e-06
171.7683718 2.10785507e-05 1.2003e-05
171.7683715 1.165407283e-05 4.911e-06
171.7683707 1.886434694e-05 3.799e-06
171.7711505 1.018365916e-05 6.232e-06
171.77115 5.482406474e-06 4.948e-06
171.7711497 2.138916608e-05 5.484e-06
171.7711502 1.843419926e-05 4.129e-06
171.7711505 1.720582144e-05 6.046e-06
171.7711507 1.229494884e-05 8.65e-06
171.7711492 1.612027801e-05 3.429e-06
171.7711507 2.521459909e-05 6.71e-06
171.7711505 5.664725099e-06 6.186e-06
171.7711494 1.898346613e-05 3.834e-06
171.7711489 1.628860641e-05 2.794e-06
171.77115 2.218020207e-05 4.521e-06
171.7711502 2.179258471e-05 5.437e-06
171.7711505 1.410407515e-05 4.983e-06
171.7711497 1.658722372e-05 3.956e-06
171.7739242 1.23748718e-05 5.873e-06
171.7739237 1.644955275e-05 4.719e-06
171.7739234 1.530196704e-05 4.935e-06
171.7739239 1.842080031e-05 4.562e-06
171.7739242 1.748166456e-05 5.86e-06
171.7739245 3.131474126e-05 7.154e-06
171.7739229 1.676528768e-05 3.1e-06
171.7739245 2.46270044e-05 8.197e-06
171.7739242 2.125005141e-05 6.765e-06
171.7739231 1.866609493e-05 3.394e-06
171.7739226 2.132876412e-05 2.939e-06
171.7739237 1.852078571e-05 5.346e-06
171.7739239 9.108070853e-06 4.849e-06
171.7739245 1.863928604e-05 9.095e-06
171.7739242 2.039794831e-05 4.061e-06
171.7739234 2.552413788e-05 4.462e-06
171.7767026 5.659236026e-06 5.441e-06
171.7767036 2.539527642e-05 9.305e-06
171.7767031 1.066150197e-05 4.838e-06
171.7767028 1.458974075e-05 5.188e-06
171.7767033 2.182526624e-05 5.567e-06
171.7767036 1.545251078e-05 5.977e-06
171.7767039 2.024892738e-05 6.274e-06
171.7767023 1.495213023e-05 2.847e-06
171.7767039 2.426436353e-05 8.295e-06
171.7767036 7.149343225e-06 6.957e-06
171.776702 1.430854941e-05 3.322e-06
171.7767031 1.863165959e-05 4.119e-06
171.7767033 6.72391486e-06 6.391e-06
171.7767039 1.450711434e-05 8.014e-06
171.7767036 1.792708653e-05 4.577e-06
171.7794878 5.313018585e-06 6.898e-06
171.7794873 1.63990314e-05 4.764e-06
171.779487 1.130457376e-05 5.997e-06
171.7794876 1.93442918e-05 5.851e-06
171.7794878 1.439434039e-05 5.688e-06
171.7794881 9.040431871e-06 4.757e-06
171.7794865 1.787139041e-05 3.279e-06
171.7794878 1.432074039e-05 4.879e-06
171.7794862 2.002078303e-05 3.396e-06
171.7794873 1.370435093e-05 4.447e-06
171.7794876 2.588426637e-05 6.306e-06
171.7794868 1.901061464e-05 3.524e-06
171.7794881 1.007420542e-05 6.904e-06
171.7794878 1.415176702e-05 5.47e-06
171.779487 2.534162947e-05 4.315e-06
171.7822581 2.463855177e-05 5.565e-06
171.7822575 2.091849452e-05 4.902e-06
171.7822573 8.862379187e-06 4.267e-06
171.7822578 1.00129108e-05 4.857e-06
171.7822581 1.032008875e-05 6.508e-06
171.7822583 1.667452478e-05 6.873e-06
171.7822567 1.415530874e-05 3.371e-06
171.7822583 2.004427856e-05 8.292e-06
171.7822581 6.324659439e-06 4.791e-06
171.7822575 1.480588961e-05 4.599e-06
171.7822578 1.436442308e-05 5.642e-06
171.7822565 1.628050163e-05 4.19e-06
171.782257 1.157525496e-05 3.95e-06
171.7822583 1.433192177e-05 8.564e-06
171.7822581 1.419222318e-05 4.957e-06
171.7822573 1.298294346e-05 4.076e-06
171.785035 6.106961346e-06 4.216e-06
171.7850361 1.249970711e-05 5.82e-06
171.7850355 1.78462188e-05 6.057e-06
171.7850353 1.270709869e-05 4.64e-06
171.7850358 1.879947934e-05 4.478e-06
171.7850361 1.564418064e-05 5.56e-06
171.7850363 7.119281549e-06 6.625e-06
171.7850348 1.107124524e-05 3.088e-06
171.7850363 1.651006429e-05 7.557e-06
171.7850361 6.605237979e-06 5.18e-06
171.7850355 6.981512482e-06 4.691e-06
171.7850345 9.888629926e-06 2.961e-06
171.7850358 1.108967578e-05 6.263e-06
171.785035 1.615111656e-05 3.95e-06
171.7850363 -3.840808478e-07 9.887e-06
171.7850361 4.332848946e-06 5.026e-06
171.7878071 4.931210281e-06 3.999e-06
171.7878081 9.057935323e-06 4.872e-06
171.7878076 9.726961066e-06 5.938e-06
171.7878074 2.171508191e-05 4.752e-06
171.7878079 6.760257741e-06 4.69e-06
171.7878081 1.475669108e-05 6.598e-06
171.7878084 1.005944518e-05 7.421e-06
171.7878068 1.022481204e-05 3.91e-06
171.7878084 4.584037602e-06 9.098e-06
171.7878081 1.119631097e-05 6.451e-06
171.7878079 1.619089305e-05 7.098e-06
171.7878066 9.469039261e-06 3.476e-06
171.7878076 1.419423321e-05 4.557e-06
171.7878071 1.238239051e-05 3.67e-06
171.7878084 9.860947464e-06 8.533e-06
171.7878081 1.124079655e-05 5.646e-06
171.7907816 -2.907803072e-06 6.353e-06
171.7907811 1.118119768e-05 5.57e-06
171.7907808 6.442184383e-06 4.602e-06
171.7907813 9.592969094e-06 4.403e-06
171.7907816 1.252535851e-05 6.236e-06
171.7907819 -3.274939406e-06 5.77e-06
171.7907803 7.715546769e-06 3.413e-06
171.7907819 4.423997469e-06 1.1971e-05
171.7907816 5.047048918e-06 5.502e-06
171.7907811 1.780277403e-05 5.925e-06
171.79078 6.507775878e-07 3.39e-06
171.7907813 7.742646734e-06 4.714e-06
171.7907806 9.120479256e-06 3.72e-06
171.7907819 6.540039056e-07 8.131e-06
171.7907816 3.178008516e-06 6.33e-06
171.7907808 5.479280341e-06 3.402e-06
171.7935567 7.403433596e-07 7.682e-06
171.7935561 1.357280404e-05 5.976e-06
171.7935564 4.375672189e-06 4.569e-06
171.7935567 -7.053523717e-06 7.064e-06
171.7935569 -6.347305956e-06 5.083e-06
171.7935553 4.342045931e-07 3.826e-06
171.7935569 1.811165077e-06 1.2257e-05
171.7935567 -3.377408741e-06 5.486e-06
171.7935564 6.170762867e-06 5.793e-06
171.7935561 -1.405415143e-06 5.11e-06
171.7935551 1.346927521e-07 3.457e-06
171.7935556 -6.930269683e-07 3.879e-06
171.7935567 -6.127282687e-06 5.482e-06
171.7935559 1.711364208e-06 4.338e-06
171.7963349 1.017079396e-06 5.753e-06
171.7963344 -9.826180003e-07 4.626e-06
171.7963341 5.090066203e-06 4.226e-06
171.7963346 4.088232295e-06 4.252e-06
171.7963349 6.859405244e-06 7.192e-06
171.7963352 -1.21145627e-05 6.037e-06
171.7963336 -2.492586889e-06 3.444e-06
171.7963352 7.014427365e-06 7.685e-06
171.7963349 -3.991856307e-06 7.297e-06
171.7963344 8.103329551e-06 4.736e-06
171.7963346 -1.616269457e-06 6.627e-06
171.7963333 2.388329147e-06 3.502e-06
171.7963339 2.8239875e-06 3.174e-06
171.7963352 -6.479740167e-06 8.651e-06
171.7963349 4.885053341e-06 5.414e-06
171.7963341 1.363292977e-06 4.491e-06
171.7991135 -2.382394846e-06 8.492e-06
171.799113 -6.549130868e-06 4.853e-06
171.7991127 -1.51141679e-06 4.725e-06
171.7991132 4.145779955e-06 5.136e-06
171.7991135 -5.043842152e-06 5e-06
171.7991137 -1.230419972e-05 9.12e-06
171.7991122 -4.941460858e-06 3.409e-06
171.7991137 -4.592787295e-06 6.574e-06
171.7991135 3.42495745e-06 7.052e-06
171.7991132 5.754498802e-06 6.318e-06
171.799113 -3.214723405e-06 5.765e-06
171.7991119 -7.046387807e-07 3.524e-06
171.7991124 -1.01084853e-05 3.937e-06
171.7991137 -1.025615321e-05 8.377e-06
171.7991135 -8.930556058e-06 5.53e-06
171.7991127 -5.471198282e-06 4.276e-06
171.8018924 -9.926375659e-06 7.416e-06
171.8018919 -9.122062251e-06 4.866e-06
171.8018916 2.356145891e-06 4.243e-06
171.8018922 -7.659175749e-06 4.332e-06
171.8018924 -5.595995255e-06 4.889e-06
171.8018927 2.973787228e-07 8.553e-06
171.8018911 -2.043467147e-06 3.505e-06
171.8018927 -6.392710593e-06 9.186e-06
171.8018924 -4.845340118e-08 5.808e-06
171.8018922 -9.701083806e-06 5.861e-06
171.8018919 -5.223706716e-06 4.866e-06
171.8018908 2.885393331e-07 3.112e-06
171.8018914 3.639058952e-07 3.736e-06
171.8018927 -9.12518282e-06 9.484e-06
171.8018924 -6.880094447e-06 5.593e-06
171.8018916 -3.828225381e-06 3.62e-06
171.8046657 -6.117135144e-06 6.456e-06
171.8046652 -2.408202002e-06 5.215e-06
171.8046649 -7.096284778e-07 4.591e-06
171.8046654 -2.132482978e-06 4.844e-06
171.8046657 -4.271795034e-06 5.975e-06
171.804666 -4.081197276e-06 1.1545e-05
171.8046644 -3.2057055e-07 3.505e-06
171.804666 -1.942248733e-05 7.573e-06
171.8046657 -6.632135211e-06 5.302e-06
171.8046652 -5.650829026e-06 4.976e-06
171.8046654 -2.774927889e-06 5.401e-06
171.8046646 -6.159357025e-06 4.048e-06
171.8046641 -8.032116793e-06 2.935e-06
171.804666 -1.579906108e-05 8.177e-06
171.8046657 -1.701708254e-06 6.154e-06
171.8046649 -5.867613409e-06 3.993e-06
171.8074452 -1.157188426e-05 5.621e-06
171.8074446 -7.675487956e-06 5.588e-06
171.8074444 -8.584647982e-06 4.742e-06
171.8074449 -7.439627872e-06 5.285e-06
171.8074452 -2.863726948e-06 5.846e-06
171.8074454 -1.214636899e-05 1.3145e-05
171.8074439 -1.55255306e-05 3.476e-06
171.8074454 -4.25610821e-06 6.399e-06
171.8074452 -1.09413391e-05 4.75e-06
171.8074446 -8.249827671e-06 4.789e-06
171.8074449 -4.913147393e-06 5.771e-06
171.8074441 -1.174116724e-05 4.112e-06
171.8074436 -8.253150313e-06 3.674e-06
171.8074452 2.13548571e-06 5.476e-06
171.8074444 -1.324847067e-05 4.084e-06
171.8095273 -1.648235486e-05 8.279e-06
171.8095267 -2.122633867e-05 8.732e-06
171.8095265 -1.92289892e-05 7.214e-06
171.809527 -2.344646956e-05 7.263e-06
171.8095273 -3.060155881e-06 8.542e-06
171.809526 -3.63320079e-06 4.549e-06
171.8095275 -1.115794221e-05 9.64e-06
171.8095273 -7.787934873e-06 5.812e-06
171.809527 -1.105724372e-05 7.312e-06
171.8095267 -1.459725055e-05 8.293e-06
171.8095262 -2.37264698e-06 5.728e-06
171.8095257 -1.107264024e-05 4.168e-06
171.8095275 -1.63741028e-05 1.2767e-05
171.8095273 -1.532221835e-05 7.104e-06
171.8095265 -2.473509924e-06 5.612e-06
