568.6250785 5.305967835e-05 3.965e-06
568.6250788 5.935021124e-05 9.034e-06
568.6250788 5.856707422e-05 5.345e-06
568.6250785 5.255610162e-05 3.336e-06
568.6250788 4.685960543e-05 4.626e-06
568.6250785 5.512830159e-05 4.307e-06
568.6250788 5.156609933e-05 4.715e-06
568.6278066 2.356943083e-05 2.943e-06
568.6278092 1.975986744e-05 5.282e-06
568.6278058 1.917533309e-05 2.406e-06
568.6278089 2.096122187e-05 3.812e-06
568.6278076 1.924495908e-05 3.481e-06
568.6278068 1.852771723e-05 2.973e-06
568.6278095 3.183473619e-05 4.561e-06
568.6278084 2.042943741e-05 3.976e-06
568.6278055 2.410424072e-05 2.678e-06
568.6278071 2.353826761e-05 2.795e-06
568.6278087 2.130237398e-05 4.185e-06
568.6278097 2.656130567e-05 5.113e-06
568.6278092 1.984335148e-05 4.742e-06
568.6278095 2.231479372e-05 3.846e-06
568.6278079 2.374634986e-05 3.71e-06
568.6278089 2.48662489e-05 4.221e-06
568.6278074 2.237940014e-05 3.235e-06
568.6278053 2.298834296e-05 2.747e-06
568.6278097 1.58851705e-05 4.581e-06
568.6278095 1.781739821e-05 5.633e-06
568.6278092 2.650028246e-05 3.99e-06
568.6278084 2.247049917e-05 4.184e-06
568.6278087 1.778253986e-05 3.522e-06
568.6278076 2.048187312e-05 3.018e-06
568.6278097 2.585537447e-05 5.603e-06
568.6278082 2.073889495e-05 3.277e-06
568.6278089 2.48432294e-05 3.669e-06
568.6278063 2.030122094e-05 2.413e-06
568.6305833 -6.10422248e-06 2.678e-06
568.6305859 7.545324242e-07 5.784e-06
568.6305825 -8.34574984e-06 2.156e-06
568.6305857 -9.298833635e-06 3.381e-06
568.6305844 -9.494939758e-06 2.75e-06
568.6305836 -7.070182282e-06 2.356e-06
568.6305862 -1.128299133e-05 4.24e-06
568.6305865 -1.174113771e-05 7.271e-06
568.6305852 -7.861468047e-06 2.586e-06
568.6305823 -9.910291315e-06 2.066e-06
568.6305849 -8.286809723e-06 3.629e-06
568.6305838 -3.050098777e-06 2.576e-06
568.6305854 -3.939246343e-06 2.798e-06
568.6305865 -5.508813484e-06 3.621e-06
568.6305859 -5.410255834e-06 4.453e-06
568.6305862 -1.002774686e-05 3.872e-06
568.6305846 -7.647480121e-06 2.564e-06
568.6305857 -6.921881403e-06 4.324e-06
568.6305841 -1.079049749e-06 2.738e-06
568.630582 -5.644899986e-06 2.22e-06
568.6305865 -4.727240361e-06 4.8e-06
568.6305862 -7.824545682e-06 5.106e-06
568.6305859 -1.474762081e-06 3.405e-06
568.6305852 2.422080994e-06 2.941e-06
568.6305854 -5.739381639e-06 3.796e-06
568.6305844 -8.236932601e-06 2.635e-06
568.6305865 -8.870867219e-06 3.298e-06
568.6305849 -8.808984018e-06 2.819e-06
568.6305857 -5.020135428e-06 3.181e-06
568.6305817 -1.177688353e-05 2.051e-06
568.6305833 -6.300076188e-06 2.476e-06
568.6305831 -5.146796213e-06 2.33e-06
568.6333627 -3.214535695e-05 4.049e-06
568.6333601 -3.411442474e-05 2.502e-06
568.6333593 -3.33456525e-05 2.191e-06
568.6333625 -3.227297305e-05 2.591e-06
568.6333612 -2.892095037e-05 3.082e-06
568.6333604 -3.733715146e-05 2.222e-06
568.633363 -3.890504177e-05 4.702e-06
568.6333633 -3.787283917e-05 5.843e-06
568.6333619 -3.572337798e-05 3.518e-06
568.6333591 -3.503529086e-05 2.048e-06
568.6333617 -3.388219996e-05 2.364e-06
568.6333606 -3.116283003e-05 2.849e-06
568.6333622 -3.594953356e-05 2.982e-06
568.6333633 -3.131003523e-05 2.956e-06
568.6333627 -3.423931353e-05 5.801e-06
568.633363 -3.119946573e-05 3.42e-06
568.6333614 -3.536951744e-05 2.115e-06
568.6333625 -2.857385454e-05 3.899e-06
568.6333609 -3.637443724e-05 2.639e-06
568.6333588 -3.551273251e-05 1.898e-06
568.6333633 -3.626061538e-05 4.606e-06
568.633363 -2.605177127e-05 3.988e-06
568.6333627 -3.352669283e-05 3.419e-06
568.6333619 -4.046210586e-05 2.914e-06
568.6333622 -3.841960394e-05 3.193e-06
568.6333612 -2.635508623e-05 3.024e-06
568.6333633 -2.199776187e-05 5.173e-06
568.6333617 -3.449104388e-05 2.725e-06
568.6333625 -3.860980133e-05 3.489e-06
568.6333585 -3.472516807e-05 2.309e-06
568.6333601 -3.719610198e-05 2.502e-06
568.6333598 -4.047289387e-05 2.455e-06
568.6361446 -6.972345962e-05 3.996e-06
568.636142 -5.878157876e-05 2.438e-06
568.6361443 -6.141397902e-05 3.147e-06
568.6361412 -5.919964377e-05 2.115e-06
568.636143 -5.769002165e-05 2.912e-06
568.6361451 -7.164441089e-05 1.0944e-05
568.6361422 -5.311931178e-05 2.55e-06
568.6361449 -5.104227432e-05 5.179e-06
568.6361438 -5.801351339e-05 4.672e-06
568.6361409 -5.928996496e-05 2.021e-06
568.6361435 -6.064461986e-05 3.012e-06
568.6361425 -5.770302269e-05 2.545e-06
568.6361441 -5.64479674e-05 3.023e-06
568.6361451 -6.181298564e-05 5.045e-06
568.6361446 -4.827218453e-05 3.77e-06
568.6361449 -6.826415757e-05 3.798e-06
568.6361433 -5.82694242e-05 1.999e-06
568.6361443 -5.318181894e-05 3.694e-06
568.6361428 -5.641385633e-05 2.353e-06
568.6361407 -6.085579618e-05 2.161e-06
568.6361451 -5.432671889e-05 5.336e-06
568.6361449 -6.177006156e-05 4.257e-06
568.6361446 -6.108442042e-05 4.903e-06
568.6361438 -6.128052133e-05 3.275e-06
568.6361441 -6.308331927e-05 3.131e-06
568.636143 -5.725642686e-05 2.459e-06
568.6361451 -5.869767426e-05 5.609e-06
568.6361435 -6.179984909e-05 2.473e-06
568.6361443 -6.305623478e-05 3.949e-06
568.6361404 -5.900322852e-05 2.235e-06
568.636142 -5.88251839e-05 2.361e-06
568.6361417 -5.835110033e-05 2.502e-06
568.638915 -7.721546157e-05 3.26e-06
568.6389124 -8.131563249e-05 2.54e-06
568.6389148 -7.86114438e-05 3.042e-06
568.6389116 -8.192777139e-05 2.13e-06
568.6389134 -8.067307672e-05 2.718e-06
568.6389155 -7.062668475e-05 5.356e-06
568.6389127 -8.920815768e-05 2.341e-06
568.6389153 -7.848070986e-05 6.119e-06
568.6389142 -7.91523304e-05 4.147e-06
568.6389113 -8.228217537e-05 2.476e-06
568.638914 -8.64712296e-05 3.249e-06
568.6389129 -8.116672863e-05 2.569e-06
568.6389145 -8.212351875e-05 3.447e-06
568.6389155 -8.108964455e-05 6.785e-06
568.638915 -8.204246447e-05 4.455e-06
568.6389153 -8.806684231e-05 3.67e-06
568.6389137 -8.508331788e-05 2.768e-06
568.6389148 -8.600228326e-05 3.885e-06
568.6389132 -8.284260798e-05 2.943e-06
568.6389111 -8.241487571e-05 2.14e-06
568.6389155 -8.184669504e-05 3.162e-06
568.6389153 -8.522844049e-05 3.514e-06
568.638915 -8.460445838e-05 3.949e-06
568.6389142 -8.149012673e-05 2.461e-06
568.6389145 -8.407956513e-05 3.542e-06
568.6389134 -8.338033813e-05 2.404e-06
568.638914 -7.935802675e-05 3.132e-06
568.6389148 -8.136139504e-05 2.828e-06
568.6389108 -8.248035366e-05 2.315e-06
568.6389124 -8.279932837e-05 2.64e-06
568.6417074 -0.000104673774 3.926e-06
568.6417048 -9.987880689e-05 2.311e-06
568.6417072 -9.753972941e-05 3.507e-06
568.641704 -0.0001064000521 2.206e-06
568.6417058 -9.750843971e-05 3.366e-06
568.6417079 -9.798271563e-05 7.197e-06
568.6417051 -0.000106735697 2.498e-06
568.6417077 -9.547243471e-05 4.875e-06
568.6417066 -9.861768558e-05 3.215e-06
568.6417037 -0.0001059614974 2.296e-06
568.6417064 -0.0001009946489 3.052e-06
568.6417053 -0.0001039482846 2.375e-06
568.6417069 -0.0001053667053 3.78e-06
568.6417079 -9.66026649e-05 3.855e-06
568.6417074 -9.919073707e-05 4.356e-06
568.6417077 -9.726991006e-05 4.59e-06
568.6417061 -9.798540875e-05 2.49e-06
568.6417072 -0.0001009903169 3.139e-06
568.6417056 -0.0001042924038 2.441e-06
568.6417035 -0.0001037151037 2.564e-06
568.6417079 -0.0001021228678 4.123e-06
568.6417077 -9.907875019e-05 4.934e-06
568.6417074 -9.70695196e-05 2.663e-06
568.6417066 -0.0001028705637 2.319e-06
568.6417069 -0.0001026496058 3.143e-06
568.6417058 -0.0001024023517 2.675e-06
568.6417079 -0.0001078611513 5.592e-06
568.6417064 -9.626475794e-05 2.96e-06
568.6417072 -0.000105278518 3.306e-06
568.6417032 -0.0001034339713 2.087e-06
568.6417048 -0.0001045841251 2.173e-06
568.6417045 -9.99514287e-05 2.146e-06
568.6444738 -0.0001181645358 5.799e-06
568.6444712 -0.0001241749271 2.543e-06
568.6444735 -0.0001208332969 3.464e-06
568.6444704 -0.0001204535769 1.822e-06
568.6444722 -0.0001166952067 2.649e-06
568.6444743 -0.0001176763007 6.362e-06
568.6444741 -0.0001092652629 6.426e-06
568.6444714 -0.0001172044647 2.322e-06
568.644473 -0.0001202649414 3.55e-06
568.6444701 -0.0001166414156 2.074e-06
568.6444727 -0.0001130344189 3.366e-06
568.6444717 -0.0001208716374 2.278e-06
568.6444733 -0.0001107991563 4.039e-06
568.6444743 -0.0001141295416 4.591e-06
568.6444738 -0.0001178017502 4.128e-06
568.6444741 -0.0001189173258 4.661e-06
568.6444725 -0.0001203311096 3.116e-06
568.6444735 -0.000115511008 3.541e-06
568.644472 -0.0001152717742 3.109e-06
568.6444699 -0.0001206733481 1.728e-06
568.6444743 -0.0001197823617 4.092e-06
568.6444741 -0.0001162930435 4.252e-06
568.6444738 -0.0001185027466 3.951e-06
568.644473 -0.0001185655935 3.154e-06
568.6444733 -0.0001148592216 3.203e-06
568.6444722 -0.0001247259462 2.733e-06
568.6444743 -0.0001199476273 2.915e-06
568.6444727 -0.000114292649 2.957e-06
568.6444735 -0.0001190715904 3.303e-06
568.6444696 -0.000117952862 2.409e-06
568.6444712 -0.0001191976075 1.94e-06
568.6444709 -0.0001181936689 2.096e-06
568.6472518 -0.0001294102074 3.68e-06
568.6472491 -0.0001264153593 2.241e-06
568.6472515 -0.0001224961397 4.211e-06
568.6472483 -0.0001287015216 2.251e-06
568.6472502 -0.0001283169911 2.734e-06
568.6472523 -0.0001304006202 5.78e-06
568.6472494 -0.0001288033455 2.226e-06
568.647251 -0.0001282640907 3.431e-06
568.6472481 -0.0001332915219 1.825e-06
568.6472507 -0.0001328696068 3.565e-06
568.6472497 -0.0001277486189 2.697e-06
568.6472512 -0.0001297365497 3.629e-06
568.6472523 -0.000124517891 4.748e-06
568.6472518 -0.0001405677008 4.859e-06
568.647252 -0.0001201066176 4.892e-06
568.6472504 -0.0001293121565 2.386e-06
568.6472515 -0.00012898284 3.959e-06
568.6472499 -0.0001306960616 2.573e-06
568.6472478 -0.0001305974787 2.016e-06
568.6472523 -0.0001310881521 4.168e-06
568.647252 -0.0001265367918 3.322e-06
568.6472518 -0.000122836567 3.351e-06
568.647251 -0.0001244755997 3.097e-06
568.6472512 -0.0001314507713 3.538e-06
568.6472502 -0.0001286647507 2.537e-06
568.6472523 -0.0001276074835 4.158e-06
568.6472507 -0.0001237811606 2.666e-06
568.6472515 -0.0001257218254 3.41e-06
568.6472476 -0.0001325264725 2.11e-06
568.6472491 -0.0001328612006 2.415e-06
568.6472489 -0.0001277969858 2.267e-06
568.6500303 -0.0001417894918 4.778e-06
568.6500277 -0.0001391101944 2.149e-06
568.65003 -0.0001422550164 4.551e-06
568.6500269 -0.0001397479425 2.313e-06
568.6500287 -0.000134327628 2.759e-06
568.6500308 -0.0001437070596 7.663e-06
568.6500306 -0.0001404246279 4.92e-06
568.6500279 -0.0001386415084 2.18e-06
568.6500295 -0.0001356870478 3.813e-06
568.6500266 -0.0001387332848 2.088e-06
568.6500293 -0.0001400294707 3.363e-06
568.6500282 -0.0001451528749 2.457e-06
568.6500298 -0.0001469223608 3.039e-06
568.6500308 -0.00013537021 4.359e-06
568.6500303 -0.0001389218564 3.763e-06
568.6500306 -0.0001302339844 4.354e-06
568.650029 -0.0001409013909 2.53e-06
568.65003 -0.0001392306965 3.317e-06
568.6500285 -0.0001426455681 2.456e-06
568.6500264 -0.0001410786509 2.067e-06
568.6500308 -0.000146156255 5.006e-06
568.6500306 -0.0001411020584 3.483e-06
568.6500303 -0.0001367427116 2.934e-06
568.6500295 -0.0001399070863 2.878e-06
568.6500298 -0.0001348014247 2.691e-06
568.6500287 -0.0001351605141 2.36e-06
568.6500308 -0.000137177613 2.766e-06
568.6500293 -0.0001395179416 3.049e-06
568.65003 -0.0001373188371 3.809e-06
568.6500261 -0.0001412942428 1.934e-06
568.6500277 -0.0001407784244 2.416e-06
568.6500274 -0.0001402297969 2.793e-06
568.6528077 -0.0001470832167 4.121e-06
568.6528051 -0.0001451813378 2.217e-06
568.6528074 -0.0001420403445 3.283e-06
568.6528043 -0.0001476698589 2.197e-06
568.6528061 -0.0001442723993 2.335e-06
568.652808 -0.0001388488961 5.303e-06
568.6528053 -0.0001441644266 2.64e-06
568.6528069 -0.0001395987658 3.071e-06
568.652804 -0.0001448848615 2.049e-06
568.6528067 -0.0001449433576 3.175e-06
568.6528056 -0.0001472843833 2.83e-06
568.6528072 -0.0001464458133 3.879e-06
568.6528082 -0.0001410878514 5.245e-06
568.6528077 -0.0001476257932 4.838e-06
568.652808 -0.0001461454122 3.704e-06
568.6528064 -0.0001479652086 3.436e-06
568.6528074 -0.000151483202 4.129e-06
568.6528059 -0.0001452197084 2.467e-06
568.6528038 -0.0001447239086 1.981e-06
568.6528082 -0.0001312587999 5.1e-06
568.652808 -0.0001466074932 4.424e-06
568.6528077 -0.0001478506889 2.9e-06
568.6528069 -0.0001440607349 2.818e-06
568.6528072 -0.00014344198 2.714e-06
568.6528061 -0.0001436809726 2.672e-06
568.6528082 -0.0001459323276 3.042e-06
568.6528067 -0.0001456742689 2.396e-06
568.6528074 -0.0001396374622 3.818e-06
568.6528035 -0.0001461006184 2.52e-06
568.6528048 -0.0001423992457 2.58e-06
568.6555871 -0.0001457138501 5.325e-06
568.6555845 -0.0001501560234 2.088e-06
568.6555869 -0.0001481101102 3.166e-06
568.6555837 -0.0001499083717 2.469e-06
568.6555856 -0.000148726348 3.029e-06
568.6555877 -0.0001430397328 6.699e-06
568.6555874 -0.0001519970649 3.577e-06
568.6555848 -0.0001460011436 2.507e-06
568.6555863 -0.0001447537508 2.729e-06
568.6555835 -0.0001516575722 1.776e-06
568.6555861 -0.000145873433 2.623e-06
568.655585 -0.0001494845088 2.497e-06
568.6555866 -0.000150045512 3.101e-06
568.6555877 -0.0001585064057 6.638e-06
568.6555871 -0.000158546878 6.45e-06
568.6555874 -0.0001507859323 3.922e-06
568.6555858 -0.0001489072072 3.92e-06
568.6555869 -0.0001484225714 4.178e-06
568.6555853 -0.0001489369089 2.231e-06
568.6555832 -0.000146623876 2.264e-06
568.6555877 -0.0001583383465 6.055e-06
568.6555874 -0.0001449278236 4.563e-06
568.6555871 -0.0001515188066 3.28e-06
568.6555863 -0.0001460696516 3.049e-06
568.6555866 -0.000146902159 3.39e-06
568.6555856 -0.0001473769583 2.99e-06
568.6555877 -0.0001511455955 3.187e-06
568.6555861 -0.0001499904234 2.384e-06
568.6555869 -0.0001454448198 3.94e-06
568.6555829 -0.000149837985 1.889e-06
568.6555845 -0.0001447996344 2.517e-06
568.6555842 -0.0001472530284 2.215e-06
568.6583629 -0.0001464836037 6.976e-06
568.6583603 -0.0001474498419 2.35e-06
568.6583626 -0.0001455028655 6e-06
568.6583595 -0.0001490020691 1.928e-06
568.6583634 -0.0001368378704 7.858e-06
568.6583613 -0.0001448531898 2.823e-06
568.6583631 -0.0001457312725 2.647e-06
568.6583605 -0.0001521873659 2.479e-06
568.6583621 -0.0001497866868 3.417e-06
568.6583592 -0.0001490434532 2.256e-06
568.6583618 -0.0001475159992 2.928e-06
568.6583608 -0.0001461836885 2.421e-06
568.6583624 -0.0001442705454 2.734e-06
568.6583634 -0.0001437912142 5.289e-06
568.6583629 -0.0001421396073 6.014e-06
568.6583631 -0.0001430789123 3.338e-06
568.6583616 -0.0001471631164 2.607e-06
568.6583626 -0.0001461683367 3.017e-06
568.658361 -0.0001447888877 2.673e-06
568.6583589 -0.0001471367033 2.004e-06
568.6583634 -0.0001430157529 7.342e-06
568.6583631 -0.0001562688204 4.75e-06
568.6583629 -0.0001423377739 4.094e-06
568.6583621 -0.0001442751971 2.71e-06
568.6583624 -0.0001448641235 3.373e-06
568.6583613 -0.0001477811399 2.612e-06
568.6583634 -0.0001440032063 4.05e-06
568.6583618 -0.0001502740483 2.578e-06
568.6583626 -0.0001436302679 4.715e-06
568.6583587 -0.0001454671823 1.786e-06
568.6583603 -0.0001498041842 2.322e-06
568.65836 -0.0001477049311 2.153e-06
568.6611426 -0.0001347775089 6.841e-06
568.66114 -0.0001366538905 2.301e-06
568.6611424 -0.0001373477797 6.004e-06
568.6611392 -0.0001413177619 2.113e-06
568.6611411 -0.0001416549653 2.661e-06
568.6611432 -0.0001332176376 9.951e-06
568.6611429 -0.0001426849491 2.266e-06
568.6611403 -0.0001432691865 2.631e-06
568.6611418 -0.0001336152926 2.95e-06
568.661139 -0.000142429234 1.94e-06
568.6611416 -0.0001407456692 2.793e-06
568.6611405 -0.0001424570823 2.887e-06
568.6611421 -0.0001414226221 4.193e-06
568.6611432 -0.0001406948954 3.116e-06
568.6611426 -0.0001404885265 3.93e-06
568.6611429 -0.0001421307141 4.711e-06
568.6611413 -0.0001392566104 2.926e-06
568.6611424 -0.0001402476826 3.697e-06
568.6611408 -0.0001403117064 2.81e-06
568.6611387 -0.0001430771901 2.103e-06
568.6611432 -0.0001413428343 6.112e-06
568.6611429 -0.0001400523325 4.82e-06
568.6611426 -0.0001435776804 3.362e-06
568.6611418 -0.0001401856205 3.245e-06
568.6611421 -0.0001451468114 3.315e-06
568.6611411 -0.0001436365707 3.135e-06
568.6611432 -0.0001416005966 4.116e-06
568.6611416 -0.0001389444052 2.816e-06
568.6611424 -0.0001376602282 4.465e-06
568.6611384 -0.0001432760697 2.011e-06
568.66114 -0.0001420884052 2.665e-06
568.6611397 -0.000137442206 2.22e-06
568.6639186 -0.0001293046446 5.897e-06
568.6639159 -0.0001267375925 2.278e-06
568.6639183 -0.0001295916675 3.772e-06
568.6639151 -0.0001296231763 2.121e-06
568.663917 -0.0001298250887 3.098e-06
568.6639191 -0.0001379641875 7.997e-06
568.6639188 -0.0001309971063 2.882e-06
568.6639162 -0.0001370748706 2.272e-06
568.6639178 -0.000131149791 2.844e-06
568.6639149 -0.0001330445148 1.998e-06
568.6639175 -0.0001305524402 3.091e-06
568.6639165 -0.0001306364594 2.922e-06
568.663918 -0.0001275004006 4.131e-06
568.6639191 -0.0001273261184 2.909e-06
568.6639186 -0.0001285977543 3.338e-06
568.6639188 -0.0001391117523 6.372e-06
568.6639172 -0.0001330233264 3.332e-06
568.6639183 -0.0001293277741 3.415e-06
568.6639167 -0.0001351708002 2.201e-06
568.6639146 -0.000131141726 2.293e-06
568.6639191 -0.0001310986576 5.008e-06
568.6639188 -0.0001284632379 5.18e-06
568.6639186 -0.0001300480929 3.431e-06
568.6639178 -0.0001341401736 2.204e-06
568.663918 -0.0001288954415 3.081e-06
568.663917 -0.0001366473023 2.796e-06
568.6639191 -0.0001310946639 5.283e-06
568.6639175 -0.0001311868289 2.863e-06
568.6639183 -0.0001336754106 4.2e-06
568.6639144 -0.0001349906545 2.096e-06
568.6639159 -0.000128306207 2.461e-06
568.6639157 -0.0001329006969 1.835e-06
568.6666965 -0.0001166615304 5.446e-06
568.6666939 -0.0001213088969 2.314e-06
568.6666962 -0.0001231913889 4.32e-06
568.6666931 -0.0001185669409 2.056e-06
568.6666949 -0.000117581411 3.162e-06
568.666697 -0.0001253657041 4.992e-06
568.6666967 -0.0001179310495 4.529e-06
568.6666941 -0.0001236106935 2.235e-06
568.6666957 -0.0001194478028 3.077e-06
568.6666928 -0.0001208119129 2.216e-06
568.6666954 -0.000117924312 2.752e-06
568.6666944 -0.0001199916055 2.465e-06
568.666696 -0.0001203220693 2.99e-06
568.666697 -0.0001190600483 3.81e-06
568.6666965 -0.0001209971871 4.6e-06
568.6666967 -0.0001183005971 3.604e-06
568.6666952 -0.0001183842013 2.924e-06
568.6666962 -0.000121555918 2.893e-06
568.6666946 -0.0001209055615 3.072e-06
568.6666925 -0.0001182523228 2.402e-06
568.666697 -0.0001213489089 3.746e-06
568.6666967 -0.0001184050412 5.298e-06
568.6666965 -0.000106606026 5.051e-06
568.6666957 -0.0001185087279 2.873e-06
568.666696 -0.0001234191426 3.42e-06
568.6666949 -0.0001194153257 2.553e-06
568.666697 -0.0001218167568 5.122e-06
568.6666954 -0.0001157736861 3.048e-06
568.6666962 -0.0001183719104 2.893e-06
568.6666923 -0.0001238776326 2.296e-06
568.6666939 -0.0001188738144 2.654e-06
568.6666936 -0.0001191614807 2.297e-06
568.6694731 -0.0001028358826 2.054e-06
568.6694757 -0.0001042957203 6.334e-06
568.6694754 -0.0001004628842 4.403e-06
568.6694723 -0.0001036421593 2.351e-06
568.6694741 -0.0001048386956 2.289e-06
568.6694762 -9.672193349e-05 4.2e-06
568.6694759 -0.0001044683319 3.645e-06
568.6694733 -0.0001051743193 2.469e-06
568.6694749 -0.0001050056491 2.821e-06
568.669472 -0.0001093598643 1.936e-06
568.6694746 -0.0001037308694 2.885e-06
568.6694736 -0.0001043209514 2.204e-06
568.6694752 -0.0001047955175 3.489e-06
568.6694762 -9.759857064e-05 4.435e-06
568.6694757 -9.312827217e-05 4.644e-06
568.6694759 -9.548817648e-05 4.197e-06
568.6694744 -0.0001038256247 3.104e-06
568.6694754 -0.0001026019526 3.439e-06
568.6694738 -0.0001003184745 2.47e-06
568.6694717 -0.0001037813237 1.943e-06
568.6694762 -0.0001099882117 3.26e-06
568.6694759 -0.0001107411714 4.38e-06
568.6694757 -0.0001010484155 3.37e-06
568.6694749 -0.0001075415694 2.86e-06
568.6694752 -0.0001069950966 3.418e-06
568.6694741 -0.0001057184044 2.518e-06
568.6694762 -0.0001087660186 4.364e-06
568.6694746 -0.0001062259374 2.478e-06
568.6694754 -0.0001056259515 2.804e-06
568.6694715 -0.0001039002156 2.13e-06
568.6694731 -0.0001068225241 2.261e-06
568.6694728 -0.0001048599569 2.113e-06
568.6722499 -8.43653666e-05 2.35e-06
568.6722525 -7.393932475e-05 6.829e-06
568.6722523 -8.685071667e-05 3.307e-06
568.6722491 -8.540597449e-05 2.366e-06
568.672251 -8.41937135e-05 3.106e-06
568.6722531 -8.090472496e-05 7.066e-06
568.6722528 -8.648939007e-05 3.405e-06
568.6722502 -8.685235289e-05 2.453e-06
568.6722517 -8.200476523e-05 3.537e-06
568.6722489 -8.434413677e-05 2.252e-06
568.6722515 -8.511768266e-05 2.917e-06
568.6722504 -8.592862576e-05 2.092e-06
568.672252 -8.830679512e-05 3.795e-06
568.6722531 -8.631723941e-05 8.471e-06
568.6722525 -8.171457407e-05 4.573e-06
568.6722528 -7.795553499e-05 4.841e-06
568.6722512 -8.920137346e-05 3.081e-06
568.6722523 -8.648431311e-05 4.063e-06
568.6722507 -8.375114456e-05 2.507e-06
568.6722486 -8.549171928e-05 2.048e-06
568.6722531 -8.197352996e-05 4.24e-06
568.6722528 -8.504281778e-05 5.707e-06
568.6722525 -8.409051532e-05 3.209e-06
568.6722517 -8.853583972e-05 3.169e-06
568.672252 -8.44514188e-05 2.699e-06
568.672251 -8.8937611e-05 2.792e-06
568.6722531 -8.622540817e-05 3.595e-06
568.6722515 -8.223375178e-05 2.363e-06
568.6722523 -8.752516949e-05 2.686e-06
568.6722483 -8.844884158e-05 2.296e-06
568.6722499 -8.741576101e-05 2.078e-06
568.6722496 -8.810994763e-05 2.336e-06
568.6750321 -6.77834289e-05 4.396e-06
568.6750294 -6.430556977e-05 2.596e-06
568.6750318 -6.305453065e-05 4.159e-06
568.6750287 -6.623785337e-05 1.863e-06
568.6750305 -5.948966777e-05 3.129e-06
568.6750326 -5.839567566e-05 6.064e-06
568.6750323 -6.580761467e-05 3.549e-06
568.6750297 -6.709602211e-05 2.331e-06
568.6750313 -5.854879189e-05 2.868e-06
568.6750284 -6.489431387e-05 2.488e-06
568.675031 -5.942482421e-05 2.578e-06
568.67503 -6.575240922e-05 2.604e-06
568.6750326 -6.325874774e-05 5.955e-06
568.6750321 -6.501716505e-05 4.021e-06
568.6750323 -6.56970624e-05 4.076e-06
568.6750308 -6.142048217e-05 3.249e-06
568.6750318 -6.61585932e-05 4.525e-06
568.6750302 -6.675432412e-05 2.558e-06
568.6750281 -6.379181632e-05 2.433e-06
568.6750326 -6.697576116e-05 3.429e-06
568.6750323 -6.37568698e-05 6.231e-06
568.6750321 -5.844145368e-05 2.709e-06
568.6750313 -6.71743272e-05 2.254e-06
568.6750315 -6.357315745e-05 3.615e-06
568.6750305 -6.478328011e-05 2.693e-06
568.6750326 -6.810892206e-05 4.267e-06
568.675031 -6.611108819e-05 3.207e-06
568.6750318 -6.385941272e-05 2.886e-06
568.6750279 -6.48745459e-05 2.153e-06
568.6750294 -6.598166547e-05 2.114e-06
568.6750292 -6.537766846e-05 2.297e-06
568.6778093 -4.61789823e-05 4.131e-06
568.6778067 -4.279744092e-05 2.326e-06
568.6778091 -3.133409045e-05 3.734e-06
568.6778059 -4.248143357e-05 2.282e-06
568.6778078 -4.628229017e-05 2.614e-06
568.6778099 -3.434100559e-05 5.664e-06
568.6778096 -4.130256793e-05 3.185e-06
568.677807 -4.242349067e-05 2.573e-06
568.6778086 -3.801249451e-05 2.86e-06
568.6778057 -4.309153128e-05 2.033e-06
568.6778083 -4.213544451e-05 3.333e-06
568.6778072 -4.576235865e-05 2.395e-06
568.6778088 -4.326062235e-05 2.473e-06
568.6778099 -4.180347243e-05 3.919e-06
568.6778093 -4.059226455e-05 3.367e-06
568.6778096 -4.605104765e-05 4.846e-06
568.677808 -4.315139429e-05 2.266e-06
568.6778091 -4.067292103e-05 3.131e-06
568.6778075 -4.571819091e-05 2.298e-06
568.6778054 -4.204204744e-05 2.371e-06
568.6778099 -4.883576663e-05 3.865e-06
568.6778096 -4.09236721e-05 3.355e-06
568.6778093 -3.957624647e-05 4.062e-06
568.6778086 -4.245300647e-05 2.833e-06
568.6778088 -4.297015602e-05 3.348e-06
568.6778078 -3.891838457e-05 2.469e-06
568.6778099 -4.133031321e-05 3.128e-06
568.6778083 -4.770711725e-05 2.791e-06
568.6778091 -3.55538356e-05 2.575e-06
568.6778051 -4.582763873e-05 2.251e-06
568.6778067 -3.968644164e-05 2.195e-06
568.6778065 -3.707406068e-05 2.249e-06
568.6805828 -1.341451083e-05 2.29e-06
568.6805855 -1.574302565e-05 3.754e-06
568.680582 -1.49919813e-05 2.252e-06
568.6805852 -1.304018192e-05 3.333e-06
568.6805839 -1.556444102e-05 2.703e-06
568.680586 -9.127608431e-06 5.237e-06
568.6805831 -1.258809675e-05 2.659e-06
568.6805857 -1.881798582e-05 3.614e-06
568.6805847 -1.520459979e-05 3.385e-06
568.6805818 -1.674167456e-05 2.041e-06
568.6805844 -1.770581186e-05 3.812e-06
568.6805834 -1.83932246e-05 2.3e-06
568.6805849 -1.175939494e-05 2.864e-06
568.680586 -1.102394786e-05 3.285e-06
568.6805855 -1.627045179e-05 2.928e-06
568.6805857 -1.689831435e-05 3.636e-06
568.6805841 -1.326824013e-05 2.709e-06
568.6805852 -1.280102884e-05 4.221e-06
568.6805836 -1.718220416e-05 2.428e-06
568.6805815 -1.742211873e-05 2.198e-06
568.680586 -1.676055118e-05 4.098e-06
568.6805857 -9.211646488e-06 4.603e-06
568.6805855 -1.670547091e-05 3.698e-06
568.6805847 -1.602950903e-05 3.525e-06
568.6805849 -1.042148855e-05 3.864e-06
568.6805839 -1.537563595e-05 2.477e-06
568.680586 -1.925277774e-05 3.438e-06
568.6805844 -1.34320635e-05 2.527e-06
568.6805852 -1.37174241e-05 2.615e-06
568.6805813 -1.679815167e-05 2.219e-06
568.6805828 -1.482579041e-05 2.186e-06
568.6805826 -1.529243281e-05 2.232e-06
568.6833594 1.711156382e-05 2.391e-06
568.683362 1.493043685e-05 5.153e-06
568.6833586 7.432994392e-06 1.727e-06
568.6833617 1.778170532e-05 3.841e-06
568.6833604 1.46715777e-05 2.258e-06
568.6833625 7.235333858e-06 4.868e-06
568.6833596 1.301392215e-05 2.564e-06
568.6833623 1.479286374e-05 2.584e-06
568.6833612 1.205633488e-05 2.378e-06
568.6833583 1.240708214e-05 2.099e-06
568.683361 6.300567701e-06 3.617e-06
568.6833599 1.420037715e-05 2.822e-06
568.6833615 8.96881679e-06 3.408e-06
568.6833625 1.588518883e-05 5.825e-06
568.683362 1.439327409e-05 3.638e-06
568.6833623 1.386372563e-05 3.395e-06
568.6833607 1.3028106e-05 2.702e-06
568.6833617 1.332079871e-05 3.117e-06
568.6833602 1.049737161e-05 2.613e-06
568.6833581 7.741654265e-06 2.265e-06
568.6833625 1.478630732e-05 5.223e-06
568.6833623 9.713145767e-06 3.726e-06
568.683362 1.700756853e-05 2.574e-06
568.6833612 1.558902433e-05 3.528e-06
568.6833615 1.352518497e-05 2.986e-06
568.6833604 1.381549365e-05 2.418e-06
568.6833625 2.502186672e-05 5.278e-06
568.683361 1.590350376e-05 2.765e-06
568.6833617 1.186616194e-05 3.929e-06
568.6833578 6.738705385e-06 1.852e-06
568.6833594 1.417190177e-05 2.504e-06
568.6833591 1.150492394e-05 2.283e-06
568.6861382 3.854964341e-05 2.765e-06
568.6861408 4.75628147e-05 4.567e-06
568.6861374 3.643264194e-05 1.695e-06
568.6861406 4.042738187e-05 2.938e-06
568.6861393 4.336353395e-05 2.557e-06
568.6861414 4.417672662e-05 5.352e-06
568.6861385 3.76599318e-05 2.461e-06
568.6861411 4.762080843e-05 3.415e-06
568.6861401 4.545685056e-05 2.628e-06
568.6861372 4.093276709e-05 1.984e-06
568.6861398 4.001868811e-05 2.311e-06
568.6861387 4.368426829e-05 2.777e-06
568.6861403 3.805065052e-05 3.039e-06
568.6861414 4.892873725e-05 4.567e-06
568.6861408 4.716016434e-05 3.99e-06
568.6861411 3.792804465e-05 4.446e-06
568.6861395 4.612750791e-05 3.041e-06
568.6861406 4.914144777e-05 4.857e-06
568.686139 4.254369884e-05 2.413e-06
568.6861369 4.019561336e-05 2.017e-06
568.6861414 3.784971477e-05 3.603e-06
568.6861411 3.671027285e-05 4.015e-06
568.6861408 4.056676471e-05 2.736e-06
568.6861401 3.893587858e-05 2.551e-06
568.6861403 3.817402357e-05 3.434e-06
568.6861393 4.154731057e-05 2.487e-06
568.6861414 4.897937544e-05 3.275e-06
568.6861398 4.029489644e-05 2.634e-06
568.6861406 4.062901395e-05 2.848e-06
568.6861366 3.798804928e-05 2.164e-06
568.6861382 4.001784436e-05 2.395e-06
568.686138 4.150349132e-05 2.193e-06
568.6889186 6.941972028e-05 3.789e-06
568.688916 7.116919233e-05 2.084e-06
568.6889152 6.719370263e-05 1.849e-06
568.6889183 7.187259193e-05 4.01e-06
568.688917 7.04728286e-05 2.474e-06
568.6889191 7.291706595e-05 5.5e-06
568.6889162 7.156776575e-05 2.56e-06
568.6889189 7.113681827e-05 5.031e-06
568.6889178 7.134760276e-05 2.644e-06
568.6889149 7.095786099e-05 1.988e-06
568.6889175 7.045352952e-05 2.51e-06
568.6889165 6.82657218e-05 2.482e-06
568.6889181 7.163344781e-05 3.095e-06
568.6889191 6.19433515e-05 7.214e-06
568.6889186 7.559345129e-05 3.881e-06
568.6889189 6.800852868e-05 4.927e-06
568.6889173 6.94964925e-05 3.292e-06
568.6889183 6.299064261e-05 4.6e-06
568.6889168 7.073476796e-05 2.708e-06
568.6889146 6.971853551e-05 2.168e-06
568.6889191 6.829873482e-05 4.433e-06
568.6889189 7.000854746e-05 3.009e-06
568.6889186 6.962653413e-05 3.195e-06
568.6889178 7.196405536e-05 2.436e-06
568.6889181 7.179178008e-05 2.802e-06
568.688917 6.989289058e-05 2.562e-06
568.6889191 6.890076564e-05 2.348e-06
568.6889175 7.518907608e-05 2.824e-06
568.6889183 6.701123897e-05 2.664e-06
568.6889144 6.873720667e-05 1.868e-06
568.688916 6.937230493e-05 2.32e-06
568.6889157 6.936459227e-05 2.069e-06
568.6916937 0.0001003964692 2.492e-06
568.6916963 9.62880234e-05 2.554e-06
568.6916929 0.0001014227754 2.068e-06
568.691696 9.849584911e-05 4.206e-06
568.6916947 0.0001012269068 2.375e-06
568.6916939 0.0001010094241 2.572e-06
568.6916965 9.282659109e-05 3.006e-06
568.6916968 9.792465842e-05 5.65e-06
568.6916955 0.0001010675282 2.539e-06
568.6916926 9.475720195e-05 2.132e-06
568.6916952 9.545074276e-05 2.833e-06
568.6916942 9.421816929e-05 2.545e-06
568.6916958 9.83858004e-05 2.597e-06
568.6916968 0.000100082646 5.141e-06
568.6916963 0.0001012381414 4.073e-06
568.6916965 9.275786927e-05 3.358e-06
568.691695 0.0001002354478 2.686e-06
568.691696 0.0001087455234 3.924e-06
568.6916944 0.0001002441002 2.678e-06
568.6916923 9.90358389e-05 1.986e-06
568.6916968 0.000103855596 4.843e-06
568.6916965 9.98334546e-05 3.685e-06
568.6916963 9.70304644e-05 2.657e-06
568.6916955 0.0001034997895 2.789e-06
568.6916958 9.607318866e-05 2.53e-06
568.6916947 9.858694587e-05 2.524e-06
568.6916968 9.788416164e-05 2.917e-06
568.6916952 0.0001000336288 2.67e-06
568.691696 9.919932731e-05 2.735e-06
568.6916921 9.603727793e-05 2.204e-06
568.6916937 9.45551143e-05 2.049e-06
568.6916934 9.162029611e-05 2.217e-06
568.6944713 0.0001263473658 2.283e-06
568.6944739 0.0001235546176 3.474e-06
568.6944705 0.000125399334 2.123e-06
568.6944736 0.0001281940859 4.047e-06
568.6944723 0.0001269733061 2.81e-06
568.6944715 0.0001238460878 2.277e-06
568.6944744 0.0001356735419 5.664e-06
568.6944742 0.000129844762 4.151e-06
568.6944731 0.0001238752624 2.499e-06
568.6944702 0.0001262364409 1.975e-06
568.6944729 0.0001179469978 3.137e-06
568.6944718 0.0001299729155 2.801e-06
568.6944734 0.0001210674082 3.668e-06
568.6944744 0.0001311959847 5.398e-06
568.6944739 0.0001298300076 3.935e-06
568.6944742 0.0001228985207 3.666e-06
568.6944726 0.0001214235169 2.479e-06
568.6944736 0.0001262585247 2.869e-06
568.6944721 0.0001207232065 2.294e-06
568.69447 0.0001261416365 2.136e-06
568.6944744 0.0001357183266 4.632e-06
568.6944742 0.0001274263841 3.745e-06
568.6944739 0.0001211420679 3.197e-06
568.6944731 0.0001279788977 2.931e-06
568.6944734 0.0001272188733 3.339e-06
568.6944723 0.0001264834343 2.915e-06
568.6944744 0.000128989261 3.869e-06
568.6944729 0.0001288254045 2.29e-06
568.6944736 0.0001295244392 3.403e-06
568.6944697 0.0001245410005 1.949e-06
568.6944713 0.0001234792993 2.243e-06
568.694471 0.0001245729043 2.144e-06
568.6972485 0.0001455982436 2.277e-06
568.6972512 0.0001482204087 6.395e-06
568.6972477 0.0001462804702 1.95e-06
568.6972509 0.0001508096741 3.196e-06
568.6972496 0.0001529945068 2.642e-06
568.6972488 0.0001478368621 2.247e-06
568.6972514 0.0001427454138 4.591e-06
568.6972517 0.0001558669695 4.278e-06
568.6972504 0.0001517008969 2.821e-06
568.6972475 0.0001492908314 2.072e-06
568.6972501 0.0001489950336 3.721e-06
568.6972491 0.0001468603535 2.463e-06
568.6972506 0.0001469290984 3.066e-06
568.6972517 0.0001502107839 3.459e-06
568.6972512 0.0001540955791 3.4e-06
568.6972514 0.0001506043282 3.565e-06
568.6972498 0.0001448449367 2.807e-06
568.6972509 0.0001545066519 3.264e-06
568.6972493 0.0001467006138 2.343e-06
568.6972472 0.0001509268869 2.289e-06
568.6972517 0.0001519933319 3.584e-06
568.6972512 0.0001497318327 3.763e-06
568.6972514 0.0001498771394 3.513e-06
568.6972504 0.0001489396649 3.27e-06
568.6972506 0.0001425408158 2.952e-06
568.6972496 0.0001498146273 2.532e-06
568.6972517 0.0001485269937 5.72e-06
568.6972501 0.000150131362 2.036e-06
568.6972509 0.0001500395471 3.46e-06
568.697247 0.0001429018721 1.969e-06
568.6972485 0.0001503567152 2.377e-06
568.6972483 0.0001490415976 1.95e-06
568.7000248 0.0001661126393 2.422e-06
568.7000275 0.000164422041 5.398e-06
568.700024 0.0001722345708 2.445e-06
568.7000272 0.0001665231215 2.791e-06
568.7000259 0.0001682698645 2.659e-06
568.7000251 0.0001731534258 2.391e-06
568.7000277 0.0001704970338 4.105e-06
568.700028 0.0001687785273 3.651e-06
568.7000267 0.000170331156 3.656e-06
568.7000238 0.000168459171 2.187e-06
568.7000264 0.0001720402567 3.358e-06
568.7000254 0.0001696186483 2.539e-06
568.7000269 0.0001690809075 3.752e-06
568.700028 0.0001641527947 3.538e-06
568.7000275 0.0001681808322 4.494e-06
568.7000277 0.0001663690181 2.715e-06
568.7000261 0.0001673180632 2.571e-06
568.7000272 0.0001679917395 3.29e-06
568.7000256 0.0001714929075 2.176e-06
568.7000235 0.0001685223771 1.994e-06
568.700028 0.0001684543826 4.049e-06
568.7000277 0.0001664650042 3.68e-06
568.7000275 0.0001660768046 2.856e-06
568.7000267 0.0001745732511 3.662e-06
568.7000269 0.0001747373409 2.847e-06
568.7000259 0.000173789219 2.482e-06
568.700028 0.0001713348855 5.048e-06
568.7000264 0.0001736496339 3.344e-06
568.7000272 0.0001719624361 3.131e-06
568.7000233 0.0001655987485 2.094e-06
568.7000248 0.0001692078081 2.305e-06
568.7000246 0.0001695368737 2.062e-06
568.7028083 0.0001897955522 2.124e-06
568.7028109 0.0001840626068 3.902e-06
568.7028075 0.0001870347796 2.048e-06
568.7028106 0.0001857050677 3.569e-06
568.7028093 0.0001900217026 2.447e-06
568.7028085 0.0001853340123 2.385e-06
568.7028112 0.000184143297 3.469e-06
568.7028114 0.0001907693226 4.286e-06
568.7028101 0.0001831333646 3.485e-06
568.7028072 0.0001856502736 2.172e-06
568.7028098 0.0001822091164 3.338e-06
568.7028088 0.000187811531 2.176e-06
568.7028104 0.000184325768 3.782e-06
568.7028114 0.0001734611582 5.187e-06
568.7028109 0.0001900769985 3.775e-06
568.7028112 0.0001875807055 2.948e-06
568.7028096 0.0001842958977 2.906e-06
568.7028106 0.0001888008818 3.175e-06
568.7028091 0.0001777750121 2.659e-06
568.702807 0.0001816174913 1.655e-06
568.7028114 0.0001852480044 4.798e-06
568.7028109 0.0001818220051 4.034e-06
568.7028112 0.0001812130672 5.06e-06
568.7028101 0.0001868510401 3.71e-06
568.7028104 0.0001871198507 2.923e-06
568.7028093 0.0001848649763 2.718e-06
568.7028114 0.0001839708584 3.238e-06
568.7028098 0.0001853481666 2.69e-06
568.7028106 0.0001916133628 4.111e-06
568.7028067 0.0001858248318 2.039e-06
568.7028083 0.0001820213663 2.3e-06
568.702808 0.0001846968954 2.179e-06
568.7055819 0.0001954062365 2.382e-06
568.7055845 0.0001982259703 3.86e-06
568.7055811 0.0001963930428 2.518e-06
568.7055843 0.0001995805061 5.517e-06
568.7055822 0.0001933385138 2.741e-06
568.7055851 0.0001944435133 6.742e-06
568.7055848 0.0001940771208 4.457e-06
568.7055837 0.0001976805369 2.664e-06
568.7055808 0.0001943410227 2.271e-06
568.7055835 0.0001988968834 3.473e-06
568.7055824 0.0001912924914 2.516e-06
568.705584 0.0001911402472 3.835e-06
568.7055851 0.0002031055774 5.496e-06
568.7055845 0.0001907299886 2.379e-06
568.7055848 0.0001968164795 2.767e-06
568.7055832 0.0001915075143 2.902e-06
568.7055843 0.0001938650768 3.127e-06
568.7055827 0.0001935384904 2.644e-06
568.7055806 0.0001920880954 2.091e-06
568.7055851 0.000192272938 3.488e-06
568.7055845 0.0002003063988 3.846e-06
568.7055848 0.0001885858321 4.239e-06
568.7055837 0.0001920509617 3.39e-06
568.705584 0.0001982508054 3.946e-06
568.705583 0.0001960413685 3.113e-06
568.7055851 0.000192295628 3.072e-06
568.7055835 0.0001946630504 3.241e-06
568.7055843 0.0001873809469 4.483e-06
568.7055803 0.0001879797299 2.222e-06
568.7055819 0.0001896282563 2.016e-06
568.7055816 0.0001973677982 2.156e-06
568.7083588 0.0001991158226 2.417e-06
568.7083614 0.0002031999753 3.447e-06
568.708358 0.000195744378 2.782e-06
568.7083611 0.0001911689309 4.314e-06
568.7083598 0.0001946280528 3.131e-06
568.708359 0.0001942134037 2.261e-06
568.7083619 0.0001989907068 8.279e-06
568.7083617 0.0001978534583 3.994e-06
568.7083606 0.0002002366782 3.115e-06
568.7083577 0.000196970829 2.167e-06
568.7083604 0.0001964672093 3.616e-06
568.7083593 0.0002013025309 2.993e-06
568.7083609 0.0001991824504 3.264e-06
568.7083619 0.0001944984451 5.557e-06
568.7083614 0.0001895612958 3.784e-06
568.7083617 0.0001937656258 3.175e-06
568.7083601 0.0001935084579 3.331e-06
568.7083611 0.0001934342254 3.46e-06
568.7083596 0.0002015976335 2.492e-06
568.7083575 0.0001933257508 1.825e-06
568.7083619 0.0001982204821 3.012e-06
568.7083614 0.0001972163231 3.737e-06
568.7083617 0.0002001172197 3.721e-06
568.7083606 0.0001961433266 2.722e-06
568.7083609 0.0001930755378 3.408e-06
568.7083598 0.0001968467414 2.814e-06
568.7083619 0.0001941507402 3.986e-06
568.7083604 0.0002005746653 2.378e-06
568.7083611 0.0001974046231 3.863e-06
568.7083572 0.0001913956067 2.158e-06
568.7083588 0.0001967343199 2.09e-06
568.7083585 0.0001961424683 2.193e-06
568.7111367 0.0001901454691 1.944e-06
568.7111393 0.0001870217759 3.868e-06
568.7111359 0.0001917026666 2.197e-06
568.7111391 0.0001900303826 3.991e-06
568.7111377 0.0001917569951 3.272e-06
568.7111369 0.0001904017736 2.172e-06
568.7111398 0.000184483267 8.006e-06
568.7111396 0.0001895448328 5.492e-06
568.7111385 0.000190000619 3.545e-06
568.7111356 0.0001913686056 1.945e-06
568.7111383 0.0001917864149 3.436e-06
568.7111372 0.0001857941588 2.673e-06
568.7111388 0.0001940040536 3.455e-06
568.7111398 0.0001954179009 4.455e-06
568.7111393 0.0001908193542 6.51e-06
568.7111396 0.0001904996701 3.605e-06
568.711138 0.0001854994376 3.005e-06
568.7111391 0.0001932637667 2.684e-06
568.7111375 0.0001963291311 2.487e-06
568.7111354 0.0001883912196 2.022e-06
568.7111398 0.0001922072071 3.726e-06
568.7111393 0.0001952032037 4.665e-06
568.7111396 0.000187371459 3.804e-06
568.7111385 0.000197319811 2.796e-06
568.7111388 0.0001925365357 2.586e-06
568.7111377 0.0001880602973 3.476e-06
568.7111398 0.0001960296222 3.962e-06
568.7111383 0.0001880066211 1.988e-06
568.7111391 0.0002000334828 4.217e-06
568.7111351 0.0001905260309 2.227e-06
568.7111367 0.0001907703754 2.149e-06
568.7111364 0.0001905571071 2.275e-06
568.7139155 0.000181505923 2.168e-06
568.7139181 0.00017996828 4.676e-06
568.7139147 0.0001758405573 1.986e-06
568.7139179 0.0001791383104 3.32e-06
568.7139166 0.0001836008108 3.007e-06
568.7139158 0.0001791996026 2.378e-06
568.7139184 0.0001732821734 4.76e-06
568.7139187 0.0001871680982 5.887e-06
568.7139173 0.0001842304326 4.138e-06
568.7139145 0.0001787431566 1.94e-06
568.7139171 0.0001756523311 3.003e-06
568.713916 0.0001758603744 2.287e-06
568.7139176 0.0001762346671 3.562e-06
568.7139187 0.0001797631436 3.749e-06
568.7139181 0.0001806110158 4.023e-06
568.7139184 0.0001777242875 2.983e-06
568.7139168 0.0001754342799 2.774e-06
568.7139179 0.0001798199906 3.272e-06
568.7139163 0.0001793783105 2.491e-06
568.7139142 0.0001812657032 2.229e-06
568.7139187 0.0001809136898 3.407e-06
568.7139184 0.0001827355417 5.734e-06
568.7139181 0.0001808965058 4.155e-06
568.7139173 0.0001812243548 2.871e-06
568.7139176 0.0001755002433 2.399e-06
568.7139166 0.0001796944123 2.73e-06
568.7139187 0.0001732778287 4.284e-06
568.7139171 0.0001790515326 2.156e-06
568.7139179 0.0001839600556 3.374e-06
568.7139139 0.0001771010461 1.994e-06
568.7139155 0.0001764759637 1.768e-06
568.7139152 0.0001763087405 2.077e-06
568.7166925 0.0001577939221 2.302e-06
568.7166951 0.0001589921264 4.136e-06
568.7166917 0.0001615102234 2.281e-06
568.7166949 0.0001609865141 4.226e-06
568.7166936 0.0001614991448 2.627e-06
568.7166928 0.0001558456134 2.92e-06
568.7166957 0.0001724865198 6.455e-06
568.7166954 0.0001613458257 3.135e-06
568.7166943 0.0001568870521 2.689e-06
568.7166914 0.0001635883944 2.052e-06
568.7166941 0.0001594247516 3.02e-06
568.716693 0.0001607905404 2.385e-06
568.7166946 0.0001605568491 3.468e-06
568.7166957 0.0001668343805 4.623e-06
568.7166951 0.0001695070067 5.634e-06
568.7166954 0.0001565465676 4.212e-06
568.7166938 0.0001576231728 3.154e-06
568.7166949 0.0001616664269 2.594e-06
568.7166933 0.0001655603097 2.984e-06
568.7166912 0.0001629091502 2.089e-06
568.7166957 0.0001691436919 4.548e-06
568.7166951 0.0001577629471 3.106e-06
568.7166954 0.0001594631083 5.135e-06
568.7166943 0.0001539005882 3.376e-06
568.7166946 0.0001627529949 2.707e-06
568.7166936 0.0001600405679 2.841e-06
568.7166957 0.00016032844 2.988e-06
568.7166941 0.0001666921816 3.206e-06
568.7166949 0.0001601376199 2.832e-06
568.7166909 0.0001579393907 2.161e-06
568.7166925 0.0001601139671 1.917e-06
568.7166922 0.0001631761 2.201e-06
568.7194684 0.0001361067785 2.526e-06
568.719471 0.0001375530139 2.664e-06
568.7194676 0.0001361474485 2.164e-06
568.7194707 0.0001384540673 3.911e-06
568.7194694 0.0001428325698 2.568e-06
568.7194686 0.0001402251215 2.431e-06
568.7194715 0.0001454127385 4.494e-06
568.7194713 0.000135202707 4.49e-06
568.7194702 0.0001361838514 2.395e-06
568.7194673 0.0001369253889 1.936e-06
568.7194699 0.0001349093597 3.234e-06
568.7194689 0.0001421792391 2.357e-06
568.7194705 0.0001453399222 4.276e-06
568.7194715 0.0001321736358 5.136e-06
568.719471 0.0001368184113 4.255e-06
568.7194713 0.0001432566503 4.309e-06
568.7194697 0.0001366975156 2.747e-06
568.7194707 0.0001388825599 3.216e-06
568.7194692 0.0001406520611 2.704e-06
568.719467 0.0001343870511 2.183e-06
568.7194715 0.0001415161243 3.108e-06
568.7194713 0.0001350744966 4.316e-06
568.719471 0.0001413612917 3.86e-06
568.7194702 0.0001395200817 2.996e-06
568.7194705 0.0001399158256 2.573e-06
568.7194694 0.0001386691067 3.353e-06
568.7194715 0.0001380565909 2.189e-06
568.7194699 0.0001340677107 2.916e-06
568.7194707 0.000136205478 2.906e-06
568.7194668 0.0001339114424 2.078e-06
568.7194684 0.0001413836472 2.535e-06
568.7194681 0.0001365641492 2.556e-06
568.7222491 0.0001106790466 2.46e-06
568.7222517 0.0001158136628 4.523e-06
568.7222483 0.0001075163225 1.945e-06
568.7222514 0.0001120545169 3.265e-06
568.7222501 0.0001131927616 2.362e-06
568.7222493 0.0001116709183 2.272e-06
568.722252 0.0001137711835 3.14e-06
568.7222522 0.0001136657202 6.128e-06
568.7222509 0.0001118946329 2.922e-06
568.722248 0.0001087877299 1.915e-06
568.7222507 0.0001177925403 3.537e-06
568.7222496 0.0001078563352 2.278e-06
568.7222512 0.0001136397081 2.858e-06
568.7222522 0.0001052656774 6.052e-06
568.7222517 0.0001117305218 3.107e-06
568.722252 0.0001143104895 4.347e-06
568.7222504 0.0001118490877 2.804e-06
568.7222514 0.0001137169166 3.244e-06
568.7222499 0.0001152577121 2.898e-06
568.7222478 0.0001088891622 2.145e-06
568.7222522 0.0001139847635 4.241e-06
568.722252 0.0001164778367 5.284e-06
568.7222517 0.0001079446433 3.411e-06
568.7222509 0.0001192360035 3.23e-06
568.7222512 0.0001068164761 2.785e-06
568.7222501 0.0001140593936 3.254e-06
568.7222522 0.0001114738311 2e-06
568.7222507 0.0001157687627 3.442e-06
568.7222514 0.0001134276302 3.322e-06
568.7222475 0.0001124780374 2.102e-06
568.7222491 0.0001076036535 2.19e-06
568.7222488 0.00010756958 1.989e-06
568.7250267 8.391221513e-05 3.903e-06
568.7250241 8.317858567e-05 2.086e-06
568.7250233 7.922385412e-05 2.41e-06
568.7250264 8.220938035e-05 4.349e-06
568.7250251 8.535698025e-05 2.758e-06
568.7250243 8.069070842e-05 2.311e-06
568.725027 8.057581967e-05 3.929e-06
568.7250272 8.212969234e-05 7.924e-06
568.7250259 8.464590782e-05 2.95e-06
568.725023 7.871251283e-05 2.413e-06
568.7250256 8.210413733e-05 2.854e-06
568.7250246 7.867419313e-05 2.284e-06
568.7250262 8.488901679e-05 3.148e-06
568.7250272 8.240644927e-05 3.774e-06
568.7250267 7.556624505e-05 3.538e-06
568.725027 8.526166419e-05 4.702e-06
568.7250254 8.058264042e-05 2.352e-06
568.7250264 8.809920936e-05 3.616e-06
568.7250249 8.664248116e-05 2.872e-06
568.7250227 7.994770149e-05 2.166e-06
568.7250272 7.985488537e-05 3.559e-06
568.725027 8.222899739e-05 6.589e-06
568.7250267 8.212832961e-05 2.534e-06
568.7250259 8.122541335e-05 3.714e-06
568.7250262 8.103221593e-05 2.819e-06
568.7250251 7.934626238e-05 2.136e-06
568.7250272 8.558884714e-05 4.85e-06
568.7250256 8.022912465e-05 2.855e-06
568.7250264 7.532574243e-05 3.604e-06
568.7250225 8.034962889e-05 2.273e-06
568.7250241 7.803342379e-05 2.383e-06
568.7250238 7.871969759e-05 2.115e-06
568.7278056 5.062580782e-05 3.213e-06
568.727803 5.172725334e-05 2.471e-06
568.7278022 5.070956886e-05 2.247e-06
568.7278054 5.348704273e-05 3.241e-06
568.7278041 4.776892857e-05 2.513e-06
568.7278033 5.09284264e-05 2.298e-06
568.7278062 5.481893002e-05 5.535e-06
568.7278059 5.6349052e-05 5.049e-06
568.7278049 4.883778531e-05 3.98e-06
568.727802 5.154985392e-05 2.056e-06
568.7278046 4.887289412e-05 3.14e-06
568.7278035 5.040955931e-05 2.398e-06
568.7278051 5.373434538e-05 3.273e-06
568.7278062 5.489565038e-05 3.881e-06
568.7278056 5.697395767e-05 3.688e-06
568.7278059 5.808722863e-05 3.705e-06
568.7278043 5.03550329e-05 2.449e-06
568.7278054 4.978820058e-05 3.725e-06
568.7278038 5.251583991e-05 2.595e-06
568.7278017 5.130386288e-05 2.386e-06
568.7278062 5.123977145e-05 5.136e-06
568.7278056 5.123005742e-05 2.971e-06
568.7278059 4.825597405e-05 3.728e-06
568.7278049 4.955834293e-05 3.801e-06
568.7278051 5.346766541e-05 3.531e-06
568.7278041 5.221870926e-05 2.657e-06
568.7278062 4.764496193e-05 4.404e-06
568.7278046 5.036126908e-05 2.634e-06
568.7278054 5.081471903e-05 3.251e-06
568.7278014 4.772031407e-05 2.091e-06
568.727803 4.733762172e-05 2.106e-06
568.7278028 5.180008286e-05 2.697e-06
568.7305823 9.617436575e-06 5.016e-06
568.7305796 2.272250665e-05 2.629e-06
568.7305789 1.721378619e-05 2.516e-06
568.730582 2.666388521e-05 5.098e-06
568.7305807 2.286978923e-05 2.784e-06
568.7305799 2.016068834e-05 2.48e-06
568.7305828 2.634925579e-05 4.934e-06
568.7305825 2.330590712e-05 3.276e-06
568.7305815 2.211115635e-05 4.258e-06
568.7305786 2.348830001e-05 2.451e-06
568.7305812 2.240304446e-05 3.23e-06
568.7305802 2.077021718e-05 2.272e-06
568.7305817 1.968919725e-05 2.847e-06
568.7305828 2.207822494e-05 4.041e-06
568.7305823 2.020799661e-05 5.485e-06
568.7305825 1.193173631e-05 5.451e-06
568.730581 1.954675113e-05 2.766e-06
568.730582 2.378481462e-05 2.817e-06
568.7305804 1.86321177e-05 2.859e-06
568.7305783 2.540253817e-05 2.74e-06
568.7305828 1.690694738e-05 7.253e-06
568.7305825 2.229178671e-05 5.717e-06
568.7305823 2.251033231e-05 4.397e-06
568.7305815 2.312435589e-05 3.219e-06
568.7305817 2.159988104e-05 3.541e-06
568.7305807 2.143731361e-05 2.893e-06
568.7305828 1.660584202e-05 4.424e-06
568.7305812 2.402674195e-05 2.614e-06
568.730582 2.432226159e-05 3.324e-06
568.7305781 2.168547442e-05 2.627e-06
568.7305796 2.185725094e-05 2.279e-06
568.7305794 1.840256078e-05 2.402e-06
568.73336 -1.489170462e-05 3.52e-06
568.7333573 -9.141618745e-06 2.276e-06
568.7333565 -8.163206024e-06 2.422e-06
568.7333597 -1.009703082e-05 4.997e-06
568.7333584 -1.791935634e-05 3.433e-06
568.7333605 -8.267166296e-06 5.778e-06
568.7333576 -2.223275916e-06 2.846e-06
568.7333602 -8.850470603e-06 2.963e-06
568.7333592 -7.613116742e-06 3.282e-06
568.7333563 -1.381989321e-05 1.902e-06
568.7333589 -1.552000905e-05 2.881e-06
568.7333579 -1.592236683e-05 2.058e-06
568.7333594 -1.252701802e-05 2.802e-06
568.7333605 -9.535651846e-06 5.088e-06
568.73336 -6.986694517e-06 5.262e-06
568.7333602 -1.248155647e-05 4.51e-06
568.7333586 -1.408634567e-05 2.864e-06
568.7333597 -4.731447743e-06 3.396e-06
568.7333581 -1.283484486e-05 2.313e-06
568.733356 -1.041937859e-05 1.962e-06
568.7333605 -1.376015076e-05 4.961e-06
568.7333602 -8.162197486e-06 4.444e-06
568.73336 -1.164435717e-05 3.757e-06
568.7333592 -1.066982283e-05 3.053e-06
568.7333594 -1.181940452e-05 3.072e-06
568.7333584 -1.005456279e-05 2.671e-06
568.7333605 -5.873252874e-06 6.252e-06
568.7333589 -6.804237121e-06 2.411e-06
568.7333597 -8.810125891e-06 2.543e-06
568.7333558 -1.266374963e-05 2.132e-06
568.7333573 -1.162947085e-05 1.783e-06
568.7333571 -1.129172524e-05 2.173e-06
568.7361382 -3.8710706e-05 4.907e-06
568.7361356 -3.838301129e-05 2.359e-06
568.736138 -3.731708025e-05 4.487e-06
568.7361348 -3.792279895e-05 2.158e-06
568.7361367 -4.327308784e-05 2.92e-06
568.7361388 -3.091815868e-05 6.312e-06
568.7361359 -3.944591358e-05 2.359e-06
568.7361385 -3.45631342e-05 3.84e-06
568.7361375 -4.127911367e-05 2.997e-06
568.7361346 -4.276294601e-05 1.966e-06
568.7361372 -3.512472951e-05 2.878e-06
568.7361361 -4.027727741e-05 2.438e-06
568.7361377 -3.856950368e-05 3.468e-06
568.7361388 -2.90992481e-05 4.733e-06
568.7361382 -3.527614603e-05 4.149e-06
568.7361385 -3.535622097e-05 4.464e-06
568.7361369 -4.065383694e-05 3.15e-06
568.736138 -4.518531132e-05 3.294e-06
568.7361364 -3.757180737e-05 2.728e-06
568.7361343 -3.718885091e-05 1.911e-06
568.7361388 -3.988191222e-05 3.941e-06
568.7361385 -3.893416911e-05 3.617e-06
568.7361382 -4.469493397e-05 4.176e-06
568.7361375 -3.612051903e-05 2.892e-06
568.7361377 -4.02176994e-05 3.686e-06
568.7361367 -3.773007819e-05 2.18e-06
568.7361388 -3.617439274e-05 2.967e-06
568.7361372 -3.670476209e-05 1.992e-06
568.736138 -3.28923133e-05 3.388e-06
568.736134 -3.886089079e-05 2.009e-06
568.7361356 -3.714901393e-05 2.122e-06
568.7361353 -4.252135209e-05 1.919e-06
568.7389166 -5.24069223e-05 4.852e-06
568.738914 -6.234797678e-05 1.968e-06
568.7389163 -5.20539381e-05 3.399e-06
568.7389132 -6.44957931e-05 1.874e-06
568.738915 -5.926431712e-05 2.589e-06
568.7389169 -5.434847124e-05 6.248e-06
568.7389142 -6.195407982e-05 2.199e-06
568.7389171 -7.441090509e-05 1.2138e-05
568.7389158 -5.925945961e-05 3.417e-06
568.7389129 -6.292005685e-05 2.405e-06
568.7389156 -6.454613781e-05 2.591e-06
568.7389145 -6.249158186e-05 2.551e-06
568.7389161 -6.203135544e-05 3.405e-06
568.7389171 -6.079253078e-05 3.533e-06
568.7389166 -6.028738125e-05 3.94e-06
568.7389169 -5.568798346e-05 3.447e-06
568.7389153 -6.139223655e-05 3.078e-06
568.7389163 -6.701489491e-05 2.738e-06
568.7389148 -5.842125354e-05 2.389e-06
568.7389127 -6.240008965e-05 2.271e-06
568.7389171 -6.304900391e-05 4.444e-06
568.7389169 -6.019448086e-05 3.192e-06
568.7389166 -6.317000412e-05 3.561e-06
568.7389158 -5.764019148e-05 3.798e-06
568.7389161 -6.220915862e-05 2.782e-06
568.738915 -5.999825427e-05 2.157e-06
568.7389171 -6.498365018e-05 4.278e-06
568.7389156 -6.291765712e-05 2.512e-06
568.7389163 -5.940712906e-05 4.029e-06
568.7389124 -6.417590729e-05 2.051e-06
568.738914 -6.318448084e-05 2.205e-06
568.7389137 -6.236968986e-05 2.288e-06
568.7416943 -8.580569592e-05 4.938e-06
568.7416917 -8.570492856e-05 1.95e-06
568.7416941 -8.164106293e-05 4.844e-06
568.7416909 -8.403505069e-05 2.152e-06
568.7416927 -8.001462859e-05 2.151e-06
568.7416946 -9.174434006e-05 3.955e-06
568.741692 -8.536513993e-05 2.179e-06
568.7416948 -9.591305537e-05 9.293e-06
568.7416935 -8.962683097e-05 3.191e-06
568.7416906 -8.826324686e-05 1.75e-06
568.7416933 -8.459991931e-05 2.762e-06
568.7416922 -8.510647753e-05 2.443e-06
568.7416938 -8.556866012e-05 3.572e-06
568.7416948 -8.503983345e-05 4.635e-06
568.7416943 -8.478695525e-05 4.89e-06
568.7416946 -7.634345009e-05 3.363e-06
568.741693 -8.79637651e-05 3.126e-06
568.7416941 -8.946758343e-05 3.925e-06
568.7416925 -8.531837855e-05 2.258e-06
568.7416904 -8.542910054e-05 1.94e-06
568.7416946 -9.359539526e-05 4.072e-06
568.7416935 -8.076867068e-05 3.341e-06
568.7416938 -9.068754784e-05 2.333e-06
568.7416927 -8.491944847e-05 2.397e-06
568.7416948 -9.173520497e-05 6.305e-06
568.7416933 -8.13284013e-05 3.237e-06
568.7416941 -8.27365854e-05 3.321e-06
568.7416901 -9.137699042e-05 2.064e-06
568.7416917 -8.773565288e-05 2.486e-06
568.7416914 -8.621521741e-05 2.257e-06
568.744472 -0.0001070489259 4.309e-06
568.7444693 -0.0001011033844 2.118e-06
568.7444717 -0.0001024199015 4.112e-06
568.7444685 -0.000103872271 2.154e-06
568.7444704 -0.0001027478489 2.615e-06
568.7444725 -0.0001040855815 6.046e-06
568.7444722 -0.0001084764918 4.623e-06
568.7444696 -0.0001041362244 2.519e-06
568.7444712 -0.0001052304966 3.056e-06
568.7444683 -0.0001070788474 2.165e-06
568.7444709 -0.0001066429899 2.455e-06
568.7444699 -0.0001038822151 2.459e-06
568.7444714 -9.89133333e-05 3.338e-06
568.7444725 -0.0001013413991 3.419e-06
568.744472 -0.0001058307228 4.203e-06
568.7444722 -0.0001077254815 4.09e-06
568.7444706 -0.0001045081607 3.465e-06
568.7444717 -0.0001029009167 3.674e-06
568.7444701 -0.0001035628678 2.492e-06
568.744468 -0.0001075864819 2.111e-06
568.7444725 -0.0001166813601 6.534e-06
568.7444722 -0.0001005919589 3.126e-06
568.744472 -0.0001070830209 4.936e-06
568.7444712 -0.0001042269995 3.868e-06
568.7444714 -0.0001041040582 3.104e-06
568.7444704 -0.0001017563311 2.781e-06
568.7444725 -0.0001020607717 4.503e-06
568.7444709 -0.0001025568185 2.553e-06
568.7444717 -0.0001050270897 3.152e-06
568.7444678 -0.0001069500267 2.16e-06
568.7444693 -0.0001062265333 2.571e-06
568.7444691 -0.0001075094015 2.282e-06
568.747253 -0.0001158320017 7.526e-06
568.7472504 -0.0001178259736 2.473e-06
568.7472527 -0.0001176826576 4.396e-06
568.7472496 -0.0001166972287 2.029e-06
568.7472514 -0.0001186874085 2.543e-06
568.7472535 -0.0001228719839 5.897e-06
568.7472532 -0.0001183736802 2.894e-06
568.7472506 -0.0001261580917 2.508e-06
568.7472522 -0.0001220512748 2.991e-06
568.7472493 -0.0001177914554 1.978e-06
568.7472519 -0.0001218217289 2.801e-06
568.7472509 -0.0001193007194 2.208e-06
568.7472525 -0.0001199463088 3.643e-06
568.7472535 -0.0001189209062 5.496e-06
568.747253 -0.0001124762582 3.712e-06
568.7472532 -0.0001212849198 2.564e-06
568.7472517 -0.0001150798876 2.641e-06
568.7472527 -0.0001141444433 3.391e-06
568.7472511 -0.000122685807 2.796e-06
568.747249 -0.0001205166856 2.213e-06
568.7472535 -0.0001191202725 4.666e-06
568.7472532 -0.0001151408128 3.883e-06
568.747253 -0.0001205049758 5.04e-06
568.7472522 -0.0001219400721 3.133e-06
568.7472525 -0.0001225703257 2.996e-06
568.7472514 -0.0001169496348 2.801e-06
568.7472535 -0.0001227822845 3.596e-06
568.7472519 -0.0001123762515 3.023e-06
568.7472527 -0.000120369034 3.023e-06
568.7472488 -0.000121910072 2.015e-06
568.7472504 -0.0001170426392 2.288e-06
568.7472501 -0.0001205549767 2.758e-06
