542.031841 0.0001106073005 5.298e-06
542.0318408 0.0001186078388 2.82e-06
542.0318415 0.0001238834774 7.332e-06
542.0318402 0.0001161815856 3.047e-06
542.03184 0.0001180355066 3.038e-06
542.0318405 0.0001215683832 3.034e-06
542.0318415 0.0001159569442 3.595e-06
542.031841 0.0001202026904 3.528e-06
542.0318413 0.0001169602893 5.975e-06
542.0318397 0.0001147144779 2.724e-06
542.0318408 0.0001176465822 3.273e-06
542.0318415 0.0001169534735 3.142e-06
542.031841 0.0001129567663 3.495e-06
542.0318413 0.0001155785213 3.344e-06
542.0318402 0.0001173581587 2.833e-06
542.0318405 0.0001143092703 3.722e-06
542.0318415 0.0001148263788 3.871e-06
542.03184 0.000118065565 3.089e-06
542.0318408 0.0001180305941 2.815e-06
542.0345682 9.524370706e-05 2.789e-06
542.0345708 9.399882693e-05 3.694e-06
542.0345674 9.459649121e-05 2.648e-06
542.0345705 9.516370221e-05 2.68e-06
542.0345692 8.515386789e-05 2.979e-06
542.0345684 8.840351641e-05 2.514e-06
542.034571 9.401229031e-05 5.17e-06
542.0345713 8.868009682e-05 6.679e-06
542.03457 8.881457549e-05 3.899e-06
542.0345671 9.188418568e-05 2.594e-06
542.0345697 9.304204683e-05 3.393e-06
542.0345687 9.23471241e-05 2.356e-06
542.0345703 9.403033563e-05 3.349e-06
542.0345713 9.442551995e-05 3.768e-06
542.0345708 8.7312859e-05 3.754e-06
542.034571 9.13759421e-05 3.959e-06
542.0345695 9.444670624e-05 3.072e-06
542.0345705 9.261631627e-05 2.672e-06
542.0345689 9.231908114e-05 2.585e-06
542.0345668 9.184048817e-05 2.507e-06
542.0345713 8.103947245e-05 4.083e-06
542.0345708 9.494335986e-05 3.417e-06
542.034571 9.815301967e-05 4.3e-06
542.03457 9.844396403e-05 3.253e-06
542.0345703 9.277136745e-05 3.092e-06
542.0345692 9.386602532e-05 2.786e-06
542.0345713 9.708732979e-05 4.159e-06
542.0345697 9.772513836e-05 3.662e-06
542.0345705 9.859580169e-05 3.529e-06
542.0345666 8.959610087e-05 2.34e-06
542.0345682 9.148183453e-05 2.656e-06
542.0345679 9.358345927e-05 1.914e-06
542.0373464 6.4605968e-05 2.168e-06
542.037349 6.9768714e-05 3.186e-06
542.0373456 6.335799178e-05 2.435e-06
542.0373487 6.883071865e-05 4.284e-06
542.0373474 6.785559781e-05 3.395e-06
542.0373466 6.692367109e-05 2.461e-06
542.0373492 6.965224683e-05 4.045e-06
542.0373495 6.819137304e-05 7.771e-06
542.0373482 6.626767699e-05 3.264e-06
542.0373453 6.299655801e-05 2.195e-06
542.0373479 6.529431433e-05 2.665e-06
542.0373469 6.435443554e-05 2.509e-06
542.0373485 6.629672519e-05 2.548e-06
542.0373495 6.559844512e-05 3.858e-06
542.037349 6.755654863e-05 3.572e-06
542.0373492 6.356802488e-05 4.845e-06
542.0373477 6.708086341e-05 2.967e-06
542.0373487 6.380164762e-05 2.925e-06
542.0373471 6.131031859e-05 2.317e-06
542.037345 6.182979895e-05 2.058e-06
542.0373495 6.76483033e-05 3.217e-06
542.037349 7.059835273e-05 4.347e-06
542.0373492 7.070647712e-05 4.225e-06
542.0373482 6.897198e-05 3.159e-06
542.0373485 6.308801163e-05 3.26e-06
542.0373474 6.876163439e-05 2.646e-06
542.0373495 7.182073576e-05 4.689e-06
542.0373479 6.750893412e-05 2.551e-06
542.0373487 7.092414502e-05 3.47e-06
542.0373448 5.954383884e-05 2.177e-06
542.0373464 6.503091233e-05 2.316e-06
542.0373461 6.62868047e-05 1.982e-06
542.0401235 3.580434601e-05 2.383e-06
542.0401262 4.378155697e-05 3.911e-06
542.0401227 3.658848452e-05 2.058e-06
542.0401259 4.466590181e-05 2.75e-06
542.0401246 3.517825571e-05 2.713e-06
542.0401238 3.926367544e-05 2.207e-06
542.0401264 3.286925613e-05 4.512e-06
542.0401267 4.361438557e-05 4.991e-06
542.0401254 3.986097858e-05 2.688e-06
542.0401225 3.819260423e-05 2.166e-06
542.0401251 3.329711902e-05 3.039e-06
542.0401241 3.893902119e-05 2.125e-06
542.0401256 3.605226308e-05 2.745e-06
542.0401267 4.631365205e-05 3.485e-06
542.0401262 4.32485163e-05 4.43e-06
542.0401264 3.448771124e-05 4.634e-06
542.0401248 3.720205155e-05 2.736e-06
542.0401259 3.629222281e-05 3.339e-06
542.0401243 3.719392867e-05 2.396e-06
542.0401222 3.529342735e-05 2.374e-06
542.0401262 4.098685268e-05 3.188e-06
542.0401264 3.984542982e-05 3.076e-06
542.0401254 3.936108036e-05 3.317e-06
542.0401256 3.838082522e-05 2.954e-06
542.0401246 3.98912308e-05 2.711e-06
542.0401267 4.362788804e-05 4.488e-06
542.0401251 3.791588386e-05 2.153e-06
542.0401259 4.011065971e-05 3.232e-06
542.040122 3.708183701e-05 2.231e-06
542.0401235 3.15971e-05 2.27e-06
542.0401233 3.797593497e-05 2.215e-06
542.0429021 6.6876827e-06 2.593e-06
542.0429047 9.833572696e-06 3.223e-06
542.0429013 1.068239394e-05 2.563e-06
542.0429044 8.844990921e-06 4e-06
542.0429031 1.081518449e-05 2.732e-06
542.0429023 3.34712919e-06 2.439e-06
542.0429049 1.178477659e-05 4.396e-06
542.0429052 2.186326968e-05 1.0059e-05
542.0429039 1.210278728e-05 3.593e-06
542.042901 9.670734934e-06 2.723e-06
542.0429036 6.087268699e-06 4.192e-06
542.0429026 1.180689452e-05 2.702e-06
542.0429042 9.204842261e-06 3.126e-06
542.0429052 1.74585172e-05 3.523e-06
542.0429047 1.56360842e-05 6.532e-06
542.0429049 7.899656678e-06 4.158e-06
542.0429034 1.217071248e-05 3.279e-06
542.0429044 8.965307472e-06 3.12e-06
542.0429028 7.990472792e-06 2.851e-06
542.0429007 4.344345655e-06 2.359e-06
542.0429052 1.158234229e-05 4.187e-06
542.0429047 1.629230053e-05 2.87e-06
542.0429049 1.491975959e-05 4.423e-06
542.0429039 8.000975082e-06 3.074e-06
542.0429042 2.763916588e-06 3.103e-06
542.0429031 8.181418499e-06 3.053e-06
542.0429052 7.482678231e-06 6.828e-06
542.0429036 7.467225851e-06 2.664e-06
542.0429044 1.187899384e-05 3.718e-06
542.0429005 5.391753453e-06 2.792e-06
542.0429021 8.14130289e-06 2.595e-06
542.0429018 9.557802674e-06 2.509e-06
542.0456788 -2.011696512e-05 2.958e-06
542.0456814 -2.232304505e-05 3.922e-06
542.045678 -2.00622412e-05 2.314e-06
542.0456811 -2.083664228e-05 3.485e-06
542.0456798 -1.888861468e-05 2.922e-06
542.045679 -2.133651906e-05 2.146e-06
542.0456817 -1.676411467e-05 5.275e-06
542.0456819 -9.39115859e-06 4.586e-06
542.0456806 -1.698936962e-05 3.23e-06
542.0456777 -1.810568945e-05 2.378e-06
542.0456803 -1.456648908e-05 3.043e-06
542.0456793 -2.127282237e-05 2.321e-06
542.0456809 -1.380851236e-05 3.834e-06
542.0456819 -1.805454321e-05 4.475e-06
542.0456814 -1.396265353e-05 5.306e-06
542.0456817 -2.440647166e-05 4.839e-06
542.0456801 -1.376657146e-05 3.077e-06
542.0456811 -1.420149873e-05 3.079e-06
542.0456796 -1.71642508e-05 2.475e-06
542.0456775 -1.592805027e-05 1.975e-06
542.0456819 -1.879498769e-05 4.095e-06
542.0456817 -2.021399649e-05 3.738e-06
542.0456814 -1.612872986e-05 4.767e-06
542.0456806 -1.607947027e-05 3.031e-06
542.0456809 -2.476751976e-05 2.847e-06
542.0456798 -2.010365568e-05 2.856e-06
542.0456819 -1.653221146e-05 3.27e-06
542.0456803 -1.330294464e-05 2.793e-06
542.0456811 -1.867455678e-05 3.204e-06
542.0456772 -2.082202432e-05 2.153e-06
542.0456785 -1.946465748e-05 2.319e-06
542.0484563 -4.486286988e-05 2.089e-06
542.0484589 -3.676755547e-05 4.792e-06
542.0484587 -3.906444617e-05 3.627e-06
542.0484555 -4.206614969e-05 2.424e-06
542.0484574 -3.89029101e-05 2.612e-06
542.0484592 -4.038718095e-05 4.478e-06
542.0484566 -3.780816538e-05 2.536e-06
542.0484595 -3.790109184e-05 5.354e-06
542.0484582 -4.019355577e-05 3.101e-06
542.0484553 -4.841792187e-05 1.882e-06
542.0484579 -4.191711557e-05 3.136e-06
542.0484568 -4.57431423e-05 2.72e-06
542.0484584 -3.9796965e-05 3.12e-06
542.0484595 -4.652107694e-05 4.503e-06
542.0484589 -3.584583884e-05 7.391e-06
542.0484592 -3.755233424e-05 4.358e-06
542.0484576 -3.920891148e-05 3.059e-06
542.0484587 -3.705122303e-05 4.227e-06
542.0484571 -4.369333603e-05 2.326e-06
542.048455 -4.68150212e-05 2.427e-06
542.0484595 -3.851730948e-05 3.146e-06
542.0484592 -4.520853888e-05 5.602e-06
542.0484589 -5.282544352e-05 3.863e-06
542.0484582 -4.209778173e-05 3.354e-06
542.0484584 -4.440278473e-05 2.728e-06
542.0484574 -4.235980772e-05 2.345e-06
542.0484595 -3.813750818e-05 3.873e-06
542.0484579 -3.986735544e-05 3.257e-06
542.0484587 -4.090880051e-05 3.5e-06
542.0484547 -4.600669218e-05 2.886e-06
542.0484563 -4.526876902e-05 2.125e-06
542.0484561 -4.681739744e-05 2.15e-06
542.0505564 -6.067572278e-05 3.143e-06
542.050559 -4.948587807e-05 6.16e-06
542.0505588 -6.522374443e-05 5.384e-06
542.0505556 -6.463309175e-05 2.869e-06
542.0505574 -6.205035179e-05 3.452e-06
542.0505593 -5.684885086e-05 5.601e-06
542.0505567 -6.528681423e-05 3.731e-06
542.0505595 -6.649948484e-05 1.1078e-05
542.0505582 -6.576741076e-05 4.152e-06
542.0505553 -6.379708272e-05 3.255e-06
542.050558 -5.823736161e-05 4.237e-06
542.0505569 -6.632115165e-05 4.08e-06
542.0505585 -6.395455264e-05 4.04e-06
542.0505595 -5.674910316e-05 5.121e-06
542.050559 -5.069603941e-05 8.286e-06
542.0505593 -6.003899711e-05 6.045e-06
542.0505577 -6.199733263e-05 3.993e-06
542.0505588 -6.422761062e-05 5.961e-06
542.0505572 -6.302211543e-05 3.458e-06
542.0505551 -5.835502274e-05 3.997e-06
542.0505595 -5.899408915e-05 4.655e-06
542.050559 -6.647757508e-05 4.574e-06
542.0505593 -5.66735141e-05 7.664e-06
542.0505582 -5.996625188e-05 5.528e-06
542.0505585 -6.769189679e-05 3.525e-06
542.0505574 -5.953238118e-05 4.031e-06
542.0505595 -6.070354574e-05 5.687e-06
542.050558 -4.866630939e-05 4.469e-06
542.0505588 -5.607122769e-05 4.836e-06
542.0505548 -6.645410795e-05 3.065e-06
542.0505564 -6.402922955e-05 3.062e-06
542.0505561 -5.43496402e-05 3.314e-06
542.0527261 -7.971546417e-05 2.224e-06
542.0527287 -7.655021596e-05 5.475e-06
542.0527285 -7.394382101e-05 3.706e-06
542.0527253 -8.236827905e-05 1.976e-06
542.0527271 -8.348179354e-05 2.793e-06
542.052729 -7.625788514e-05 3.796e-06
542.0527263 -7.913485772e-05 2.543e-06
542.0527292 -7.976044997e-05 8.876e-06
542.0527279 -7.578371997e-05 3.587e-06
542.052725 -8.208846749e-05 1.822e-06
542.0527277 -7.869849012e-05 2.656e-06
542.0527266 -7.669629834e-05 2.025e-06
542.0527282 -7.909057465e-05 3.191e-06
542.0527292 -7.465455202e-05 3.607e-06
542.0527287 -7.786431056e-05 3.738e-06
542.052729 -7.595569558e-05 3.945e-06
542.0527274 -7.692135906e-05 3.049e-06
542.0527285 -7.446835327e-05 2.921e-06
542.0527269 -7.241299141e-05 2.276e-06
542.0527248 -7.66785192e-05 1.882e-06
542.0527292 -6.921606129e-05 3.761e-06
542.052729 -8.167825671e-05 3.347e-06
542.0527287 -7.984727593e-05 4.22e-06
542.0527279 -7.59793447e-05 2.971e-06
542.0527282 -7.868980499e-05 3.283e-06
542.0527271 -7.855248043e-05 2.613e-06
542.0527292 -7.778854027e-05 3.76e-06
542.0527277 -7.848720312e-05 3.026e-06
542.0527285 -7.958192861e-05 3.403e-06
542.0527245 -8.46601318e-05 2.745e-06
542.0527261 -8.237159943e-05 2.073e-06
542.0527258 -8.064158296e-05 2.078e-06
542.0554945 -9.747814357e-05 2.314e-06
542.0554971 -9.73955228e-05 3.522e-06
542.0554968 -9.129275014e-05 3.06e-06
542.0554937 -9.425310659e-05 2.162e-06
542.0554955 -9.530953944e-05 2.613e-06
542.0554974 -9.487659876e-05 2.749e-06
542.0554947 -9.609993869e-05 2.587e-06
542.0554976 -0.0001021288172 8.071e-06
542.0554963 -9.069855316e-05 3.429e-06
542.0554934 -9.786293821e-05 2.403e-06
542.055496 -9.638035618e-05 2.608e-06
542.055495 -9.425371247e-05 2.72e-06
542.0554966 -9.760959761e-05 3.175e-06
542.0554976 -9.946467507e-05 3.376e-06
542.0554971 -9.143514215e-05 3.618e-06
542.0554974 -9.994627023e-05 6.798e-06
542.0554958 -9.504742504e-05 2.52e-06
542.0554968 -9.34771378e-05 2.867e-06
542.0554953 -9.76172753e-05 2.51e-06
542.0554932 -9.783566686e-05 2.182e-06
542.0554976 -9.56558179e-05 4.565e-06
542.0554974 -9.617150576e-05 3.459e-06
542.0554971 -9.127727161e-05 2.856e-06
542.0554963 -9.021787732e-05 2.569e-06
542.0554966 -9.840171455e-05 2.814e-06
542.0554955 -9.47569926e-05 2.721e-06
542.0554976 -0.0001023665445 4.734e-06
542.055496 -9.293884003e-05 3.521e-06
542.0554968 -0.0001001927784 3.379e-06
542.0554929 -0.0001016074851 2.17e-06
542.0554945 -9.443222537e-05 1.971e-06
542.0554942 -9.465072721e-05 2.306e-06
542.058272 -0.0001164288411 2.167e-06
542.0582746 -0.0001121239702 3.731e-06
542.0582744 -0.0001140255598 2.771e-06
542.0582712 -0.0001151193932 2.251e-06
542.058273 -0.0001135040339 3.104e-06
542.0582749 -0.0001116238097 4.005e-06
542.0582723 -0.0001139878329 2.224e-06
542.0582751 -0.0001011062219 7.876e-06
542.0582738 -0.0001138078495 3.809e-06
542.0582709 -0.0001150416939 2.129e-06
542.0582736 -0.0001119588621 3.144e-06
542.0582725 -0.0001192413102 2.45e-06
542.0582741 -0.00011653515 3.064e-06
542.0582751 -0.0001055694484 2.703e-06
542.0582746 -0.0001142824762 4.558e-06
542.0582749 -0.0001167542163 6.277e-06
542.0582733 -0.0001153257802 3.092e-06
542.0582744 -0.0001120664092 2.99e-06
542.0582728 -0.0001145477038 2.188e-06
542.0582707 -0.0001159467463 2.186e-06
542.0582751 -0.0001132128389 2.854e-06
542.0582749 -0.0001103748435 3.918e-06
542.0582746 -0.0001141765015 3.107e-06
542.0582738 -0.0001188504044 2.606e-06
542.0582741 -0.0001170152617 2.7e-06
542.058273 -0.0001126169178 2.257e-06
542.0582751 -0.0001115789847 5.83e-06
542.0582736 -0.0001091611288 3.411e-06
542.0582744 -0.0001150889934 2.924e-06
542.0582704 -0.0001165548671 2.502e-06
542.058272 -0.0001176320384 1.995e-06
542.0582717 -0.000113384763 2.098e-06
542.0610485 -0.0001254392702 2.175e-06
542.0610511 -0.0001244777624 3.858e-06
542.0610508 -0.0001257086165 2.865e-06
542.0610477 -0.0001252998546 2.201e-06
542.0610495 -0.0001250357916 3.071e-06
542.0610514 -0.0001199747747 6.158e-06
542.0610487 -0.0001279293991 2.179e-06
542.0610503 -0.0001282104022 3.047e-06
542.0610474 -0.0001239402017 2.244e-06
542.06105 -0.0001258437912 2.82e-06
542.061049 -0.0001278779137 2.093e-06
542.0610506 -0.0001234814817 3.595e-06
542.0610516 -0.0001240335713 4.673e-06
542.0610511 -0.0001248350348 3.153e-06
542.0610514 -0.0001274587555 3.328e-06
542.0610498 -0.0001199067565 2.651e-06
542.0610508 -0.0001259758796 2.844e-06
542.0610493 -0.000125993829 2.846e-06
542.0610472 -0.0001274160093 2.419e-06
542.0610516 -0.0001238105449 3.68e-06
542.0610514 -0.0001270084018 3.724e-06
542.0610511 -0.0001218585842 2.776e-06
542.0610503 -0.0001231551364 3.124e-06
542.0610506 -0.0001228821366 3.272e-06
542.0610495 -0.0001279403575 2.533e-06
542.0610516 -0.0001255158063 6.18e-06
542.06105 -0.0001262621961 2.808e-06
542.0610508 -0.0001258443984 4.463e-06
542.0610469 -0.0001252551736 2.545e-06
542.0610485 -0.0001301541593 2.023e-06
542.0610482 -0.0001328198996 2.263e-06
542.0638271 -0.0001378139128 2.958e-06
542.0638297 -0.0001311203065 4.696e-06
542.0638295 -0.0001332437749 2.303e-06
542.0638263 -0.0001373041513 2.282e-06
542.0638281 -0.00013598113 2.057e-06
542.06383 -0.0001371247998 5.239e-06
542.0638302 -0.0001302146464 6.016e-06
542.0638274 -0.0001360997467 2.339e-06
542.0638289 -0.0001343671945 3.405e-06
542.063826 -0.000133769045 2.194e-06
542.0638287 -0.000138918887 3.021e-06
542.0638276 -0.0001383900584 2.346e-06
542.0638292 -0.0001299017183 3.855e-06
542.0638302 -0.0001301722503 5.109e-06
542.0638297 -0.0001377817203 3.028e-06
542.06383 -0.000129693497 2.85e-06
542.0638284 -0.000134941781 2.864e-06
542.0638295 -0.0001348714173 2.415e-06
542.0638279 -0.0001324612479 2.527e-06
542.0638258 -0.0001365142892 2.111e-06
542.0638302 -0.0001370991007 7.238e-06
542.06383 -0.0001289346679 4.519e-06
542.0638297 -0.0001372271913 3.308e-06
542.0638289 -0.0001377622636 2.795e-06
542.0638292 -0.0001372258018 3.337e-06
542.0638281 -0.0001338865159 2.574e-06
542.0638302 -0.0001279034434 4.442e-06
542.0638287 -0.0001372233494 2.518e-06
542.0638295 -0.0001300775835 4.224e-06
542.0638255 -0.0001388068888 2.672e-06
542.0638271 -0.0001372458663 2.765e-06
542.0638268 -0.0001333326035 2.341e-06
542.0666082 -0.0001420598504 5.111e-06
542.0666056 -0.0001404674583 2.529e-06
542.0666079 -0.0001433749126 2.285e-06
542.0666048 -0.0001448193765 2.361e-06
542.0666066 -0.0001451754709 1.698e-06
542.0666085 -0.0001347905838 5.213e-06
542.0666058 -0.0001394903338 2.884e-06
542.0666087 -0.0001364963918 4.678e-06
542.0666074 -0.0001372539755 3.241e-06
542.0666045 -0.0001456195772 2.366e-06
542.0666072 -0.0001413025803 2.729e-06
542.0666061 -0.0001467497001 2.504e-06
542.0666077 -0.0001378116194 2.699e-06
542.0666087 -0.000136391626 4.354e-06
542.0666082 -0.0001402186147 3.446e-06
542.0666085 -0.0001432870588 3.288e-06
542.0666069 -0.0001427255221 2.748e-06
542.0666079 -0.0001449924841 2.489e-06
542.0666064 -0.0001378910445 2.369e-06
542.0666043 -0.0001454513192 2.543e-06
542.0666087 -0.0001430241301 5.165e-06
542.0666085 -0.0001439924613 3.809e-06
542.0666082 -0.0001436264215 3.837e-06
542.0666074 -0.0001359212072 3.176e-06
542.0666077 -0.0001455575288 3.561e-06
542.0666066 -0.000147289835 2.235e-06
542.0666087 -0.0001377548102 3.64e-06
542.0666072 -0.0001401934762 2.798e-06
542.0666079 -0.0001388450979 3.492e-06
542.066604 -0.0001406050949 2.318e-06
542.0666056 -0.0001477844729 2.128e-06
542.0666053 -0.0001424755837 2.177e-06
542.0693869 -0.0001466933107 3.81e-06
542.0693842 -0.0001444261055 2.192e-06
542.0693866 -0.0001442845621 3.315e-06
542.0693835 -0.000141751504 2.522e-06
542.0693853 -0.0001419332278 2.328e-06
542.0693871 -0.0001344376016 4.096e-06
542.0693845 -0.0001469788295 2.386e-06
542.0693874 -0.0001487671161 6.239e-06
542.0693861 -0.0001409786096 2.912e-06
542.0693832 -0.0001460282743 2.286e-06
542.0693858 -0.0001438564306 2.666e-06
542.0693848 -0.0001469212445 2.41e-06
542.0693863 -0.0001454646315 3.26e-06
542.0693874 -0.0001455515704 4.061e-06
542.0693869 -0.0001405246 3.675e-06
542.0693871 -0.000142734238 4.14e-06
542.0693856 -0.0001460211329 2.274e-06
542.0693866 -0.0001408137022 3.469e-06
542.069385 -0.0001439224557 2.378e-06
542.0693829 -0.0001506288516 2.055e-06
542.0693874 -0.0001455856738 4.018e-06
542.0693871 -0.0001484780395 4.184e-06
542.0693869 -0.0001444151461 3.303e-06
542.0693861 -0.0001453631933 3.393e-06
542.0693863 -0.000143710921 3.684e-06
542.0693853 -0.000146018255 3.011e-06
542.0693874 -0.0001496685504 3.422e-06
542.0693858 -0.000140797576 2.66e-06
542.0693866 -0.0001431656038 3.674e-06
542.0693827 -0.0001448696733 2.327e-06
542.0693842 -0.0001473525408 2.049e-06
542.069384 -0.0001456526866 2.039e-06
542.0721642 -0.0001449367461 3.605e-06
542.0721616 -0.0001458829853 1.897e-06
542.0721639 -0.0001436779436 3.375e-06
542.0721608 -0.0001478696048 2.137e-06
542.0721626 -0.0001449911758 2.796e-06
542.0721645 -0.0001439819296 4.249e-06
542.0721618 -0.0001437035879 2.796e-06
542.0721647 -0.0001397750328 6.173e-06
542.0721634 -0.0001475644606 3.256e-06
542.0721605 -0.0001468857857 2.352e-06
542.0721631 -0.000144659247 2.711e-06
542.0721621 -0.0001495317345 2.694e-06
542.0721637 -0.0001491286085 3.685e-06
542.0721647 -0.0001427970167 6.394e-06
542.0721642 -0.0001452012772 3.992e-06
542.0721645 -0.0001459543916 4.072e-06
542.0721629 -0.0001418536024 3.078e-06
542.0721639 -0.0001449585077 3.633e-06
542.0721624 -0.0001386750886 2.432e-06
542.0721603 -0.0001503612295 2.068e-06
542.0721647 -0.0001475214011 4.372e-06
542.0721645 -0.000138720802 4.746e-06
542.0721642 -0.0001487557029 3.728e-06
542.0721634 -0.000146990849 2.949e-06
542.0721637 -0.0001452733977 3.078e-06
542.0721626 -0.000144577942 2.282e-06
542.0721647 -0.0001474836109 3.65e-06
542.0721631 -0.0001443016231 2.249e-06
542.0721639 -0.0001464421556 3.565e-06
542.07216 -0.0001499913182 2.182e-06
542.0721616 -0.0001469432605 1.822e-06
542.0721613 -0.0001451943487 2.041e-06
542.0749402 -0.0001375155206 3.875e-06
542.0749376 -0.0001404524362 2.476e-06
542.07494 -0.0001400850822 4.307e-06
542.0749368 -0.0001434129831 2.476e-06
542.0749387 -0.0001380756389 2.907e-06
542.0749405 -0.0001446465212 3.836e-06
542.0749379 -0.0001442271815 2.341e-06
542.0749408 -0.0001372566511 7.537e-06
542.0749394 -0.0001411609811 3.242e-06
542.0749366 -0.0001418094018 2.61e-06
542.0749392 -0.0001455172931 2.467e-06
542.0749381 -0.0001455149648 2.567e-06
542.0749397 -0.0001375540726 3.044e-06
542.0749408 -0.0001467847885 5.47e-06
542.0749402 -0.000146663614 3.682e-06
542.0749405 -0.0001418580978 4.681e-06
542.0749389 -0.0001362006902 3.312e-06
542.07494 -0.00013798762 4.142e-06
542.0749384 -0.0001458934145 2.365e-06
542.0749363 -0.0001420250004 2.387e-06
542.0749408 -0.0001425225807 4.925e-06
542.0749405 -0.0001387009979 3.796e-06
542.0749402 -0.0001318597155 5.333e-06
542.0749394 -0.0001420602446 2.898e-06
542.0749397 -0.0001415489899 2.7e-06
542.0749387 -0.0001442248561 1.994e-06
542.0749408 -0.0001367853596 5.416e-06
542.07494 -0.000140963454 3.348e-06
542.074936 -0.0001481843476 1.983e-06
542.0749376 -0.0001466428224 2.35e-06
542.0749373 -0.0001450224454 2.048e-06
542.07772 -0.0001381462114 3.882e-06
542.0777174 -0.0001341193145 2.357e-06
542.0777198 -0.0001347165877 4.009e-06
542.0777166 -0.0001358481851 2.372e-06
542.0777185 -0.0001369952032 3.295e-06
542.0777203 -0.0001345784544 4.923e-06
542.0777177 -0.0001346806698 2.685e-06
542.0777206 -0.000130868875 9.971e-06
542.0777193 -0.0001363543902 3.477e-06
542.0777164 -0.0001367305854 2.138e-06
542.077719 -0.0001367177023 2.593e-06
542.0777179 -0.0001336095832 2.383e-06
542.0777195 -0.0001331761562 2.798e-06
542.0777206 -0.0001327041923 3.926e-06
542.07772 -0.0001338826471 3.432e-06
542.0777203 -0.000133049433 4.221e-06
542.0777187 -0.0001355450389 2.473e-06
542.0777198 -0.000137796443 4.137e-06
542.0777182 -0.000135179143 2.76e-06
542.0777161 -0.0001352469084 2.366e-06
542.0777206 -0.0001319797734 3.712e-06
542.0777203 -0.0001380638368 4.011e-06
542.07772 -0.0001290900543 4.999e-06
542.0777193 -0.0001367632967 2.939e-06
542.0777195 -0.0001367564689 2.942e-06
542.0777185 -0.0001346517481 2.218e-06
542.0777206 -0.0001306148061 5.817e-06
542.077719 -0.0001380473396 2.662e-06
542.0777198 -0.0001374492873 3.089e-06
542.0777158 -0.0001410711263 2.285e-06
542.0777172 -0.0001385021225 2.362e-06
542.0804974 -0.0001278299819 3.025e-06
542.0804947 -0.0001252788869 2.022e-06
542.0804971 -0.0001232212688 3.726e-06
542.080494 -0.0001256058614 1.928e-06
542.0804958 -0.0001265425566 3.251e-06
542.0804976 -0.0001238520393 5.246e-06
542.080495 -0.0001302106133 2.435e-06
542.0804979 -0.0001124326769 8.156e-06
542.0804966 -0.0001261893305 4.337e-06
542.0804937 -0.0001284007926 2.093e-06
542.0804963 -0.0001305147174 2.557e-06
542.0804953 -0.0001245383115 2.504e-06
542.0804968 -0.0001231272979 3.952e-06
542.0804979 -0.0001246938869 3.479e-06
542.0804974 -0.0001188290685 4.305e-06
542.0804976 -0.0001275089292 3.641e-06
542.0804961 -0.0001268804403 2.412e-06
542.0804971 -0.0001206451029 4.321e-06
542.0804955 -0.0001302632255 2.815e-06
542.0804934 -0.0001283263373 2.141e-06
542.0804979 -0.0001205212109 3.753e-06
542.0804976 -0.0001223354008 4.196e-06
542.0804974 -0.000133679654 3.842e-06
542.0804966 -0.0001238662961 3.564e-06
542.0804968 -0.0001228455969 3.244e-06
542.0804958 -0.0001241212186 2.96e-06
542.0804979 -0.0001296308724 3.934e-06
542.0804963 -0.0001238810748 2.401e-06
542.0804971 -0.0001212327735 3.894e-06
542.0804932 -0.0001275986253 2.407e-06
542.0804947 -0.0001286961622 2.41e-06
542.0804945 -0.0001239747138 2.293e-06
542.0832731 -0.0001170971495 2.184e-06
542.0832757 -0.0001142912703 4.926e-06
542.0832754 -0.000113139368 3.12e-06
542.0832723 -0.000115553277 2.013e-06
542.0832741 -0.0001175704954 2.797e-06
542.0832759 -0.0001087110489 4.3e-06
542.0832733 -0.0001167304737 2.12e-06
542.0832749 -0.0001135014922 3.415e-06
542.0832746 -0.0001138279863 2.654e-06
542.0832736 -0.0001114750214 3.119e-06
542.0832752 -0.0001146109215 2.598e-06
542.0832762 -0.0001167778139 3.464e-06
542.0832757 -0.0001076286799 5.18e-06
542.0832759 -0.0001121292742 3.414e-06
542.0832744 -0.0001101119667 2.483e-06
542.0832754 -0.000113155341 3.837e-06
542.0832738 -0.0001126955936 2.699e-06
542.0832717 -0.0001158150298 2.296e-06
542.0832762 -0.0001135700024 4.222e-06
542.0832759 -0.0001060291183 4.404e-06
542.0832757 -0.0001120442971 2.923e-06
542.0832749 -0.000114966402 3.183e-06
542.0832752 -0.0001130424942 3.144e-06
542.0832741 -0.00011429572 2.524e-06
542.0832762 -0.0001192136986 4.165e-06
542.0832746 -0.0001157920529 2.941e-06
542.0832754 -0.0001106254611 3.503e-06
542.0832715 -0.0001193882305 2.423e-06
542.0832731 -0.000111694891 2.429e-06
542.0832728 -0.0001116357122 2.084e-06
542.08605 -9.840402121e-05 1.964e-06
542.0860527 -0.0001029134346 4.741e-06
542.0860524 -9.65692777e-05 3.15e-06
542.0860493 -9.49495578e-05 2.303e-06
542.0860511 -9.746594302e-05 2.552e-06
542.0860529 -9.915406119e-05 3.899e-06
542.0860503 -9.42338086e-05 2.251e-06
542.0860532 -8.209687433e-05 7.367e-06
542.0860519 -9.599260699e-05 2.805e-06
542.086049 -0.0001013410406 2.156e-06
542.0860516 -9.320248489e-05 2.829e-06
542.0860506 -9.720612549e-05 2.363e-06
542.0860521 -9.892916286e-05 3.32e-06
542.0860532 -0.0001030790161 4.466e-06
542.0860527 -9.18461639e-05 4.795e-06
542.0860529 -9.579330646e-05 3.612e-06
542.0860514 -9.637423558e-05 2.78e-06
542.0860524 -9.405531517e-05 4.043e-06
542.0860508 -9.402906585e-05 2.592e-06
542.0860487 -9.819075552e-05 2.433e-06
542.0860532 -9.756887732e-05 3.978e-06
542.0860529 -8.955401096e-05 4.487e-06
542.0860527 -9.704025308e-05 3.195e-06
542.0860519 -9.615662117e-05 3.006e-06
542.0860521 -9.332196672e-05 2.443e-06
542.0860511 -9.883487785e-05 2.452e-06
542.0860532 -9.214381698e-05 3.143e-06
542.0860516 -9.225402839e-05 2.665e-06
542.0860524 -9.187675241e-05 2.959e-06
542.0860485 -9.930476624e-05 2.172e-06
542.08605 -9.688765785e-05 2.178e-06
542.0860498 -9.815898472e-05 2.433e-06
542.0888273 -7.627899913e-05 2.304e-06
542.08883 -6.832786324e-05 5.558e-06
542.0888297 -7.748884839e-05 2.891e-06
542.0888265 -7.849876327e-05 2.54e-06
542.0888284 -8.069662092e-05 2.274e-06
542.0888302 -7.787976376e-05 2.827e-06
542.0888276 -7.962925376e-05 2.341e-06
542.0888305 -8.432678004e-05 6.505e-06
542.0888292 -7.629193735e-05 2.902e-06
542.0888263 -7.873782209e-05 2.005e-06
542.0888289 -7.563983619e-05 3.231e-06
542.0888279 -7.88197128e-05 2.285e-06
542.0888294 -7.589492552e-05 2.883e-06
542.0888305 -7.513231761e-05 5.626e-06
542.08883 -7.870898556e-05 3.804e-06
542.0888302 -7.318963277e-05 3.668e-06
542.0888286 -7.358391392e-05 2.694e-06
542.0888297 -8.092322084e-05 2.725e-06
542.0888281 -7.867164237e-05 2.759e-06
542.088826 -8.186395295e-05 2.227e-06
542.0888305 -7.567466774e-05 4.657e-06
542.08883 -8.039899283e-05 2.713e-06
542.0888302 -7.276398311e-05 3.725e-06
542.0888292 -7.465659498e-05 2.599e-06
542.0888294 -8.517230716e-05 2.912e-06
542.0888284 -7.9356715e-05 2.534e-06
542.0888305 -8.395303139e-05 3.32e-06
542.0888289 -7.757767854e-05 2.503e-06
542.0888297 -7.662465058e-05 4.561e-06
542.0888258 -7.811239459e-05 2.485e-06
542.0888273 -8.01119963e-05 2.382e-06
542.0888271 -7.869831868e-05 2.369e-06
542.0916042 -6.056915538e-05 2.38e-06
542.0916068 -5.78286932e-05 3.768e-06
542.0916066 -5.880925532e-05 2.891e-06
542.0916034 -6.141221239e-05 2.077e-06
542.0916052 -5.49305407e-05 2.557e-06
542.0916071 -5.930741447e-05 2.768e-06
542.0916044 -5.507691811e-05 2.605e-06
542.0916073 -4.767412699e-05 4.686e-06
542.091606 -5.296967385e-05 2.974e-06
542.0916031 -6.057059092e-05 2.093e-06
542.0916047 -6.483385898e-05 2.62e-06
542.0916063 -6.204643769e-05 3.28e-06
542.0916073 -5.99631958e-05 4.568e-06
542.0916068 -5.900106936e-05 6.775e-06
542.0916071 -5.968602625e-05 3.629e-06
542.0916055 -5.880624182e-05 3.031e-06
542.0916066 -6.03092704e-05 3.331e-06
542.091605 -5.647300671e-05 2.667e-06
542.0916029 -5.986376681e-05 2.171e-06
542.0916073 -6.133117265e-05 2.907e-06
542.0916071 -6.38056172e-05 3.848e-06
542.0916068 -6.566838296e-05 3.371e-06
542.091606 -5.985254774e-05 2.913e-06
542.0916063 -6.079238208e-05 2.962e-06
542.0916052 -5.858400654e-05 2.859e-06
542.0916073 -6.061294642e-05 3.207e-06
542.0916058 -5.346536643e-05 2.99e-06
542.0916066 -5.929472592e-05 2.944e-06
542.0916026 -6.498504311e-05 2.005e-06
542.0916042 -6.069443813e-05 2.37e-06
542.0916039 -6.15079132e-05 1.995e-06
542.0943825 -3.351933795e-05 2.611e-06
542.0943851 -3.285925764e-05 2.926e-06
542.0943817 -3.523606847e-05 1.742e-06
542.0943848 -2.990767318e-05 3.043e-06
542.0943835 -3.282832553e-05 2.644e-06
542.0943827 -3.556837768e-05 2.356e-06
542.0943854 -3.2355047e-05 3.712e-06
542.0943856 -3.425421363e-05 5.079e-06
542.0943843 -3.319737241e-05 3.064e-06
542.0943814 -4.217974486e-05 1.97e-06
542.0943841 -2.911326139e-05 2.674e-06
542.094383 -4.087216189e-05 2.228e-06
542.0943846 -3.35082293e-05 3.293e-06
542.0943856 -3.110695025e-05 4.574e-06
542.0943851 -3.374378266e-05 4.868e-06
542.0943854 -4.230587664e-05 4.216e-06
542.0943838 -3.722309373e-05 2.422e-06
542.0943848 -4.346906002e-05 3.172e-06
542.0943833 -3.798405732e-05 2.43e-06
542.0943812 -4.00141555e-05 2.333e-06
542.0943856 -3.658234728e-05 4.164e-06
542.0943854 -3.622564986e-05 4.277e-06
542.0943851 -3.954370014e-05 4.028e-06
542.0943843 -3.412917857e-05 2.841e-06
542.0943846 -3.665948412e-05 2.63e-06
542.0943835 -3.28995542e-05 2.888e-06
542.0943856 -3.533523151e-05 3.424e-06
542.0943841 -3.540963081e-05 3.58e-06
542.0943848 -3.532657874e-05 2.967e-06
542.0943809 -3.951970069e-05 2.303e-06
542.0943825 -3.453496071e-05 2.9e-06
542.0943822 -3.524728415e-05 2.533e-06
542.0971607 -1.234641941e-05 2.682e-06
542.0971633 -1.363318354e-05 3.606e-06
542.0971599 -1.133419583e-05 2.231e-06
542.097163 -1.228452173e-05 3.434e-06
542.0971617 -1.047369394e-05 2.345e-06
542.0971609 -8.057452214e-06 2.598e-06
542.0971636 -1.284997585e-05 2.978e-06
542.0971638 -1.568017156e-05 6.831e-06
542.0971625 -9.656709881e-06 3.229e-06
542.0971596 -1.48764841e-05 1.976e-06
542.0971623 -1.106325108e-05 2.778e-06
542.0971612 -1.404623473e-05 2.639e-06
542.0971628 -1.164101821e-05 2.179e-06
542.0971638 -1.156706454e-05 3.322e-06
542.0971633 -1.270213989e-05 5.679e-06
542.0971636 -1.276709363e-05 2.576e-06
542.097162 -1.293796891e-05 2.258e-06
542.097163 -1.151525188e-05 3.357e-06
542.0971615 -7.63772218e-06 2.76e-06
542.0971594 -1.392905608e-05 2.271e-06
542.0971638 -9.118969277e-06 5.074e-06
542.0971633 -1.757653562e-05 3.625e-06
542.0971636 -1.328986557e-05 3.237e-06
542.0971625 -8.253237479e-06 3.446e-06
542.0971628 -7.975167989e-06 2.62e-06
542.0971617 -8.917349792e-06 2.736e-06
542.0971638 -1.547664966e-05 4.708e-06
542.0971623 -8.230827616e-06 2.99e-06
542.097163 -1.364409721e-05 3.039e-06
542.0971591 -1.075735959e-05 2.359e-06
542.0971607 -1.499895799e-05 2.355e-06
542.0971604 -1.063629298e-05 2.255e-06
542.0999378 1.589936241e-05 2.261e-06
542.0999404 8.728872013e-06 3.812e-06
542.099937 1.39144669e-05 1.905e-06
542.0999401 8.640094244e-06 3.354e-06
542.0999388 1.918181413e-05 2.831e-06
542.099938 1.406704993e-05 1.866e-06
542.0999406 1.404566097e-05 3.08e-06
542.0999409 1.349715449e-05 5.612e-06
542.0999396 1.582352368e-05 3.033e-06
542.0999367 1.324023483e-05 2.21e-06
542.0999393 1.115041445e-05 2.548e-06
542.0999383 1.463110769e-05 2.448e-06
542.0999399 1.621688451e-05 3.368e-06
542.0999409 1.209391752e-05 2.769e-06
542.0999404 1.631009626e-05 3.666e-06
542.0999406 1.033285305e-05 3.616e-06
542.0999391 1.594848238e-05 2.565e-06
542.0999401 1.71540477e-05 3.404e-06
542.0999385 1.404906763e-05 2.374e-06
542.0999364 1.361683676e-05 2.229e-06
542.0999409 2.243772594e-05 4.964e-06
542.0999406 1.456374146e-05 4.092e-06
542.0999404 1.675973367e-05 3.717e-06
542.0999396 1.823069525e-05 2.913e-06
542.0999399 1.519453487e-05 2.984e-06
542.0999388 1.042938334e-05 2.468e-06
542.0999409 1.203161283e-05 4.45e-06
542.0999393 1.57993279e-05 2.932e-06
542.0999401 1.936509747e-05 2.294e-06
542.0999362 1.240046551e-05 2.204e-06
542.0999378 1.339520392e-05 2.145e-06
542.0999375 1.500401941e-05 2.421e-06
542.1027171 4.032142314e-05 2.056e-06
542.1027198 4.351981099e-05 5.018e-06
542.1027164 3.801143661e-05 2.274e-06
542.1027195 4.598703913e-05 4.648e-06
542.1027182 4.491674625e-05 3.245e-06
542.1027174 3.846972712e-05 2.101e-06
542.10272 3.742136314e-05 3.601e-06
542.1027203 4.098394333e-05 5.076e-06
542.102719 3.94432541e-05 3.117e-06
542.1027161 4.119959161e-05 2.045e-06
542.1027187 4.328843145e-05 3.155e-06
542.1027177 4.2870996e-05 2.438e-06
542.1027192 4.547728772e-05 3.343e-06
542.1027203 4.325291734e-05 3.86e-06
542.1027198 4.639024426e-05 4.164e-06
542.10272 3.73299168e-05 4.305e-06
542.1027185 4.603158624e-05 2.837e-06
542.1027195 3.942745151e-05 3.193e-06
542.1027179 4.358857024e-05 3.066e-06
542.1027158 4.072215687e-05 2.144e-06
542.1027203 4.895174292e-05 5.371e-06
542.10272 4.055355385e-05 4.281e-06
542.1027198 4.504923577e-05 2.909e-06
542.102719 4.068084849e-05 2.933e-06
542.1027192 4.29833801e-05 3.715e-06
542.1027182 3.827154221e-05 2.523e-06
542.1027203 4.410815544e-05 4.64e-06
542.1027187 4.390185848e-05 3.363e-06
542.1027195 4.539079668e-05 3.473e-06
542.1027156 3.54400419e-05 2.213e-06
542.1027171 3.825436715e-05 2.903e-06
542.1027169 3.578684691e-05 2.328e-06
542.1054936 6.648668422e-05 2.54e-06
542.1054962 6.765264935e-05 3.246e-06
542.1054928 6.931026803e-05 1.91e-06
542.105496 7.119736643e-05 3.622e-06
542.1054946 6.96994197e-05 2.971e-06
542.1054939 6.958898926e-05 2.361e-06
542.1054965 7.198380402e-05 3.245e-06
542.1054967 7.768452277e-05 8.332e-06
542.1054954 6.935219668e-05 3.383e-06
542.1054925 6.649829395e-05 2.16e-06
542.1054952 6.374201678e-05 2.366e-06
542.1054941 6.716397537e-05 2.114e-06
542.1054957 7.375531274e-05 3.414e-06
542.1054967 7.272333303e-05 4.541e-06
542.1054962 7.138688819e-05 3.457e-06
542.1054965 7.023281389e-05 4.435e-06
542.1054949 6.975023223e-05 3.424e-06
542.105496 7.066442969e-05 2.859e-06
542.1054944 7.110592051e-05 2.567e-06
542.1054923 6.672280773e-05 2.156e-06
542.1054967 5.707917078e-05 4.437e-06
542.1054962 7.278626897e-05 4.23e-06
542.1054965 6.461534796e-05 3.776e-06
542.1054954 7.580941423e-05 3.224e-06
542.1054957 6.670778426e-05 2.83e-06
542.1054946 6.517421272e-05 2.478e-06
542.1054967 6.587830253e-05 4.787e-06
542.1054952 6.4221261e-05 2.681e-06
542.105496 7.021310561e-05 2.653e-06
542.105492 6.68052108e-05 2.466e-06
542.1054936 6.584820322e-05 2.45e-06
542.1054933 6.492146427e-05 2.207e-06
542.1082726 9.755452503e-05 2.277e-06
542.1082752 9.442891504e-05 3.561e-06
542.1082718 9.243157754e-05 1.928e-06
542.108275 9.109650374e-05 3.083e-06
542.1082737 9.003504135e-05 2.817e-06
542.1082729 9.277363642e-05 2.337e-06
542.1082755 9.67505049e-05 2.974e-06
542.1082758 9.864811299e-05 6.106e-06
542.1082745 9.846511637e-05 2.919e-06
542.1082716 9.339771922e-05 2.05e-06
542.1082742 9.10495736e-05 2.497e-06
542.1082731 9.361109892e-05 2.353e-06
542.1082747 8.883098406e-05 3.045e-06
542.1082758 9.875363983e-05 4.757e-06
542.1082752 9.966476429e-05 3.7e-06
542.1082755 9.322026395e-05 4.173e-06
542.1082739 8.633873591e-05 3.376e-06
542.108275 9.419666154e-05 3.616e-06
542.1082734 9.197754272e-05 2.208e-06
542.1082713 9.134220031e-05 1.959e-06
542.1082758 0.000102798324 3.96e-06
542.1082752 9.485531711e-05 3.245e-06
542.1082755 0.0001023320772 3.797e-06
542.1082745 9.658342544e-05 2.425e-06
542.1082747 9.202470495e-05 2.759e-06
542.1082737 9.50049266e-05 2.369e-06
542.1082758 9.518842783e-05 3.987e-06
542.1082742 9.571606901e-05 3.08e-06
542.108275 9.553231235e-05 2.617e-06
542.108271 9.078242953e-05 2.172e-06
542.1082726 9.291379739e-05 2.137e-06
542.1082723 9.207994848e-05 2.096e-06
542.1110497 0.0001175104588 2.064e-06
542.1110523 0.000114510271 4.799e-06
542.1110489 0.0001177689551 2.019e-06
542.1110521 0.0001216147204 2.977e-06
542.1110508 0.0001123721475 2.66e-06
542.11105 0.0001168660732 2.43e-06
542.1110526 0.0001187810726 5.339e-06
542.1110529 0.0001244652337 5.212e-06
542.1110515 0.0001175745256 3.171e-06
542.1110487 0.0001174974938 1.929e-06
542.1110513 0.0001150501887 2.781e-06
542.1110502 0.0001175847454 2.687e-06
542.1110518 0.0001194133511 2.642e-06
542.1110529 0.0001209818382 5.046e-06
542.1110523 0.0001225312515 5.767e-06
542.1110526 0.0001243231589 4.7e-06
542.111051 0.0001151209955 2.722e-06
542.1110521 0.000116857832 3.074e-06
542.1110505 0.0001203222384 2.936e-06
542.1110484 0.0001150823836 2.08e-06
542.1110529 0.0001152192219 3.607e-06
542.1110523 0.00012066702 3.291e-06
542.1110526 0.0001093280262 3.376e-06
542.1110515 0.0001197491558 2.486e-06
542.1110518 0.0001186861229 2.605e-06
542.1110508 0.0001224806511 2.765e-06
542.1110529 0.0001188167164 3.239e-06
542.1110513 0.0001152655047 2.65e-06
542.1110521 0.000123163646 3.024e-06
542.1110481 0.0001124151544 1.961e-06
542.1110497 0.0001173761164 2.417e-06
542.1110494 0.0001146763592 2.217e-06
542.1138272 0.0001393516035 2.399e-06
542.1138298 0.0001354307796 4.02e-06
542.1138264 0.0001357936762 2.477e-06
542.1138296 0.0001397491645 3.358e-06
542.1138282 0.0001336909016 3.124e-06
542.1138274 0.0001316730546 2.663e-06
542.1138301 0.0001402186465 4.116e-06
542.1138303 0.000136841569 3.398e-06
542.113829 0.0001389609611 3.678e-06
542.1138261 0.0001354620133 2.125e-06
542.1138288 0.0001312055928 3.008e-06
542.1138277 0.000139740342 2.691e-06
542.1138293 0.0001360307964 2.99e-06
542.1138303 0.0001313060275 3.674e-06
542.1138298 0.0001405170376 3.719e-06
542.1138301 0.0001403768924 3.683e-06
542.1138285 0.000139257089 3.242e-06
542.1138296 0.0001381329704 2.386e-06
542.113828 0.0001339899911 2.571e-06
542.1138259 0.0001323485279 2.003e-06
542.1138303 0.0001427015759 5.031e-06
542.1138298 0.000132002424 6.049e-06
542.1138301 0.0001334284845 3.954e-06
542.113829 0.0001388990121 2.555e-06
542.1138293 0.0001389239986 2.981e-06
542.1138282 0.0001385818059 2.243e-06
542.1138303 0.0001398767631 2.826e-06
542.1138288 0.0001375427915 2.967e-06
542.1138296 0.0001373018725 3.539e-06
542.1138256 0.0001302471365 2.32e-06
542.1138272 0.0001341816218 2.601e-06
542.1138269 0.0001354905198 1.966e-06
542.1166055 0.0001509694653 2.422e-06
542.1166081 0.0001481103008 4.495e-06
542.1166047 0.00015088984 2.234e-06
542.1166079 0.000160966076 3.702e-06
542.1166066 0.0001486258188 2.18e-06
542.1166058 0.000150439485 2.538e-06
542.1166084 0.0001545997865 3.099e-06
542.1166074 0.0001542816532 2.406e-06
542.1166045 0.0001518094491 2.134e-06
542.1166071 0.0001513016238 2.125e-06
542.116606 0.0001521674706 2.875e-06
542.1166076 0.0001487774947 3.704e-06
542.1166087 0.0001529657013 3.172e-06
542.1166081 0.0001587485011 4.348e-06
542.1166084 0.0001520242577 3.892e-06
542.1166068 0.0001526911321 2.426e-06
542.1166079 0.0001502904647 3.227e-06
542.1166063 0.000154745912 2.601e-06
542.1166042 0.0001514648756 2.044e-06
542.1166087 0.0001490599376 4.232e-06
542.1166081 0.0001519108847 3.928e-06
542.1166084 0.0001575797827 3.756e-06
542.1166074 0.0001521829606 2.582e-06
542.1166076 0.0001521055354 1.933e-06
542.1166066 0.0001553938267 2.802e-06
542.1166087 0.0001599606276 5.01e-06
542.1166071 0.0001505616844 2.562e-06
542.1166079 0.0001538349983 2.755e-06
542.1166039 0.0001498674653 2.373e-06
542.1166055 0.0001517566284 2.924e-06
542.1166053 0.0001530788017 2.303e-06
542.1193825 0.0001610688956 2.44e-06
542.1193851 0.0001599774604 5.727e-06
542.1193817 0.0001607787531 1.929e-06
542.1193849 0.0001720336985 3.912e-06
542.1193836 0.0001638488501 2.861e-06
542.1193828 0.0001581559654 2.705e-06
542.1193854 0.0001644994938 3.5e-06
542.1193857 0.0001608427751 7.839e-06
542.1193843 0.0001630093511 2.895e-06
542.1193815 0.0001618211536 2.075e-06
542.1193841 0.0001662371949 2.845e-06
542.119383 0.0001652690054 2.903e-06
542.1193846 0.0001677356019 3.852e-06
542.1193857 0.0001680417521 3.718e-06
542.1193851 0.0001676670398 4.488e-06
542.1193854 0.0001583258758 4.139e-06
542.1193838 0.0001607021628 2.568e-06
542.1193849 0.0001635772461 2.35e-06
542.1193833 0.00016341005 3.029e-06
542.1193812 0.0001644033289 2.343e-06
542.1193857 0.0001650202545 4.485e-06
542.1193854 0.0001644047462 2.797e-06
542.1193851 0.0001618859037 4.093e-06
542.1193843 0.0001636517336 2.149e-06
542.1193846 0.0001591911477 2.341e-06
542.1193836 0.0001651510929 2.534e-06
542.1193857 0.0001636226509 4.185e-06
542.1193841 0.000160491934 3.241e-06
542.1193849 0.0001607847986 3.971e-06
542.1193809 0.000159865226 2.54e-06
542.1193825 0.0001635945782 2.339e-06
542.1193822 0.0001655774065 2.281e-06
542.1221617 0.00016365773 2.093e-06
542.1221644 0.000173873983 6.483e-06
542.1221609 0.0001670190385 2.488e-06
542.1221641 0.0001713245832 3.517e-06
542.1221628 0.0001657963569 3.182e-06
542.122162 0.0001652132184 2.6e-06
542.1221646 0.000162284295 4.578e-06
542.1221649 0.0001641520513 8.981e-06
542.1221636 0.000164907892 3.337e-06
542.1221607 0.000163582385 2.269e-06
542.1221633 0.0001654319823 2.913e-06
542.1221623 0.0001658540496 3.055e-06
542.1221638 0.0001627924388 3.419e-06
542.1221649 0.0001682828078 4.048e-06
542.1221644 0.0001698339854 3.661e-06
542.1221646 0.0001619525345 4.96e-06
542.122163 0.0001661808075 3.532e-06
542.1221641 0.000165431387 1.977e-06
542.1221625 0.0001691115421 3.016e-06
542.1221604 0.0001591446079 2.309e-06
542.1221649 0.000173774028 5.896e-06
542.1221646 0.0001658156135 3.173e-06
542.1221644 0.0001666693819 3.583e-06
542.1221636 0.0001657455721 3.631e-06
542.1221638 0.0001639925413 2.466e-06
542.1221628 0.0001638238839 2.35e-06
542.1221649 0.0001649412858 3.214e-06
542.1221633 0.0001678104174 4.02e-06
542.1221641 0.0001621928886 3.932e-06
542.1221602 0.000159624966 2.246e-06
542.1221617 0.0001650568275 2.448e-06
542.1221615 0.0001644202569 2.563e-06
542.1249381 0.0001623564403 1.984e-06
542.1249407 0.000164428243 4.799e-06
542.1249373 0.0001619964777 2.573e-06
542.1249404 0.0001733307167 4.341e-06
542.1249391 0.0001660897642 2.975e-06
542.1249383 0.0001644266917 2.262e-06
542.124941 0.0001613090417 4.991e-06
542.1249412 0.0001672607145 7.676e-06
542.1249399 0.000169803883 2.469e-06
542.124937 0.0001644001371 2.474e-06
542.1249397 0.0001688468397 3.079e-06
542.1249386 0.0001669977307 2.722e-06
542.1249402 0.000166978204 3.824e-06
542.1249412 0.0001660872719 3.797e-06
542.1249407 0.000169214 4.935e-06
542.124941 0.0001631037006 3.4e-06
542.1249394 0.0001675538126 2.929e-06
542.1249404 0.0001687178946 2.195e-06
542.1249389 0.0001663949988 2.453e-06
542.1249368 0.0001650726823 2.018e-06
542.1249412 0.0001679972207 4.22e-06
542.1249407 0.0001666625979 3.04e-06
542.124941 0.0001670324489 4.279e-06
542.1249399 0.0001690572584 3.751e-06
542.1249402 0.0001671008528 3.315e-06
542.1249391 0.0001623465222 2.664e-06
542.1249412 0.0001694732993 8.182e-06
542.1249397 0.0001700604498 3.292e-06
542.1249404 0.000165414042 3.261e-06
542.1249365 0.0001644847781 2.415e-06
542.1249381 0.0001666160337 2.463e-06
542.1249378 0.0001637881931 2.377e-06
542.1277172 0.0001595660795 2.44e-06
542.1277199 0.0001499990474 5.681e-06
542.1277164 0.0001548933594 1.954e-06
542.1277196 0.0001535304282 3.95e-06
542.1277183 0.0001524921251 2.614e-06
542.1277175 0.000154440269 2.074e-06
542.1277201 0.0001567236693 5.168e-06
542.1277204 0.0001565070681 6.722e-06
542.1277191 0.0001571663681 3.173e-06
542.1277162 0.0001556321154 2.1e-06
542.1277188 0.0001596007689 3.402e-06
542.1277178 0.0001525591639 2.374e-06
542.1277193 0.0001609737608 3.191e-06
542.1277204 0.0001598494314 4.867e-06
542.1277199 0.000159178281 6.681e-06
542.1277201 0.0001561290966 3.815e-06
542.1277185 0.0001560255155 2.855e-06
542.1277196 0.0001581753933 2.949e-06
542.127718 0.0001566941659 3.254e-06
542.1277159 0.0001549868639 2.02e-06
542.1277204 0.0001584710898 3.209e-06
542.1277199 0.0001586407431 3.209e-06
542.1277201 0.0001594880185 4.206e-06
542.1277191 0.0001598237002 2.922e-06
542.1277193 0.0001590514419 3.817e-06
542.1277183 0.0001551338186 2.45e-06
542.1277204 0.0001484550387 8.968e-06
542.1277188 0.000153783217 2.569e-06
542.1277196 0.0001574489659 3.109e-06
542.1277157 0.0001558234512 2.136e-06
542.1277172 0.0001545801323 2.47e-06
542.127717 0.0001577518938 2.667e-06
542.1304935 0.0001407561067 2.535e-06
542.1304962 0.0001484500001 4.437e-06
542.1304928 0.0001410674506 2.437e-06
542.1304959 0.0001423823572 3.563e-06
542.1304946 0.0001422614807 2.656e-06
542.1304938 0.0001399148556 2.341e-06
542.1304964 0.0001350754796 6.422e-06
542.1304967 0.0001390306588 6.208e-06
542.1304954 0.0001394410549 3.325e-06
542.1304925 0.0001387295099 2.447e-06
542.1304951 0.000138773001 4.049e-06
542.1304941 0.0001389662013 2.234e-06
542.1304957 0.0001440031006 3.583e-06
542.1304967 0.0001450946982 6.116e-06
542.1304962 0.0001442747247 5.61e-06
542.1304964 0.0001434195903 4.517e-06
542.1304949 0.0001426837268 3.621e-06
542.1304959 0.0001429791317 3.187e-06
542.1304943 0.0001382471711 3.171e-06
542.1304922 0.0001385853972 1.967e-06
542.1304967 0.0001442758965 4.33e-06
542.1304962 0.0001431550824 3.17e-06
542.1304964 0.0001379268722 3.848e-06
542.1304954 0.0001435825967 2.877e-06
542.1304957 0.0001387873032 3.887e-06
542.1304946 0.0001432103093 2.76e-06
542.1304967 0.0001440305627 4.39e-06
542.1304951 0.0001395936427 3.083e-06
542.1304959 0.0001389538167 3.153e-06
542.130492 0.0001429032232 1.988e-06
542.1304935 0.0001402997858 2.665e-06
542.1304933 0.0001432548246 2.446e-06
542.1332724 0.000122379919 2.654e-06
542.1332751 0.0001224685398 4.118e-06
542.1332717 0.0001230459002 2.29e-06
542.1332748 0.0001263068717 4.917e-06
542.1332735 0.0001240035684 2.674e-06
542.1332727 0.0001224230082 2.269e-06
542.1332753 0.0001217282369 3.432e-06
542.1332756 0.0001174874938 7.27e-06
542.1332743 0.0001281266612 3.985e-06
542.1332714 0.0001218216608 2.108e-06
542.133274 0.0001188235489 2.275e-06
542.133273 0.0001233972497 2.862e-06
542.1332746 0.00012719254 3.462e-06
542.1332756 0.0001300483251 4.593e-06
542.1332751 0.0001244014 4.543e-06
542.1332753 0.0001305684195 4.614e-06
542.1332738 0.0001251934045 2.724e-06
542.1332748 0.0001206953817 3.411e-06
542.1332732 0.0001270505599 2.608e-06
542.1332711 0.000120058226 2.101e-06
542.1332756 0.0001300332965 4.628e-06
542.1332753 0.0001209258944 3.435e-06
542.1332751 0.0001212263811 3.033e-06
542.1332743 0.0001204743508 3.177e-06
542.1332746 0.0001236427267 3.524e-06
542.1332735 0.0001241201166 2.761e-06
542.1332756 0.000123602595 3.087e-06
542.133274 0.0001208861456 2.813e-06
542.1332748 0.0001244583556 3.465e-06
542.1332709 0.0001160987714 2.058e-06
542.1332724 0.0001206574592 2.707e-06
542.1332722 0.0001219644824 2.335e-06
542.1360878 0.0001021180699 2.719e-06
542.1360904 0.0001040107219 3.653e-06
542.136087 9.384258217e-05 2.373e-06
542.1360901 9.836380227e-05 4.353e-06
542.1360888 9.780874197e-05 3.29e-06
542.136088 9.214415373e-05 2.48e-06
542.1360907 9.488722294e-05 2.799e-06
542.1360909 9.668386141e-05 7.101e-06
542.1360896 9.776410477e-05 3.396e-06
542.1360867 9.406744127e-05 2.045e-06
542.1360893 9.746063596e-05 3.069e-06
542.1360883 9.884812468e-05 2.833e-06
542.1360899 9.910719979e-05 3.345e-06
542.1360909 9.929770301e-05 3.496e-06
542.1360904 9.47112008e-05 4.755e-06
542.1360907 9.709277638e-05 3.606e-06
542.1360891 9.516116677e-05 2.715e-06
542.1360901 0.0001004215007 4.298e-06
542.1360886 0.0001019548455 2.484e-06
542.1360865 9.969211116e-05 2.479e-06
542.1360909 9.287889823e-05 2.724e-06
542.1360904 0.0001002232438 3.866e-06
542.1360907 0.0001005133781 3.273e-06
542.1360896 9.981812213e-05 3.192e-06
542.1360899 0.0001006418845 2.968e-06
542.1360888 9.991030594e-05 3.429e-06
542.1360909 0.0001071603938 3.751e-06
542.1360893 9.723885362e-05 2.893e-06
542.1360901 9.48204995e-05 3.631e-06
542.1360862 9.602926598e-05 2.302e-06
542.1360878 9.790573957e-05 2.163e-06
542.1360875 9.517307255e-05 2.312e-06
542.1388275 7.17247156e-05 2.651e-06
542.1388301 6.735344538e-05 3.849e-06
542.1388267 7.16370739e-05 2.3e-06
542.1388298 8.037082195e-05 4.255e-06
542.1388285 7.94424881e-05 2.901e-06
542.1388277 7.257211013e-05 2.273e-06
542.1388303 7.382985494e-05 3.376e-06
542.1388306 7.713091195e-05 3.86e-06
542.1388293 6.799483526e-05 2.696e-06
542.1388264 7.484590593e-05 2.322e-06
542.138829 7.289929327e-05 2.863e-06
542.138828 7.158856766e-05 2.511e-06
542.1388296 7.264432485e-05 3.134e-06
542.1388306 8.547444882e-05 6.981e-06
542.1388301 7.43399876e-05 4.039e-06
542.1388303 7.840399684e-05 4.779e-06
542.1388288 7.351868849e-05 2.687e-06
542.1388298 7.50339653e-05 3.633e-06
542.1388282 7.558483082e-05 2.828e-06
542.1388261 7.279772088e-05 1.949e-06
542.1388306 7.241625369e-05 3.933e-06
542.1388301 7.487842874e-05 3.793e-06
542.1388303 7.332638945e-05 2.834e-06
542.1388293 7.635862051e-05 2.866e-06
542.1388296 7.385558726e-05 4.096e-06
542.1388285 7.682544967e-05 2.716e-06
542.1388306 8.098498476e-05 3.903e-06
542.138829 6.796864544e-05 3.057e-06
542.1388298 7.551165923e-05 3.428e-06
542.1388259 7.021484595e-05 1.99e-06
542.1388275 7.492897674e-05 2.373e-06
542.1388272 7.503213044e-05 2.092e-06
542.141605 4.629869327e-05 2.333e-06
542.1416077 4.551891534e-05 3.877e-06
542.1416043 3.919400932e-05 2.19e-06
542.1416074 5.612991611e-05 4.552e-06
542.1416061 3.852789965e-05 3.118e-06
542.1416053 4.476015847e-05 2.577e-06
542.1416079 3.924145781e-05 3.369e-06
542.1416082 4.590064035e-05 3.313e-06
542.1416069 4.611055203e-05 3.845e-06
542.141604 4.152579545e-05 2.412e-06
542.1416066 5.138306745e-05 2.981e-06
542.1416056 4.046058957e-05 2.536e-06
542.1416071 4.142483269e-05 2.962e-06
542.1416082 5.451539761e-05 6.405e-06
542.1416077 4.50248725e-05 5.939e-06
542.1416079 4.268963141e-05 4.009e-06
542.1416064 4.837446407e-05 3.884e-06
542.1416074 4.548221907e-05 4.117e-06
542.1416058 5.047177284e-05 2.646e-06
542.1416037 4.132423704e-05 2.273e-06
542.1416082 4.585583894e-05 3.129e-06
542.1416077 4.610501586e-05 3.221e-06
542.1416079 4.611877977e-05 4.067e-06
542.1416069 4.599425251e-05 3.153e-06
542.1416071 4.56883302e-05 3.096e-06
542.1416061 4.656422675e-05 2.469e-06
542.1416082 4.483338503e-05 4.667e-06
542.1416066 4.051105709e-05 2.608e-06
542.1416074 4.801104328e-05 4.353e-06
542.1416035 4.540773728e-05 2.103e-06
542.141605 4.615968621e-05 2.751e-06
542.1416048 4.222117939e-05 2.584e-06
542.1443834 1.789019642e-05 2.807e-06
542.1443861 2.325390738e-05 6.258e-06
542.1443827 1.476087383e-05 3.005e-06
542.1443858 1.4165418e-05 4.471e-06
542.1443845 1.863363044e-05 3.483e-06
542.1443837 2.106682003e-05 3.004e-06
542.1443863 2.058703731e-05 5.197e-06
542.1443866 2.97824874e-05 8.671e-06
542.1443853 2.606659103e-05 3.87e-06
542.1443824 1.94163994e-05 3.007e-06
542.144385 2.229746683e-05 3.603e-06
542.144384 1.705159587e-05 2.645e-06
542.1443855 1.753036555e-05 3.619e-06
542.1443866 3.180167753e-05 8.116e-06
542.1443861 1.184681867e-05 5.761e-06
542.1443863 2.266791721e-05 4.17e-06
542.1443848 2.573415624e-05 3.462e-06
542.1443858 2.184472389e-05 4.758e-06
542.1443842 1.609699899e-05 3.596e-06
542.1443821 1.489004515e-05 2.45e-06
542.1443866 3.396941424e-05 5.758e-06
542.1443863 1.973719124e-05 3.47e-06
542.1443861 1.984777102e-05 4.649e-06
542.1443853 1.556213819e-05 3.545e-06
542.1443855 2.071889948e-05 3.252e-06
542.1443845 1.557093163e-05 2.77e-06
542.1443866 1.664102478e-05 4.591e-06
542.144385 1.594894222e-05 3.614e-06
542.1443858 2.063762945e-05 3.053e-06
542.1443819 1.840952777e-05 2.505e-06
542.1443834 1.615797165e-05 3.015e-06
542.1443832 1.844480803e-05 2.722e-06
542.1471611 -1.696307271e-05 2.621e-06
542.1471637 -1.636977815e-05 6.1e-06
542.1471603 -1.319689869e-05 2.388e-06
542.1471634 -1.157984271e-05 3.789e-06
542.1471621 -1.217381748e-05 3.128e-06
542.1471613 -1.02140159e-05 3.265e-06
542.147164 -4.663440806e-06 5.082e-06
542.1471642 1.05952186e-06 7.018e-06
542.1471629 -1.341933066e-05 3.03e-06
542.14716 -1.00487091e-05 2.581e-06
542.1471627 -1.410982464e-05 3.21e-06
542.1471616 -1.60843881e-05 2.983e-06
542.1471632 -1.231896798e-05 2.789e-06
542.1471642 -1.04198916e-05 8.426e-06
542.1471637 -1.677467028e-05 6.279e-06
542.147164 -1.31793752e-05 4.35e-06
542.1471624 -1.180024564e-05 2.608e-06
542.1471634 -1.252039574e-05 3.383e-06
542.1471619 -9.535958599e-06 2.405e-06
542.1471598 -1.409642029e-05 2.209e-06
542.1471642 -1.544896504e-05 5.069e-06
542.147164 -1.17488996e-05 6.308e-06
542.1471637 -3.223216375e-06 3.898e-06
542.1471629 -1.23200747e-05 3.98e-06
542.1471632 -7.111238909e-06 2.758e-06
542.1471621 -4.433901637e-06 2.671e-06
542.1471642 -1.049908961e-05 5.907e-06
542.1471627 -1.060822938e-05 2.946e-06
542.1471634 -4.644491989e-06 3.454e-06
542.1471595 -1.170969051e-05 2.543e-06
542.1471611 -8.732927945e-06 2.718e-06
542.1471608 -1.491771066e-05 2.383e-06
542.1499377 -3.641139533e-05 2.572e-06
542.1499403 -2.242528903e-05 5.697e-06
542.1499369 -3.372536285e-05 2.549e-06
542.1499401 -3.225830726e-05 3.697e-06
542.1499388 -3.261603145e-05 3.5e-06
542.1499406 -4.120839e-05 4.929e-06
542.149938 -3.675033659e-05 2.553e-06
542.1499409 -3.170441598e-05 6.437e-06
542.1499395 -3.348579334e-05 3.312e-06
542.1499367 -4.081185622e-05 2.551e-06
542.1499393 -3.214375411e-05 3.603e-06
542.1499382 -3.183335237e-05 3.195e-06
542.1499398 -3.694838281e-05 2.664e-06
542.1499409 -3.51273885e-05 5.813e-06
542.1499403 -3.728140071e-05 5.498e-06
542.1499406 -3.732120241e-05 4.118e-06
542.149939 -3.737529113e-05 3.295e-06
542.1499401 -3.825319095e-05 2.691e-06
542.1499385 -3.498175681e-05 2.821e-06
542.1499364 -3.707552863e-05 2.378e-06
542.1499409 -2.915184683e-05 3.853e-06
542.1499406 -3.507995216e-05 4.814e-06
542.1499403 -3.206634919e-05 4.087e-06
542.1499395 -3.453396153e-05 4.135e-06
542.1499398 -3.530551575e-05 3.307e-06
542.1499388 -3.673931741e-05 2.962e-06
542.1499409 -3.50051943e-05 5.303e-06
542.1499393 -3.402947436e-05 2.859e-06
542.1499401 -2.683693799e-05 4.042e-06
542.1499361 -3.599427356e-05 2.224e-06
542.1499377 -3.322022394e-05 2.245e-06
542.1499374 -3.725290713e-05 2.512e-06
542.1527194 -5.800140799e-05 3.449e-06
542.1527168 -5.717819436e-05 2.583e-06
542.1527191 -5.519322102e-05 3.125e-06
542.152716 -5.846559972e-05 2.452e-06
542.1527178 -5.980009521e-05 2.37e-06
542.152717 -6.127737499e-05 2.498e-06
542.1527199 -5.526918643e-05 9.895e-06
542.1527186 -6.070189961e-05 3.416e-06
542.1527157 -6.236673602e-05 2.192e-06
542.1527183 -6.04601617e-05 3.502e-06
542.1527173 -6.181148599e-05 3.163e-06
542.1527189 -6.627187516e-05 3.789e-06
542.1527199 -6.343197942e-05 6.335e-06
542.1527194 -6.094834107e-05 6.263e-06
542.1527197 -5.356584832e-05 5.541e-06
542.1527181 -6.069866953e-05 4.025e-06
542.1527191 -6.054971784e-05 4.09e-06
542.1527176 -6.060850377e-05 2.928e-06
542.1527155 -5.73177497e-05 2.593e-06
542.1527199 -5.791611401e-05 2.456e-06
542.1527197 -6.424967079e-05 3.763e-06
542.1527194 -5.977411245e-05 3.088e-06
542.1527186 -5.167194676e-05 3.362e-06
542.1527189 -6.014248789e-05 3.95e-06
542.1527178 -5.704354461e-05 2.779e-06
542.1527199 -6.207350986e-05 2.85e-06
542.1527183 -6.20725765e-05 3.015e-06
542.1527191 -5.981275428e-05 4.129e-06
542.1527152 -6.515455981e-05 2.373e-06
542.1527168 -5.977783299e-05 2.285e-06
542.1527165 -5.905915637e-05 2.645e-06
542.1547988 -8.274076683e-05 3.24e-06
542.1548014 -7.09316286e-05 6.637e-06
542.1548011 -6.683567156e-05 6.514e-06
542.154798 -8.438513328e-05 3.295e-06
542.1547998 -7.964157091e-05 4.583e-06
542.1548017 -7.035230533e-05 7.054e-06
542.154799 -7.652411805e-05 3.976e-06
542.1548006 -8.332917194e-05 5.424e-06
542.1547977 -8.051667561e-05 2.96e-06
542.1548003 -7.701938342e-05 4.802e-06
542.1547993 -8.291058727e-05 3.551e-06
542.1548009 -7.519388995e-05 4.577e-06
542.1548019 -7.543654989e-05 7.792e-06
542.1548014 -8.008046191e-05 7.835e-06
542.1548017 -7.450184839e-05 7.432e-06
542.1548001 -8.072784828e-05 4.124e-06
542.1548011 -7.507180185e-05 5.727e-06
542.1547996 -7.13691595e-05 3.936e-06
542.1547975 -7.338652222e-05 3.203e-06
542.1548019 -6.839964707e-05 3.754e-06
542.1548017 -7.548549155e-05 5.168e-06
542.1548014 -7.417461071e-05 6.928e-06
542.1548006 -6.553791486e-05 4.86e-06
542.1548009 -8.130457709e-05 5.171e-06
542.1547998 -7.037143358e-05 3.89e-06
542.1548019 -7.223625469e-05 4.588e-06
542.1548003 -7.15990585e-05 4.273e-06
542.1548011 -7.977044062e-05 4.141e-06
542.1547972 -7.568928721e-05 3.635e-06
542.1547988 -7.584789524e-05 3.845e-06
542.1547985 -7.411158019e-05 3.358e-06
