327.5167656 1.798832445e-05 6.728e-06
327.5167654 2.657872452e-05 4.2e-06
327.5167641 2.290861657e-05 3.768e-06
327.5167659 2.1070416e-05 4.115e-06
327.5167662 1.028048598e-05 7.17e-06
327.5167649 1.898136796e-05 4.298e-06
327.5167646 2.950591806e-05 3.92e-06
327.5167635 2.664622881e-05 3.963e-06
327.5167651 2.31307192e-05 4.091e-06
327.5167662 2.548759193e-05 4.925e-06
327.5167656 2.311882787e-05 4.712e-06
327.5167659 2.102439151e-05 5.326e-06
327.5167643 2.341477463e-05 3.14e-06
327.5167654 2.148688176e-05 3.575e-06
327.5167638 2.825285146e-05 3.615e-06
327.5167662 2.261597042e-05 4.533e-06
327.5167659 1.848383957e-05 5.145e-06
327.5167656 1.66628191e-05 4.404e-06
327.5167649 2.193368548e-05 4.803e-06
327.5167651 1.968133715e-05 4.17e-06
327.5167641 2.702259199e-05 3.563e-06
327.5167662 1.908711917e-05 4.897e-06
327.5167646 2.486664967e-05 3.14e-06
327.5167654 1.840354775e-05 4.304e-06
327.5195388 1.109941478e-05 3.907e-06
327.519538 9.388092101e-06 4.054e-06
327.5195412 1.808252899e-05 5.398e-06
327.5195398 9.399235278e-06 3.755e-06
327.5195391 1.226300014e-05 4.132e-06
327.5195419 1.833749531e-05 6.318e-06
327.5195417 1.223076102e-05 3.807e-06
327.5195406 6.486397078e-06 4.124e-06
327.5195377 1.395093591e-05 3.881e-06
327.5195404 1.871571274e-05 4.534e-06
327.5195393 5.742287361e-06 4.203e-06
327.5195409 1.102282798e-05 4.284e-06
327.5195419 1.326439892e-05 4.306e-06
327.5195414 1.906446778e-05 4.086e-06
327.5195417 5.99825767e-06 5.089e-06
327.5195401 8.210228117e-06 3.723e-06
327.5195412 2.293252061e-05 4.162e-06
327.5195396 1.170936016e-05 4.085e-06
327.5195375 1.680604295e-05 4.207e-06
327.5195419 1.693841198e-05 4.979e-06
327.5195417 1.277854863e-05 5.563e-06
327.5195414 7.000865315e-06 4.235e-06
327.5195406 1.825232166e-05 4.384e-06
327.5195409 1.343094513e-05 3.741e-06
327.5195398 1.328162193e-05 3.877e-06
327.5195419 4.436579022e-06 5.904e-06
327.5195404 1.873105692e-05 4.009e-06
327.5195412 5.002220682e-06 4.745e-06
327.5195372 1.724880827e-05 4.283e-06
327.5195388 9.850397897e-06 3.587e-06
327.5195385 1.27052198e-05 3.929e-06
327.5223196 -6.620496003e-06 6.373e-06
327.522317 7.283653273e-06 4.304e-06
327.5223162 8.296673583e-06 4.167e-06
327.5223193 3.991252219e-06 4.545e-06
327.522318 7.033869187e-06 4.28e-06
327.5223172 4.273287658e-06 4.356e-06
327.5223199 6.907850796e-06 4.995e-06
327.5223201 8.701416689e-06 7.325e-06
327.5223188 7.879089485e-06 4.387e-06
327.5223159 7.952452365e-06 4.432e-06
327.5223185 3.714425298e-06 4.879e-06
327.5223175 -1.474287564e-06 4.228e-06
327.5223191 5.32280005e-06 5.53e-06
327.5223201 7.622530717e-06 6.473e-06
327.5223196 2.127227857e-06 5.761e-06
327.5223199 -3.532327596e-06 5.2e-06
327.5223183 2.480769291e-06 4.154e-06
327.5223193 5.554485804e-06 4.417e-06
327.5223178 3.015181726e-06 4.015e-06
327.5223157 6.539534803e-06 4.25e-06
327.5223201 2.93405751e-06 5.572e-06
327.5223199 3.374077241e-06 5.838e-06
327.5223196 -5.988818257e-06 6.075e-06
327.5223188 4.021189984e-06 4.385e-06
327.5223191 3.45293577e-06 4.616e-06
327.522318 5.169836852e-06 4.711e-06
327.5223201 1.321406892e-06 5.078e-06
327.5223185 1.083016105e-05 4.95e-06
327.5223193 -6.450413495e-07 6.045e-06
327.5223154 1.022644587e-05 5.121e-06
327.522317 3.761850918e-06 4.227e-06
327.5223167 1.0609918e-05 4.675e-06
327.5250976 -2.152421463e-06 5.048e-06
327.5250949 -1.214564757e-05 3.299e-06
327.5250941 -3.812758245e-06 4.188e-06
327.5250973 -7.624509565e-06 3.755e-06
327.525096 -8.977348307e-06 3.634e-06
327.5250952 -5.336726521e-06 4.654e-06
327.5250981 -4.575961918e-06 5.207e-06
327.5250978 -7.517013909e-06 3.151e-06
327.5250968 -1.438232489e-06 3.737e-06
327.5250939 -3.328656812e-06 3.709e-06
327.5250965 -1.040556431e-05 4.016e-06
327.5250955 -1.081562325e-05 4.49e-06
327.525097 -1.594579728e-06 4.674e-06
327.5250981 -6.284358048e-06 4.787e-06
327.5250976 -3.128647799e-06 4.372e-06
327.5250978 -1.407617487e-06 5.043e-06
327.5250962 -9.847890273e-06 3.97e-06
327.5250973 5.211474163e-07 4.477e-06
327.5250957 3.531513816e-06 3.298e-06
327.5250936 -9.113538973e-06 4.326e-06
327.5250981 -1.214847002e-05 4.069e-06
327.5250978 2.853395643e-06 5.689e-06
327.5250976 -8.74716805e-06 4.799e-06
327.5250968 -3.971509022e-06 3.558e-06
327.525097 -8.040743245e-06 3.916e-06
327.525096 -6.915300612e-06 3.682e-06
327.5250981 -9.676591182e-06 4.185e-06
327.5250965 -3.774487359e-07 3.592e-06
327.5250973 4.554516837e-07 4.763e-06
327.5250934 -4.432187664e-06 3.724e-06
327.5250949 -1.34954798e-05 3.641e-06
327.5250947 -5.458042314e-06 3.685e-06
327.5278753 -1.914950545e-05 5.448e-06
327.5278727 -1.690454061e-05 4.177e-06
327.5278751 -9.963547173e-06 4.087e-06
327.5278719 -1.707031654e-05 3.655e-06
327.5278738 -1.541904652e-05 3.889e-06
327.5278759 -1.230616351e-05 6.173e-06
327.5278756 -1.929685569e-05 3.745e-06
327.527873 -1.36743657e-05 3.629e-06
327.5278745 -1.052876036e-05 4.085e-06
327.5278717 -1.44774341e-05 3.613e-06
327.5278743 -2.11424013e-05 3.733e-06
327.5278732 -2.054695165e-05 3.765e-06
327.5278748 -1.623079711e-05 4.49e-06
327.5278759 -2.146971639e-05 5.601e-06
327.5278753 -1.217083608e-05 4.812e-06
327.5278756 -1.51788604e-05 4.625e-06
327.527874 -6.866899755e-06 4.106e-06
327.5278751 -1.502077194e-05 4.031e-06
327.5278735 -1.307469832e-05 3.031e-06
327.5278714 -1.753710213e-05 3.877e-06
327.5278759 -1.028401041e-05 5.513e-06
327.5278756 -5.005766297e-06 5.502e-06
327.5278753 -1.693422543e-05 3.923e-06
327.5278745 -1.905643667e-05 3.975e-06
327.5278748 -9.428981883e-06 4.894e-06
327.5278738 -1.25734175e-05 3.707e-06
327.5278759 -1.495682365e-05 3.708e-06
327.5278743 -1.742263472e-05 3.453e-06
327.5278751 -1.721302407e-05 4.025e-06
327.5278711 -1.630620033e-05 3.797e-06
327.5278727 -1.676391717e-05 3.531e-06
327.5278724 -1.650212793e-05 4.053e-06
327.5306535 -2.633946121e-05 4.811e-06
327.5306508 -2.623545547e-05 3.474e-06
327.5306532 -2.869637014e-05 4.358e-06
327.5306501 -2.477642399e-05 3.736e-06
327.5306519 -1.910598409e-05 3.96e-06
327.530654 -1.676394458e-05 5.823e-06
327.5306537 -3.036067202e-05 4.129e-06
327.5306511 -1.47657632e-05 3.585e-06
327.5306527 -2.092178344e-05 4.223e-06
327.5306498 -2.265806152e-05 3.575e-06
327.5306524 -2.029480478e-05 4.177e-06
327.5306514 -2.844339038e-05 3.753e-06
327.5306529 -2.018686197e-05 3.587e-06
327.530654 -2.214556932e-05 5.046e-06
327.5306535 -1.575032792e-05 5.164e-06
327.5306537 -2.128085015e-05 3.209e-06
327.5306522 -2.670494488e-05 3.938e-06
327.5306532 -3.14466029e-05 4.156e-06
327.5306516 -2.625713791e-05 3.885e-06
327.5306495 -2.371003208e-05 3.899e-06
327.530654 -2.996696629e-05 4.585e-06
327.5306537 -3.13172347e-05 4.358e-06
327.5306535 -2.360059047e-05 4.368e-06
327.5306527 -3.037501739e-05 4.089e-06
327.5306529 -3.096515793e-05 3.902e-06
327.5306519 -2.211078823e-05 3.786e-06
327.530654 -2.070289468e-05 4.27e-06
327.5306524 -2.098236295e-05 4.034e-06
327.5306532 -2.635701403e-05 4.024e-06
327.5306493 -1.957538826e-05 3.619e-06
327.5306508 -2.194673881e-05 3.504e-06
327.5306506 -2.129066902e-05 3.576e-06
327.5327364 -3.510127057e-05 6.958e-06
327.5327338 -2.199562164e-05 5.24e-06
327.5327362 -2.746188571e-05 6.266e-06
327.532733 -3.523944685e-05 5.245e-06
327.5327348 -2.367755012e-05 5.404e-06
327.5327369 -2.839823567e-05 8.122e-06
327.5327367 -3.182589795e-05 5.475e-06
327.5327341 -3.708706284e-05 5.623e-06
327.5327356 -2.436425437e-05 6.278e-06
327.5327327 -2.850101805e-05 5.571e-06
327.5327354 -3.17652295e-05 5.609e-06
327.5327343 -2.96481211e-05 4.654e-06
327.5327369 -2.343866772e-05 8.651e-06
327.5327364 -1.722698689e-05 5.841e-06
327.5327351 -2.831532704e-05 5.051e-06
327.5327362 -3.123446175e-05 4.712e-06
327.5327346 -2.647685952e-05 5.541e-06
327.5327325 -2.360837663e-05 5.471e-06
327.5327369 -3.367505134e-05 8.068e-06
327.5327367 -2.687738613e-05 5.162e-06
327.5327364 -2.523649391e-05 7.362e-06
327.5327356 -2.831157762e-05 5.276e-06
327.5327359 -3.504858741e-05 5.942e-06
327.5327348 -3.117233522e-05 6.585e-06
327.5327369 -2.305416224e-05 6.508e-06
327.5327354 -3.000055829e-05 5.156e-06
327.5327362 -2.802113848e-05 5.951e-06
327.5327322 -2.833240126e-05 5.79e-06
327.5327338 -3.190124315e-05 4.753e-06
327.5327335 -2.73717624e-05 5.067e-06
327.5348662 -1.90272329e-05 6.384e-06
327.5348636 -3.354945593e-05 3.561e-06
327.5348659 -3.553224786e-05 4.624e-06
327.5348628 -3.808687587e-05 4.476e-06
327.5348646 -3.341153963e-05 3.732e-06
327.5348667 -2.777075296e-05 4.66e-06
327.5348664 -3.388782042e-05 4.209e-06
327.5348638 -3.337389752e-05 3.779e-06
327.5348654 -3.418969429e-05 3.378e-06
327.5348625 -3.858458894e-05 3.946e-06
327.5348651 -3.52497188e-05 2.891e-06
327.5348641 -3.297726547e-05 3.657e-06
327.5348657 -2.730972501e-05 3.704e-06
327.5348667 -3.2416259e-05 4.556e-06
327.5348662 -3.053180916e-05 4.983e-06
327.5348664 -3.324712452e-05 4.353e-06
327.5348649 -3.55186162e-05 3.988e-06
327.5348659 -3.308494928e-05 4.01e-06
327.5348643 -3.091354058e-05 3.884e-06
327.5348622 -3.406153847e-05 4.306e-06
327.5348667 -3.42173332e-05 4.908e-06
327.5348664 -2.643566097e-05 6.264e-06
327.5348662 -3.643536419e-05 4.794e-06
327.5348654 -3.238984874e-05 4.204e-06
327.5348657 -3.499316131e-05 4.044e-06
327.5348646 -3.237831774e-05 3.911e-06
327.5348667 -3.960427737e-05 5.401e-06
327.5348651 -3.523651174e-05 3.364e-06
327.5348659 -3.513327185e-05 4.698e-06
327.534862 -3.561257303e-05 4.092e-06
327.5348636 -3.943642472e-05 3.657e-06
327.5348633 -3.401379454e-05 3.738e-06
327.5375972 -3.953270227e-05 4.745e-06
327.5375946 -3.541252209e-05 3.749e-06
327.537597 -4.246788099e-05 4.512e-06
327.5375938 -3.166012675e-05 3.911e-06
327.5375957 -3.195945239e-05 4.425e-06
327.5375978 -3.981961922e-05 3.934e-06
327.5375975 -4.055093221e-05 3.619e-06
327.5375949 -3.859185779e-05 3.076e-06
327.5375964 -3.886599752e-05 3.819e-06
327.5375936 -3.556951715e-05 3.399e-06
327.5375962 -3.921572697e-05 3.469e-06
327.5375951 -4.081384671e-05 3.502e-06
327.5375967 -4.022762977e-05 3.991e-06
327.5375978 -3.571641826e-05 5.583e-06
327.5375972 -3.715396386e-05 5.243e-06
327.5375975 -4.578053211e-05 4.887e-06
327.5375959 -3.629479888e-05 4.08e-06
327.537597 -4.271853317e-05 3.759e-06
327.5375954 -3.905530421e-05 3.131e-06
327.5375933 -3.462815868e-05 4.126e-06
327.5375978 -3.888458825e-05 5.201e-06
327.5375975 -3.8354961e-05 6e-06
327.5375972 -3.071318561e-05 3.996e-06
327.5375964 -3.844670803e-05 4.154e-06
327.5375967 -3.671143425e-05 4.053e-06
327.5375957 -4.398983523e-05 3.658e-06
327.5375978 -2.713250221e-05 5.284e-06
327.5375962 -3.704402244e-05 3.47e-06
327.537597 -3.619451141e-05 3.658e-06
327.537593 -4.180146405e-05 3.522e-06
327.5375946 -3.720456221e-05 3.412e-06
327.5375943 -3.373198511e-05 3.829e-06
327.5403766 -4.566024374e-05 5.801e-06
327.540374 -3.812990921e-05 3.702e-06
327.5403763 -4.498133812e-05 4.064e-06
327.5403732 -4.313818157e-05 3.861e-06
327.540375 -4.468376542e-05 4.147e-06
327.5403769 -4.098669221e-05 4.475e-06
327.5403771 -3.861174135e-05 7.674e-06
327.5403742 -4.554952578e-05 3.189e-06
327.5403758 -4.523000458e-05 4.239e-06
327.5403729 -4.35960119e-05 3.804e-06
327.5403756 -4.471835695e-05 4.07e-06
327.5403745 -4.530932628e-05 3.749e-06
327.5403761 -3.910726054e-05 4.016e-06
327.5403771 -5.388098705e-05 5.708e-06
327.5403766 -4.891715029e-05 7.014e-06
327.5403769 -4.4337294e-05 4.535e-06
327.5403753 -4.312183818e-05 4.063e-06
327.5403763 -4.072696171e-05 3.836e-06
327.5403748 -4.219145181e-05 3.52e-06
327.5403727 -4.595646526e-05 3.977e-06
327.5403771 -3.890511485e-05 4.274e-06
327.5403769 -4.780647396e-05 4.539e-06
327.5403766 -5.116491348e-05 4.21e-06
327.5403758 -4.446631192e-05 3.782e-06
327.5403761 -4.596267706e-05 4.625e-06
327.540375 -4.02616594e-05 4.086e-06
327.5403771 -4.141123106e-05 5.74e-06
327.5403756 -4.341645452e-05 3.12e-06
327.5403763 -3.893077868e-05 3.478e-06
327.5403724 -4.431889508e-05 3.73e-06
327.540374 -4.303400776e-05 4.059e-06
327.5403737 -4.51395022e-05 3.309e-06
327.5431524 -5.043287119e-05 4.438e-06
327.5431497 -4.475105707e-05 3.443e-06
327.5431521 -4.351874856e-05 4.269e-06
327.543149 -4.76587804e-05 3.531e-06
327.5431508 -4.831226439e-05 3.528e-06
327.5431529 -4.504928067e-05 7.257e-06
327.5431526 -4.592456002e-05 4.716e-06
327.54315 -4.289670147e-05 3.899e-06
327.5431516 -4.927461713e-05 3.836e-06
327.5431487 -4.68297564e-05 3.275e-06
327.5431513 -4.228949321e-05 4.62e-06
327.5431503 -4.397461605e-05 4.069e-06
327.5431518 -4.777307095e-05 3.866e-06
327.5431529 -4.755033253e-05 4.872e-06
327.5431524 -4.02314307e-05 5.261e-06
327.5431526 -4.50290231e-05 4.573e-06
327.5431511 -4.916188256e-05 3.876e-06
327.5431521 -4.305208627e-05 3.945e-06
327.5431505 -5.201210555e-05 3.775e-06
327.5431484 -4.729615159e-05 3.909e-06
327.5431529 -4.261765981e-05 4.687e-06
327.5431526 -4.499584368e-05 5.327e-06
327.5431524 -4.481879171e-05 4.505e-06
327.5431516 -4.42424063e-05 3.819e-06
327.5431518 -4.263087649e-05 4.309e-06
327.5431508 -4.790520217e-05 4.65e-06
327.5431529 -4.281765793e-05 5.237e-06
327.5431513 -4.65048146e-05 4.14e-06
327.5431521 -4.877430603e-05 4.003e-06
327.5431482 -4.5638029e-05 3.847e-06
327.5431497 -4.718544274e-05 4.071e-06
327.5431495 -4.820497646e-05 3.624e-06
327.5459303 -5.423579093e-05 5.023e-06
327.5459277 -4.86075686e-05 3.006e-06
327.5459301 -5.157394923e-05 4.941e-06
327.5459269 -5.257375428e-05 3.76e-06
327.5459288 -4.723880426e-05 3.484e-06
327.5459306 -4.95897919e-05 4.1e-06
327.5459309 -4.508351284e-05 7.237e-06
327.545928 -4.936490428e-05 4.107e-06
327.5459296 -5.326964636e-05 4.302e-06
327.5459267 -4.956199402e-05 3.912e-06
327.5459293 -4.918266341e-05 3.679e-06
327.5459282 -5.322273466e-05 3.572e-06
327.5459298 -4.250813732e-05 3.79e-06
327.5459309 -4.401773221e-05 3.77e-06
327.5459303 -5.06098633e-05 5.972e-06
327.5459306 -5.978460267e-05 4.5e-06
327.545929 -4.842782659e-05 4.088e-06
327.5459301 -3.999660385e-05 5.415e-06
327.5459285 -5.199184622e-05 3.632e-06
327.5459264 -4.585367388e-05 5.014e-06
327.5459309 -4.59197927e-05 3.366e-06
327.5459306 -5.602718063e-05 7.138e-06
327.5459303 -4.689698961e-05 4.726e-06
327.5459296 -4.164959608e-05 3.847e-06
327.5459298 -4.835134331e-05 4.732e-06
327.5459288 -5.048591732e-05 4.032e-06
327.5459309 -5.435632662e-05 5.763e-06
327.5459293 -4.626305743e-05 3.209e-06
327.5459301 -5.163385907e-05 4.415e-06
327.5459261 -5.189799046e-05 4.526e-06
327.5459277 -5.558015163e-05 3.947e-06
327.5459275 -4.9334391e-05 3.966e-06
327.5487074 -4.516575313e-05 5.483e-06
327.5487048 -4.276883052e-05 3.696e-06
327.5487072 -5.636075539e-05 5.49e-06
327.548704 -5.343038897e-05 3.535e-06
327.5487059 -5.177688662e-05 4.378e-06
327.548708 -5.312451551e-05 6.379e-06
327.5487077 -3.955598197e-05 4.145e-06
327.5487051 -5.189345985e-05 3.886e-06
327.5487066 -5.275723073e-05 3.624e-06
327.5487038 -5.770671003e-05 3.821e-06
327.5487064 -4.356700266e-05 3.708e-06
327.5487053 -5.229284906e-05 2.959e-06
327.5487069 -4.921892437e-05 3.32e-06
327.548708 -4.420266879e-05 4.484e-06
327.5487074 -3.546751927e-05 6.039e-06
327.5487077 -4.924745662e-05 3.933e-06
327.5487061 -4.825094471e-05 4.452e-06
327.5487072 -5.163514762e-05 4.29e-06
327.5487056 -5.24663943e-05 3.453e-06
327.5487035 -4.840590902e-05 3.254e-06
327.548708 -4.685043472e-05 3.089e-06
327.5487077 -4.82729018e-05 6.778e-06
327.5487074 -5.514172897e-05 4.908e-06
327.5487066 -4.424984637e-05 3.724e-06
327.5487069 -4.318264482e-05 4.319e-06
327.5487059 -4.642513048e-05 3.975e-06
327.548708 -5.075049747e-05 5.068e-06
327.5487064 -5.175516806e-05 3.806e-06
327.5487072 -5.260294324e-05 4.308e-06
327.5487032 -4.997296679e-05 4.11e-06
327.5487048 -5.119172472e-05 4.15e-06
327.5487045 -4.828369782e-05 3.854e-06
327.5514871 -5.180897614e-05 5.344e-06
327.5514845 -5.433942008e-05 3.527e-06
327.5514869 -5.244121504e-05 6.575e-06
327.5514837 -4.61717074e-05 3.467e-06
327.5514855 -5.367510314e-05 4.421e-06
327.5514876 -5.416012393e-05 7.553e-06
327.5514874 -4.235874608e-05 5.027e-06
327.5514848 -5.433898858e-05 4.526e-06
327.5514863 -4.62838268e-05 4.557e-06
327.5514834 -4.797139872e-05 3.587e-06
327.5514861 -5.451501992e-05 4.409e-06
327.551485 -5.266905074e-05 3.424e-06
327.5514866 -5.310327589e-05 4.373e-06
327.5514876 -4.822645444e-05 5.415e-06
327.5514871 -4.436093514e-05 3.924e-06
327.5514874 -5.034537365e-05 3.538e-06
327.5514858 -4.101965638e-05 4.282e-06
327.5514869 -4.813467306e-05 4.792e-06
327.5514853 -4.411425732e-05 3.843e-06
327.5514832 -5.267388578e-05 4.567e-06
327.5514876 -4.012584192e-05 3.537e-06
327.5514874 -4.345496792e-05 5.103e-06
327.5514871 -4.888407925e-05 4.003e-06
327.5514863 -4.953378051e-05 3.578e-06
327.5514866 -4.896264192e-05 4.243e-06
327.5514855 -5.041562507e-05 4.358e-06
327.5514876 -4.651391503e-05 4.13e-06
327.5514861 -4.528285324e-05 4.05e-06
327.5514869 -4.384533635e-05 4.879e-06
327.5514829 -5.320810736e-05 4.321e-06
327.5514845 -5.567866647e-05 4.286e-06
327.5514842 -5.295208161e-05 3.433e-06
327.5542613 -5.0011244e-05 3.825e-06
327.5542637 -4.840628823e-05 4.688e-06
327.5542605 -4.489096449e-05 3.985e-06
327.5542624 -4.572551751e-05 4.086e-06
327.5542642 -5.779376537e-05 4.899e-06
327.5542645 -4.111400126e-05 5.827e-06
327.5542616 -4.448540326e-05 4.199e-06
327.5542632 -5.103763976e-05 3.152e-06
327.5542603 -4.988709069e-05 4.074e-06
327.5542629 -4.633936574e-05 4.529e-06
327.5542619 -5.742513261e-05 3.639e-06
327.5542634 -4.622134156e-05 4.075e-06
327.5542645 -4.93880393e-05 4.709e-06
327.554264 -4.078141381e-05 4.727e-06
327.5542642 -4.803856663e-05 4.155e-06
327.5542626 -4.720971846e-05 3.619e-06
327.5542637 -5.40971281e-05 4.394e-06
327.5542621 -5.390256754e-05 3.533e-06
327.55426 -4.737547736e-05 4.157e-06
327.5542645 -5.078256082e-05 4.978e-06
327.5542642 -5.772033716e-05 4.672e-06
327.554264 -5.430787312e-05 4.271e-06
327.5542632 -5.493916627e-05 4.139e-06
327.5542634 -4.623240188e-05 2.995e-06
327.5542624 -5.602359361e-05 3.839e-06
327.5542645 -5.215557616e-05 3.775e-06
327.5542629 -4.463392644e-05 3.658e-06
327.5542637 -4.864070549e-05 3.894e-06
327.5542598 -5.406426871e-05 3.716e-06
327.5542613 -5.347066517e-05 4.034e-06
327.5542642 -4.424088423e-05 5.182e-06
327.5542611 -5.077568327e-05 3.409e-06
327.5570409 -4.762419471e-05 5.538e-06
327.5570382 -4.993580526e-05 3.477e-06
327.5570406 -4.693259368e-05 5.259e-06
327.5570393 -4.121755797e-05 3.996e-06
327.5570411 -4.794877896e-05 5.45e-06
327.5570414 -5.679448562e-05 1.0516e-05
327.5570385 -5.006605565e-05 3.937e-06
327.5570401 -5.046767396e-05 3.017e-06
327.5570372 -3.938828337e-05 4.387e-06
327.5570398 -5.083046778e-05 3.769e-06
327.5570388 -4.53887524e-05 3.347e-06
327.5570403 -4.481284303e-05 3.074e-06
327.5570414 -4.904950656e-05 4.914e-06
327.5570409 -4.741067783e-05 4.888e-06
327.5570411 -5.843107515e-05 5.112e-06
327.5570395 -4.388955744e-05 3.368e-06
327.5570406 -4.641155106e-05 3.619e-06
327.557039 -4.099174181e-05 3.907e-06
327.5570369 -4.435379916e-05 4.043e-06
327.5570414 -5.395056373e-05 4.579e-06
327.5570411 -4.574602211e-05 5.022e-06
327.5570409 -5.272432953e-05 4.276e-06
327.5570401 -3.730888969e-05 3.843e-06
327.5570403 -5.260267616e-05 3.262e-06
327.5570393 -4.888050997e-05 3.198e-06
327.5570414 -3.836659672e-05 4.216e-06
327.5570398 -4.93407651e-05 4.217e-06
327.5570406 -4.566255227e-05 3.805e-06
327.5570367 -5.231849183e-05 4.069e-06
327.5570382 -4.511523909e-05 3.323e-06
327.557038 -4.733962094e-05 3.679e-06
327.5598195 -4.585460017e-05 5.053e-06
327.5598169 -3.972104273e-05 4.058e-06
327.5598192 -3.887448558e-05 4.886e-06
327.5598161 -4.245303939e-05 3.724e-06
327.5598179 -4.96967452e-05 3.44e-06
327.5598197 -5.345203223e-05 4.968e-06
327.5598171 -4.26395188e-05 3.744e-06
327.5598187 -4.511555461e-05 4.42e-06
327.5598158 -4.180999059e-05 3.646e-06
327.5598184 -4.774418531e-05 4.883e-06
327.5598174 -4.555538335e-05 3.691e-06
327.559819 -5.252974288e-05 3.618e-06
327.55982 -4.634120328e-05 4.34e-06
327.5598195 -4.707971257e-05 4.239e-06
327.5598198 -3.73633696e-05 4.381e-06
327.5598182 -4.392515467e-05 3.975e-06
327.5598192 -4.090507561e-05 3.38e-06
327.5598177 -3.836422339e-05 4.358e-06
327.5598155 -4.241156123e-05 3.964e-06
327.55982 -4.018983656e-05 4.901e-06
327.5598198 -4.629059284e-05 5.028e-06
327.5598195 -4.451920307e-05 4.428e-06
327.5598187 -4.205861032e-05 4.187e-06
327.559819 -4.63596368e-05 2.978e-06
327.5598179 -4.739919854e-05 3.739e-06
327.55982 -4.635318408e-05 4.389e-06
327.5598184 -3.902677916e-05 4.694e-06
327.5598192 -3.897524708e-05 4.648e-06
327.5598153 -3.214793778e-05 4.508e-06
327.5598169 -4.73915126e-05 3.586e-06
327.5598166 -4.470205368e-05 3.719e-06
327.562597 -3.306137279e-05 5.749e-06
327.5625944 -3.769579658e-05 3.867e-06
327.5625967 -3.541797051e-05 4.382e-06
327.5625936 -4.69742048e-05 4.274e-06
327.5625954 -4.042486719e-05 3.676e-06
327.5625975 -3.996242547e-05 7.73e-06
327.5625973 -4.175496501e-05 3.927e-06
327.5625946 -3.715682725e-05 3.784e-06
327.5625962 -3.687570374e-05 4.385e-06
327.5625933 -4.637219118e-05 3.682e-06
327.562596 -4.442383516e-05 4.256e-06
327.5625949 -3.539580621e-05 3.786e-06
327.5625965 -3.834733817e-05 3.458e-06
327.5625975 -3.855003647e-05 5.353e-06
327.562597 -4.198264611e-05 3.663e-06
327.5625973 -4.167448526e-05 3.693e-06
327.5625957 -4.109725848e-05 4.091e-06
327.5625967 -4.497601695e-05 4.828e-06
327.5625952 -4.412131033e-05 3.384e-06
327.5625931 -4.470263462e-05 4.002e-06
327.5625975 -4.736902047e-05 7.43e-06
327.5625973 -3.771070363e-05 7.122e-06
327.562597 -3.6795695e-05 5.038e-06
327.5625962 -3.923572663e-05 4.052e-06
327.5625965 -4.220944509e-05 3.567e-06
327.5625954 -4.03677327e-05 3.868e-06
327.5625975 -2.801978253e-05 4.779e-06
327.562596 -3.913244448e-05 3.656e-06
327.5625967 -3.508284296e-05 4.46e-06
327.5625928 -3.661178742e-05 3.538e-06
327.5625944 -4.423063063e-05 3.286e-06
327.5625941 -4.195669066e-05 3.651e-06
327.5653742 -2.918661785e-05 4.345e-06
327.5653716 -3.405540685e-05 3.475e-06
327.565374 -2.785779236e-05 4.346e-06
327.5653708 -3.320103707e-05 4.494e-06
327.5653727 -3.310000026e-05 3.678e-06
327.5653748 -2.96163481e-05 6.018e-06
327.5653745 -2.696049428e-05 4.231e-06
327.5653719 -3.063764651e-05 3.343e-06
327.5653735 -3.216011334e-05 3.846e-06
327.5653706 -2.992063887e-05 3.669e-06
327.5653732 -3.239505446e-05 4.343e-06
327.5653721 -3.187150636e-05 3.217e-06
327.5653737 -3.075980002e-05 3.787e-06
327.5653748 -1.933256759e-05 5.986e-06
327.5653742 -2.806400813e-05 5.956e-06
327.5653745 -3.148441176e-05 4.149e-06
327.5653729 -2.857286661e-05 4.561e-06
327.565374 -3.138349334e-05 3.612e-06
327.5653724 -3.58023245e-05 3.844e-06
327.5653703 -3.513637762e-05 3.867e-06
327.5653748 -2.608174006e-05 5.088e-06
327.5653745 -3.238741382e-05 4.885e-06
327.5653742 -3.734588656e-05 4.999e-06
327.5653735 -3.42999826e-05 4.559e-06
327.5653737 -2.701817707e-05 3.915e-06
327.5653727 -3.294673562e-05 3.75e-06
327.5653748 -3.457855939e-05 4.69e-06
327.5653732 -3.137472351e-05 4.553e-06
327.565374 -3.571544618e-05 4.238e-06
327.56537 -3.724068213e-05 3.676e-06
327.5653716 -2.580737278e-05 4.015e-06
327.5653714 -2.540143296e-05 4.111e-06
327.5681513 -2.890963684e-05 4.605e-06
327.5681486 -3.029572407e-05 3.622e-06
327.568151 -1.867308924e-05 3.918e-06
327.5681479 -2.202965753e-05 3.495e-06
327.5681497 -2.818462578e-05 3.668e-06
327.5681518 -2.085334515e-05 5.142e-06
327.5681515 -2.486292631e-05 3.857e-06
327.5681489 -2.817764306e-05 3.648e-06
327.5681505 -2.613893812e-05 2.913e-06
327.5681476 -3.129030564e-05 3.403e-06
327.5681502 -2.571650875e-05 4.548e-06
327.5681492 -2.978780761e-05 3.545e-06
327.5681507 -2.002825495e-05 4.301e-06
327.5681518 -2.783480253e-05 4.433e-06
327.5681513 -2.789526328e-05 7.357e-06
327.5681515 -2.550600782e-05 5.089e-06
327.56815 -2.351866454e-05 4.015e-06
327.568151 -3.100864585e-05 4.413e-06
327.5681494 -1.925524701e-05 3.528e-06
327.5681473 -2.50767331e-05 4.006e-06
327.5681518 -2.34004884e-05 4.833e-06
327.5681515 -3.47815526e-05 6.412e-06
327.5681513 -2.507602339e-05 4.857e-06
327.5681505 -2.531619912e-05 3.717e-06
327.5681507 -2.337848248e-05 3.159e-06
327.5681497 -2.093874881e-05 3.806e-06
327.5681518 -2.890353397e-05 4.392e-06
327.5681502 -3.12465801e-05 4.36e-06
327.568151 -2.238048186e-05 3.691e-06
327.5681471 -2.218049738e-05 4.459e-06
327.5681486 -2.909493657e-05 3.763e-06
327.5681484 -2.011844734e-05 3.476e-06
327.5709302 -1.370746494e-05 5.434e-06
327.5709276 -1.380388539e-05 3.536e-06
327.57093 -2.488425833e-05 5.063e-06
327.5709268 -2.055561982e-05 3.952e-06
327.5709286 -2.192243435e-05 3.21e-06
327.5709305 -1.915515333e-05 4.118e-06
327.5709307 -1.452406523e-05 6.367e-06
327.5709279 -1.956995514e-05 4.702e-06
327.5709294 -1.910613568e-05 3.541e-06
327.5709265 -2.688945054e-05 3.601e-06
327.5709292 -1.994899082e-05 4.323e-06
327.5709281 -2.110989878e-05 3.892e-06
327.5709297 -1.74176292e-05 3.617e-06
327.5709307 -1.948592188e-05 4.835e-06
327.5709302 -1.972869458e-05 4.227e-06
327.5709305 -2.158342012e-05 4.513e-06
327.5709289 -1.063814488e-05 3.062e-06
327.57093 -1.583721405e-05 4.286e-06
327.5709284 -1.987674627e-05 3.596e-06
327.5709263 -2.20574938e-05 3.989e-06
327.5709307 -1.350368961e-05 5.193e-06
327.5709305 -1.751880614e-05 8.275e-06
327.5709302 -1.876389761e-05 3.538e-06
327.5709294 -1.31343432e-05 4.439e-06
327.5709297 -2.231653788e-05 3.343e-06
327.5709286 -2.21693143e-05 3.701e-06
327.5709307 -1.522202304e-05 5.444e-06
327.5709292 -1.201904723e-05 3.864e-06
327.57093 -1.500291953e-05 3.862e-06
327.570926 -2.381944798e-05 4.087e-06
327.5709276 -1.7545468e-05 3.515e-06
327.5709273 -2.605760142e-05 3.453e-06
327.5737091 -1.681512435e-05 5.389e-06
327.5737064 -1.248386543e-05 3.53e-06
327.5737056 -1.75653919e-05 3.391e-06
327.5737088 -1.628747899e-06 4.006e-06
327.5737075 -1.711500034e-05 3.706e-06
327.5737096 -1.048247012e-05 6.663e-06
327.5737067 -6.008597001e-06 3.356e-06
327.5737093 -8.025595802e-06 3.566e-06
327.5737083 -1.143029684e-05 3.901e-06
327.5737054 -9.244074203e-06 4.18e-06
327.573708 -8.133594715e-06 3.604e-06
327.573707 -1.127863695e-05 4.028e-06
327.5737085 -4.039437209e-06 4.044e-06
327.5737096 -1.061847899e-05 4.938e-06
327.5737091 -2.671429254e-06 3.875e-06
327.5737093 -1.717042727e-05 5.869e-06
327.5737077 -8.390044126e-06 3.532e-06
327.5737088 -8.758007875e-06 4.105e-06
327.5737072 -1.216572506e-05 3.701e-06
327.5737051 -8.808237266e-06 3.802e-06
327.5737096 -1.195155016e-05 4.014e-06
327.5737093 -9.930948122e-06 5.026e-06
327.5737091 -5.902791388e-06 4.536e-06
327.5737083 -1.059858564e-05 3.113e-06
327.5737085 -1.281216353e-05 3.525e-06
327.5737075 -4.971217959e-06 3.7e-06
327.5737096 -1.330611255e-05 4.892e-06
327.573708 -7.234032569e-06 3.877e-06
327.5737088 -4.578881787e-06 3.83e-06
327.5737049 -2.126718476e-05 3.8e-06
327.5737064 -1.085298675e-05 3.969e-06
327.5737062 -6.522797374e-06 3.605e-06
327.5764847 9.482632333e-07 5.17e-06
327.576482 4.446647004e-06 3.528e-06
327.5764812 3.017750584e-06 3.808e-06
327.5764844 -8.21984372e-07 3.854e-06
327.5764831 8.481182918e-06 3.365e-06
327.5764852 8.29229096e-07 6.874e-06
327.5764823 5.187538573e-06 3.689e-06
327.5764849 -2.919306819e-06 4.918e-06
327.5764839 3.641517969e-06 3.673e-06
327.576481 4.695118651e-07 3.652e-06
327.5764836 1.969633802e-06 3.849e-06
327.5764826 -5.188609472e-07 4.371e-06
327.5764841 1.355001953e-06 4.254e-06
327.5764852 4.379918852e-06 4.577e-06
327.5764847 -6.217272651e-06 5.17e-06
327.5764849 5.533035531e-06 4.707e-06
327.5764833 -1.002530966e-05 4.302e-06
327.5764844 9.633370257e-07 4.525e-06
327.5764828 -3.275976533e-06 3.773e-06
327.5764807 4.298767979e-06 3.999e-06
327.5764852 2.708175406e-06 4.526e-06
327.5764849 1.919724402e-06 5.789e-06
327.5764847 -5.0818009e-06 3.615e-06
327.5764839 1.328519841e-06 4.222e-06
327.5764841 4.092228768e-06 3.587e-06
327.5764831 1.446414386e-06 4.646e-06
327.5764852 6.103614702e-07 4.62e-06
327.5764836 1.595747689e-06 3.667e-06
327.5764844 7.136141017e-06 3.903e-06
327.5764805 7.899132163e-07 4.211e-06
327.576482 3.042271729e-06 3.384e-06
327.5764818 -2.538731604e-07 3.952e-06
327.5792607 1.147231668e-05 3.372e-06
327.5792634 1.276659077e-05 4.639e-06
327.5792599 1.047316718e-05 3.629e-06
327.5792631 3.43111047e-06 4.252e-06
327.5792618 6.885801772e-06 3.419e-06
327.579261 7.693393973e-06 3.746e-06
327.5792639 1.097047191e-05 5.832e-06
327.5792636 1.412438471e-05 3.919e-06
327.5792626 1.200376662e-05 4.166e-06
327.5792597 1.387491314e-05 3.974e-06
327.5792623 5.965554646e-06 3.735e-06
327.5792613 1.44440052e-05 3.351e-06
327.5792628 1.40575496e-05 3.999e-06
327.5792639 1.488209018e-05 5.554e-06
327.5792634 1.732180773e-05 6.065e-06
327.5792636 1.479652626e-05 4.106e-06
327.579262 1.14546531e-05 3.553e-06
327.5792631 1.192802353e-05 4.116e-06
327.5792615 1.072141143e-05 3.926e-06
327.5792594 8.183031637e-06 3.581e-06
327.5792639 1.309001963e-05 3.144e-06
327.5792636 1.999196565e-05 5.572e-06
327.5792634 6.908524049e-06 4.27e-06
327.5792626 1.360984745e-05 3.832e-06
327.5792628 7.338282102e-06 4.132e-06
327.5792618 1.278990616e-05 4.464e-06
327.5792639 1.511749317e-05 4.13e-06
327.5792623 7.108809214e-06 3.344e-06
327.5792631 1.063376735e-05 4.388e-06
327.5792591 9.028347335e-06 3.879e-06
327.5792607 6.86246827e-06 3.591e-06
327.5792605 1.187756902e-05 3.747e-06
327.582041 1.126999049e-05 6.363e-06
327.5820383 1.779606388e-05 3.67e-06
327.5820375 1.576197516e-05 4.079e-06
327.5820407 1.409782942e-05 4.689e-06
327.5820394 2.14527814e-05 3.632e-06
327.5820386 1.374452287e-05 3.619e-06
327.5820415 1.638670047e-05 6.965e-06
327.5820412 2.057008637e-05 4.244e-06
327.5820402 2.41689937e-05 4.065e-06
327.5820373 1.699901012e-05 3.836e-06
327.5820399 2.12660082e-05 3.558e-06
327.5820389 2.117313799e-05 3.567e-06
327.5820404 1.298766575e-05 4.292e-06
327.5820415 2.395232189e-05 4.624e-06
327.582041 2.244090477e-05 4.919e-06
327.5820412 2.02666023e-05 4.38e-06
327.5820396 1.716190008e-05 4.189e-06
327.5820407 1.918433305e-05 4.532e-06
327.5820391 1.870177535e-05 3.624e-06
327.582037 1.702264801e-05 3.296e-06
327.5820415 2.808817448e-05 4.285e-06
327.5820412 1.82879721e-05 6.561e-06
327.582041 1.898812136e-05 3.309e-06
327.5820402 1.739660356e-05 4.728e-06
327.5820404 1.493837184e-05 3.295e-06
327.5820394 1.978162424e-05 3.833e-06
327.5820415 2.03448814e-05 4.625e-06
327.5820399 2.112700082e-05 4.177e-06
327.5820407 9.052138108e-06 4.61e-06
327.5820368 1.309048442e-05 4.036e-06
327.5820383 1.367647401e-05 3.799e-06
327.5820381 2.156521996e-05 3.772e-06
327.5848156 2.962978369e-05 4.198e-06
327.5848183 3.004156201e-05 5.409e-06
327.5848149 3.298797042e-05 3.868e-06
327.584818 3.601102301e-05 3.431e-06
327.5848167 3.078151029e-05 4.052e-06
327.5848159 2.208513565e-05 3.394e-06
327.5848188 2.522034366e-05 6.365e-06
327.5848185 3.177807716e-05 5.631e-06
327.5848175 3.084226863e-05 4.428e-06
327.5848146 3.281896229e-05 3.748e-06
327.5848172 2.672039308e-05 4.022e-06
327.5848162 2.599685849e-05 3.969e-06
327.5848177 2.914551031e-05 3.933e-06
327.5848188 2.748487658e-05 5.746e-06
327.5848183 3.643999524e-05 5.344e-06
327.5848185 3.407451791e-05 4.454e-06
327.584817 3.541649136e-05 3.566e-06
327.584818 3.312735602e-05 4.395e-06
327.5848164 2.591329358e-05 3.694e-06
327.5848143 2.452168517e-05 4.002e-06
327.5848188 3.622270311e-05 3.747e-06
327.5848185 3.673943232e-05 4.338e-06
327.5848183 3.436506818e-05 4.588e-06
327.5848175 3.130861334e-05 4.482e-06
327.5848177 2.269860156e-05 4.13e-06
327.5848167 2.287451259e-05 3.703e-06
327.5848188 2.942327503e-05 3.836e-06
327.5848172 2.704867521e-05 4.016e-06
327.584818 2.85574848e-05 3.893e-06
327.5848141 2.73997458e-05 3.966e-06
327.5848156 2.738488589e-05 3.905e-06
327.5848154 3.036726918e-05 3.616e-06
327.5875934 4.123407018e-05 3.364e-06
327.5875961 3.861496457e-05 5.754e-06
327.5875926 3.935403728e-05 3.783e-06
327.5875958 3.999200007e-05 4.52e-06
327.5875945 4.004459245e-05 3.249e-06
327.5875937 3.616066231e-05 3.523e-06
327.5875966 2.939225029e-05 6.814e-06
327.5875963 3.545595522e-05 4.227e-06
327.5875953 4.04686156e-05 3.66e-06
327.5875924 3.757194632e-05 4.414e-06
327.587595 3.700587421e-05 3.576e-06
327.587594 3.623762851e-05 4.11e-06
327.5875955 3.75732176e-05 3.478e-06
327.5875966 4.281767183e-05 5.405e-06
327.5875961 3.811955588e-05 5.154e-06
327.5875963 3.629124799e-05 3.964e-06
327.5875947 4.563536363e-05 3.952e-06
327.5875958 3.846436212e-05 3.874e-06
327.5875942 3.970174294e-05 3.941e-06
327.5875921 4.433447023e-05 3.813e-06
327.5875966 3.781511792e-05 4.763e-06
327.5875963 5.378270194e-05 5.427e-06
327.5875961 3.702536221e-05 4.754e-06
327.5875953 3.719032901e-05 5.491e-06
327.5875955 3.64560173e-05 3.882e-06
327.5875945 4.455173823e-05 4.072e-06
327.5875966 3.576722425e-05 4.418e-06
327.587595 4.098724244e-05 3.591e-06
327.5875958 3.719102375e-05 3.521e-06
327.5875919 4.237162784e-05 3.997e-06
327.5875934 4.098621243e-05 3.784e-06
327.5875932 3.609803337e-05 3.871e-06
327.5903735 5.126146798e-05 3.827e-06
327.5903761 4.081206806e-05 5.427e-06
327.5903727 4.501147871e-05 3.616e-06
327.5903746 4.978348181e-05 3.882e-06
327.5903738 4.142448313e-05 4.085e-06
327.5903767 4.176009544e-05 7.646e-06
327.5903764 5.233525063e-05 5.033e-06
327.5903753 4.89192042e-05 3.36e-06
327.5903724 4.098557296e-05 3.286e-06
327.5903751 4.426478493e-05 3.497e-06
327.590374 4.620124516e-05 3.802e-06
327.5903756 4.739008069e-05 3.662e-06
327.5903767 4.552647529e-05 5.331e-06
327.5903761 5.579876381e-05 4.501e-06
327.5903764 4.485555138e-05 4.716e-06
327.5903748 5.096134673e-05 3.822e-06
327.5903759 4.751596299e-05 4.605e-06
327.5903743 4.225737132e-05 3.481e-06
327.5903722 4.773342431e-05 3.573e-06
327.5903767 4.944099534e-05 4.344e-06
327.5903764 5.11740524e-05 4.934e-06
327.5903761 4.158957402e-05 4.995e-06
327.5903753 4.633886578e-05 3.928e-06
327.5903756 4.839792474e-05 3.205e-06
327.5903746 4.806254048e-05 3.95e-06
327.5903767 4.760994584e-05 5.242e-06
327.5903751 4.719170397e-05 4.017e-06
327.5903759 4.559382101e-05 3.974e-06
327.5903719 4.347903425e-05 4.559e-06
327.5903735 4.69206225e-05 3.767e-06
327.5903732 4.19957338e-05 3.267e-06
327.5931482 5.63441703e-05 3.691e-06
327.5931508 5.687969701e-05 4.46e-06
327.5931474 4.955454281e-05 3.26e-06
327.5931505 5.257159985e-05 3.755e-06
327.5931492 6.089101312e-05 3.883e-06
327.5931484 5.680940468e-05 3.587e-06
327.5931511 5.155812281e-05 4.951e-06
327.5931513 6.490391083e-05 7.32e-06
327.59315 5.447621817e-05 3.621e-06
327.5931471 5.541463868e-05 3.711e-06
327.5931498 5.286885415e-05 4.895e-06
327.5931487 5.025472686e-05 3.553e-06
327.5931503 4.801608648e-05 4.081e-06
327.5931513 6.018303636e-05 4.092e-06
327.5931508 5.59805412e-05 4.601e-06
327.5931511 4.941419441e-05 4.466e-06
327.5931495 4.667929636e-05 4.19e-06
327.5931505 5.497619762e-05 3.35e-06
327.593149 5.657963384e-05 4.227e-06
327.5931469 5.580197122e-05 3.785e-06
327.5931513 5.037420368e-05 4.381e-06
327.5931511 4.641680402e-05 4.463e-06
327.5931508 6.028281154e-05 4.181e-06
327.59315 5.631746358e-05 4.763e-06
327.5931503 5.391027975e-05 4.264e-06
327.5931492 5.806474426e-05 4.095e-06
327.5931513 4.920671186e-05 7.741e-06
327.5931498 5.042346922e-05 3.654e-06
327.5931505 6.173151958e-05 4.794e-06
327.5931466 5.417454927e-05 3.884e-06
327.5931482 5.772326444e-05 3.32e-06
327.5931479 5.308616023e-05 3.372e-06
327.5959268 5.972738618e-05 3.718e-06
327.5959295 5.683407729e-05 4.439e-06
327.595926 6.575473475e-05 3.385e-06
327.5959292 5.44027217e-05 3.405e-06
327.5959279 6.382971979e-05 3.558e-06
327.5959271 6.22758433e-05 3.944e-06
327.5959297 5.916806138e-05 4.59e-06
327.59593 4.650684718e-05 9.244e-06
327.5959287 5.864857712e-05 4.195e-06
327.5959258 5.826563104e-05 3.493e-06
327.5959284 5.491932584e-05 4.453e-06
327.5959274 5.488959111e-05 3.847e-06
327.5959289 6.096312881e-05 3.416e-06
327.59593 5.873444766e-05 4.803e-06
327.5959295 5.695918666e-05 4.277e-06
327.5959297 5.955166877e-05 4.551e-06
327.5959282 5.524707002e-05 3.362e-06
327.5959292 6.124234038e-05 3.87e-06
327.5959276 6.110697695e-05 3.94e-06
327.5959255 6.306007795e-05 3.374e-06
327.59593 6.485959358e-05 4.189e-06
327.5959297 6.918662306e-05 5.144e-06
327.5959295 5.597517696e-05 3.569e-06
327.5959287 5.696818659e-05 4.265e-06
327.5959289 6.578137267e-05 4.285e-06
327.5959279 6.038123942e-05 3.72e-06
327.59593 6.364008393e-05 6.162e-06
327.5959284 6.710246395e-05 3.103e-06
327.5959292 5.734371173e-05 4.216e-06
327.5959253 6.428291491e-05 3.878e-06
327.5959268 5.597257172e-05 3.41e-06
327.5959266 5.390138751e-05 3.291e-06
327.5987041 6.034069452e-05 3.802e-06
327.5987068 5.952443019e-05 3.629e-06
327.5987033 6.170155195e-05 3.802e-06
327.5987065 7.050367711e-05 3.742e-06
327.5987052 6.069759325e-05 3.921e-06
327.5987044 5.948257789e-05 4.845e-06
327.598707 6.693296319e-05 5.575e-06
327.5987073 7.345711403e-05 8.631e-06
327.598706 6.387364257e-05 4.334e-06
327.5987031 6.263047659e-05 3.644e-06
327.5987057 5.56359799e-05 3.429e-06
327.5987047 6.572760289e-05 4.204e-06
327.5987062 5.968932068e-05 3.317e-06
327.5987073 7.220547982e-05 4.504e-06
327.5987068 6.04099568e-05 4.194e-06
327.598707 6.209598874e-05 5.058e-06
327.5987054 6.351187613e-05 3.715e-06
327.5987065 6.277034376e-05 3.852e-06
327.5987049 6.246785234e-05 3.485e-06
327.5987028 6.7155698e-05 4.416e-06
327.5987073 5.755259016e-05 4.226e-06
327.598707 6.74591279e-05 4.883e-06
327.5987068 5.551687036e-05 4.466e-06
327.598706 6.735350463e-05 4.213e-06
327.5987062 6.9060633e-05 4.42e-06
327.5987052 5.53966984e-05 3.631e-06
327.5987057 6.13952758e-05 3.295e-06
327.5987073 7.044485178e-05 5.813e-06
327.5987065 6.123784306e-05 3.904e-06
327.5987026 5.71346514e-05 3.855e-06
327.5987041 6.25676959e-05 3.522e-06
327.5987039 6.608047064e-05 3.264e-06
327.6014818 6.098037469e-05 3.51e-06
327.6014844 6.708462981e-05 4.551e-06
327.601481 6.599665764e-05 3.979e-06
327.6014842 6.434124702e-05 3.529e-06
327.6014829 6.193924482e-05 3.974e-06
327.6014821 6.109168479e-05 4.336e-06
327.6014847 6.44447376e-05 4.719e-06
327.601485 6.969595985e-05 7.609e-06
327.6014836 6.428653919e-05 4.039e-06
327.6014807 5.708208402e-05 3.321e-06
327.6014834 6.497821464e-05 2.905e-06
327.6014823 6.505810372e-05 3.887e-06
327.6014839 6.085555102e-05 4.139e-06
327.601485 6.403488178e-05 4.078e-06
327.6014844 6.999626916e-05 3.701e-06
327.6014847 5.81032754e-05 5.656e-06
327.6014831 6.769050671e-05 3.205e-06
327.6014842 6.509767229e-05 3.573e-06
327.6014826 6.320493096e-05 3.388e-06
327.6014805 6.805564581e-05 3.823e-06
327.601485 7.069185334e-05 4.999e-06
327.6014847 5.880634922e-05 4.553e-06
327.6014844 7.181267096e-05 4.982e-06
327.6014836 6.585182129e-05 3.714e-06
327.6014839 5.349151962e-05 4.753e-06
327.6014829 6.572351743e-05 3.964e-06
327.6014834 6.073800186e-05 4.013e-06
327.601485 6.92136506e-05 4.378e-06
327.6014842 6.236049827e-05 3.83e-06
327.6014802 6.675562507e-05 4.032e-06
327.6014818 6.806967682e-05 3.763e-06
327.6014815 6.252051374e-05 3.644e-06
327.60426 6.884409988e-05 4.076e-06
327.6042626 6.18891723e-05 4.972e-06
327.6042592 6.209335365e-05 4.064e-06
327.6042623 6.051123121e-05 5.331e-06
327.604261 6.80266811e-05 3.659e-06
327.6042602 6.34576391e-05 3.719e-06
327.6042629 5.851483007e-05 4.245e-06
327.6042631 7.316890445e-05 7.233e-06
327.6042618 6.211829848e-05 4.019e-06
327.6042589 6.977866083e-05 3.337e-06
327.6042616 6.520847912e-05 4.19e-06
327.6042605 6.282120158e-05 3.7e-06
327.6042621 6.221803361e-05 4.711e-06
327.6042631 6.433473328e-05 4.711e-06
327.6042626 6.915526344e-05 4.465e-06
327.6042629 6.485307419e-05 4.671e-06
327.6042613 5.319073271e-05 3.879e-06
327.6042623 5.768016318e-05 3.57e-06
327.6042608 6.129380857e-05 3.282e-06
327.6042587 6.4158996e-05 3.452e-06
327.6042631 6.401369698e-05 4.873e-06
327.6042629 6.334325299e-05 4.405e-06
327.6042626 5.151451751e-05 5.851e-06
327.6042618 6.397153958e-05 3.697e-06
327.6042621 5.830243318e-05 3.99e-06
327.604261 6.778383416e-05 3.494e-06
327.6042631 5.947902073e-05 4.408e-06
327.6042616 6.490921319e-05 4.249e-06
327.6042623 7.036339705e-05 3.729e-06
327.6042584 5.38446936e-05 3.613e-06
327.60426 6.18864737e-05 3.4e-06
327.6042597 6.237500447e-05 3.499e-06
327.6070365 6.179613891e-05 3.651e-06
327.6070391 5.852660532e-05 5.025e-06
327.6070357 6.153468227e-05 3.433e-06
327.6070388 5.57020099e-05 4.399e-06
327.6070375 5.870537011e-05 3.987e-06
327.6070367 6.172347815e-05 3.367e-06
327.6070394 5.714758754e-05 4.122e-06
327.6070396 5.895018749e-05 7.917e-06
327.6070383 5.657844844e-05 3.768e-06
327.6070354 5.877588842e-05 3.778e-06
327.607038 5.024668136e-05 4.782e-06
327.607037 5.675418741e-05 3.787e-06
327.6070386 6.546934453e-05 4.366e-06
327.6070396 6.669419284e-05 5.977e-06
327.6070391 6.398886732e-05 3.979e-06
327.6070394 6.794546738e-05 5.133e-06
327.6070378 6.012065169e-05 3.625e-06
327.6070388 6.151813985e-05 4.152e-06
327.6070373 6.09237003e-05 3.469e-06
327.6070351 5.968995659e-05 3.117e-06
327.6070396 6.501684631e-05 5.811e-06
327.6070394 5.927018216e-05 5.703e-06
327.6070391 6.102115994e-05 4.367e-06
327.6070383 6.382538242e-05 4.089e-06
327.6070386 6.058940088e-05 3.503e-06
327.6070375 6.035021218e-05 3.459e-06
327.6070396 6.15155771e-05 4.94e-06
327.607038 6.008138981e-05 3.105e-06
327.6070388 6.498291827e-05 3.558e-06
327.6070349 5.670491011e-05 3.964e-06
327.6070365 5.582546045e-05 3.492e-06
327.6070362 6.30287087e-05 3.876e-06
327.6098151 5.291888803e-05 3.684e-06
327.6098177 5.285314022e-05 5.056e-06
327.6098143 4.818471034e-05 3.925e-06
327.6098174 5.97118364e-05 4.47e-06
327.6098161 5.643580114e-05 3.745e-06
327.6098153 4.799827895e-05 3.663e-06
327.609818 5.396058918e-05 5.164e-06
327.6098182 4.206647466e-05 7.303e-06
327.6098169 5.071330019e-05 3.194e-06
327.609814 5.133649475e-05 4.134e-06
327.6098167 5.273984742e-05 3.438e-06
327.6098156 5.562278521e-05 3.685e-06
327.6098172 5.374806797e-05 3.718e-06
327.6098182 5.306508389e-05 5.625e-06
327.609818 5.245143919e-05 3.954e-06
327.6098164 4.705927704e-05 3.637e-06
327.6098174 6.580057108e-05 4.231e-06
327.6098159 5.208915546e-05 3.676e-06
327.6098138 4.976848758e-05 3.513e-06
327.6098182 5.451657891e-05 5.425e-06
327.609818 5.510878215e-05 6.203e-06
327.6098177 5.383756849e-05 4.009e-06
327.6098169 5.133493135e-05 4.087e-06
327.6098172 5.172339657e-05 4.382e-06
327.6098161 5.056020624e-05 3.638e-06
327.6098182 4.458458698e-05 4.542e-06
327.6098167 5.288153146e-05 3.748e-06
327.6098174 5.577259007e-05 3.348e-06
327.6098135 5.186703485e-05 3.661e-06
327.6098151 5.344575643e-05 3.375e-06
327.6098148 5.800749834e-05 3.844e-06
327.6125936 4.535517864e-05 3.344e-06
327.6125963 5.449609424e-05 4.694e-06
327.6125929 4.438270093e-05 3.37e-06
327.612596 4.729538351e-05 4.675e-06
327.6125947 4.353373888e-05 4.102e-06
327.6125939 4.920441572e-05 3.616e-06
327.6125965 4.744435546e-05 5.229e-06
327.6125968 5.269036824e-05 7.127e-06
327.6125955 5.278506398e-05 4.039e-06
327.6125926 4.061014039e-05 3.433e-06
327.6125952 4.142253141e-05 3.744e-06
327.6125942 4.354639758e-05 3.656e-06
327.6125957 4.602593368e-05 4.285e-06
327.6125968 4.664807567e-05 3.925e-06
327.6125963 4.603443114e-05 4.141e-06
327.6125965 4.733424465e-05 3.623e-06
327.612595 4.278745787e-05 3.6e-06
327.612596 4.474320511e-05 3.301e-06
327.6125944 4.45692518e-05 3.922e-06
327.6125923 4.204897877e-05 3.244e-06
327.6125968 4.599599882e-05 5.578e-06
327.6125965 4.839762679e-05 4.978e-06
327.6125963 4.090001617e-05 4.566e-06
327.6125955 5.366595043e-05 3.724e-06
327.6125957 4.80456542e-05 4.669e-06
327.6125947 4.887487956e-05 4.141e-06
327.6125968 4.563284782e-05 4.294e-06
327.6125952 4.102901563e-05 3.129e-06
327.612596 4.937491356e-05 4.347e-06
327.6125921 4.410922162e-05 3.694e-06
327.6125936 4.332748373e-05 3.494e-06
327.6125934 4.56435305e-05 4.216e-06
327.615371 3.75359648e-05 3.911e-06
327.6153736 2.901381183e-05 4.998e-06
327.6153702 3.443045665e-05 3.826e-06
327.6153734 4.127767641e-05 4.467e-06
327.6153721 4.047795724e-05 3.599e-06
327.6153713 3.676826992e-05 3.383e-06
327.6153739 4.255021272e-05 4.325e-06
327.6153742 4.552360695e-05 7.249e-06
327.6153729 3.935526847e-05 3.597e-06
327.61537 3.775762418e-05 3.972e-06
327.6153726 3.01201367e-05 3.37e-06
327.6153715 3.219983235e-05 3.22e-06
327.6153731 3.519413945e-05 4.07e-06
327.6153742 3.26807046e-05 5.236e-06
327.6153736 4.12447234e-05 4.716e-06
327.6153739 3.394001404e-05 4.337e-06
327.6153723 3.268342059e-05 3.93e-06
327.6153734 3.687809448e-05 4.511e-06
327.6153718 3.364826502e-05 3.665e-06
327.6153697 3.476798719e-05 3.78e-06
327.6153742 4.225474994e-05 5.583e-06
327.6153739 3.454310833e-05 5.353e-06
327.6153736 3.44487159e-05 4.359e-06
327.6153729 3.339426768e-05 4.418e-06
327.6153731 4.214138045e-05 4.342e-06
327.6153721 3.414976252e-05 3.306e-06
327.6153742 4.039086337e-05 5.921e-06
327.6153726 3.815300848e-05 4.017e-06
327.6153734 3.961471911e-05 3.822e-06
327.6153694 4.020882342e-05 4.444e-06
327.615371 4.050051326e-05 3.418e-06
327.6153708 3.847701949e-05 3.271e-06
327.6182865 3.042728593e-05 3.653e-06
327.6182891 3.188717771e-05 4.65e-06
327.6182857 3.017219582e-05 4.236e-06
327.6182888 2.629154254e-05 5.09e-06
327.6182875 2.443203639e-05 3.737e-06
327.6182867 2.946568954e-05 3.602e-06
327.6182894 2.116241189e-05 5.366e-06
327.6182896 3.708897719e-05 5.268e-06
327.6182883 2.71788896e-05 4.174e-06
327.6182854 2.778085541e-05 3.79e-06
327.618288 2.833738656e-05 4.125e-06
327.618287 2.12178909e-05 3.959e-06
327.6182886 3.061195793e-05 4.284e-06
327.6182896 2.986468691e-05 4.847e-06
327.6182891 2.968884091e-05 5.058e-06
327.6182894 3.188839335e-05 4.129e-06
327.6182878 2.879088404e-05 4.311e-06
327.6182888 3.206551314e-05 4.85e-06
327.6182873 3.230140372e-05 3.221e-06
327.6182852 3.339133866e-05 4.12e-06
327.6182896 2.449908816e-05 4.298e-06
327.6182894 2.148733007e-05 5.986e-06
327.6182891 3.106061534e-05 4.007e-06
327.6182883 2.577796772e-05 4.222e-06
327.6182886 2.811877102e-05 3.553e-06
327.6182875 2.521625806e-05 3.944e-06
327.6182896 3.030588837e-05 4.63e-06
327.618288 2.48445932e-05 4.104e-06
327.6182888 2.613046412e-05 3.825e-06
327.6182849 2.593981036e-05 3.81e-06
327.6182865 2.642333751e-05 3.824e-06
327.6182862 2.705332958e-05 4.044e-06
327.6210195 1.7762436e-05 3.862e-06
327.6210222 1.957218776e-05 3.707e-06
327.6210187 2.128526064e-05 3.618e-06
327.6210219 2.347905819e-05 4.607e-06
327.6210206 1.692940721e-05 4.192e-06
327.6210198 2.028167458e-05 3.616e-06
327.6210224 1.441827386e-05 4.83e-06
327.6210227 3.116688771e-05 5.052e-06
327.6210214 1.560250428e-05 4.089e-06
327.6210185 1.915910059e-05 3.959e-06
327.6210211 2.105252572e-05 3.719e-06
327.6210201 1.294926935e-05 4.022e-06
327.6210216 1.690857811e-05 3.818e-06
327.6210227 2.003583442e-05 4.271e-06
327.6210222 1.372296107e-05 4.726e-06
327.6210224 2.117552553e-05 3.854e-06
327.6210208 1.849671844e-05 4.137e-06
327.6210219 1.881004908e-05 4.025e-06
327.6210203 1.619593015e-05 3.704e-06
327.6210182 1.328430357e-05 3.956e-06
327.6210227 1.709112107e-05 3.859e-06
327.6210224 1.865582556e-05 5.267e-06
327.6210222 1.970536884e-05 4.377e-06
327.6210214 2.698825777e-05 3.937e-06
327.6210216 1.858899174e-05 4.051e-06
327.6210206 2.364799263e-05 3.981e-06
327.6210227 2.436115066e-05 4.042e-06
327.6210211 1.692759523e-05 4.467e-06
327.6210219 1.828284844e-05 3.784e-06
327.621018 1.302159393e-05 3.715e-06
327.6210195 1.531638499e-05 3.658e-06
327.6210193 1.396454693e-05 3.001e-06
327.6237965 1.202036788e-05 3.532e-06
327.6237992 1.061469921e-05 4.368e-06
327.6237957 5.661110005e-06 3.436e-06
327.6237989 8.067884018e-06 4.278e-06
327.6237976 1.276434601e-05 4.816e-06
327.6237968 7.191530215e-06 3.764e-06
327.6237994 5.362679837e-06 5.343e-06
327.6237997 1.605748208e-06 6.381e-06
327.6237984 1.01217634e-05 3.699e-06
327.6237955 1.231886271e-05 3.365e-06
327.6237981 1.073215761e-05 4.149e-06
327.6237971 9.371950071e-06 3.581e-06
327.6237986 9.359203534e-06 4.747e-06
327.6237997 1.015538366e-05 4.539e-06
327.6237992 7.266787802e-06 5.102e-06
327.6237994 9.294664973e-06 4.208e-06
327.6237978 9.907756826e-06 3.971e-06
327.6237989 1.760642356e-05 4.822e-06
327.6237973 9.039663037e-06 4.565e-06
327.6237952 8.471032806e-06 4.071e-06
327.6237997 1.24078885e-05 5.186e-06
327.6237994 4.967977395e-06 4.663e-06
327.6237992 -5.275109296e-07 5.03e-06
327.6237984 6.226302308e-06 4.462e-06
327.6237986 9.87022959e-06 4.936e-06
327.6237976 1.147435057e-05 3.808e-06
327.6237997 8.358965782e-06 4.508e-06
327.6237981 9.424974456e-06 4.55e-06
327.6237989 9.093926155e-06 5.131e-06
327.623795 7.831224608e-06 4.481e-06
327.6237965 1.033474938e-05 4.102e-06
327.6237963 9.658692465e-06 3.957e-06
327.6265741 3.212407529e-06 3.549e-06
327.6265767 -3.442714439e-06 4.173e-06
327.6265733 -1.465258684e-06 3.441e-06
327.6265765 -3.00481058e-06 3.953e-06
327.6265752 -5.26473921e-06 3.999e-06
327.6265744 -3.353185911e-06 3.398e-06
327.626577 2.140139797e-06 5.193e-06
327.6265773 8.660855262e-06 6.262e-06
327.6265759 -2.754157016e-06 4.088e-06
327.6265731 -2.896164267e-06 3.966e-06
327.6265757 -2.73358502e-06 3.598e-06
327.6265746 -3.028668372e-06 3.679e-06
327.6265762 -4.370335038e-06 3.949e-06
327.6265773 -3.128838337e-06 3.562e-06
327.6265767 -3.90808899e-06 3.491e-06
327.626577 8.741736397e-07 4.073e-06
327.6265754 -8.981236906e-07 3.611e-06
327.6265765 -3.184084151e-06 4.574e-06
327.6265749 4.221569604e-06 3.614e-06
327.6265728 8.875698635e-07 3.499e-06
327.6265773 -5.071992027e-06 4.587e-06
327.626577 7.434849794e-06 4.441e-06
327.6265767 5.683968101e-06 4.245e-06
327.6265759 -2.809105583e-06 3.834e-06
327.6265762 -2.74670754e-07 3.922e-06
327.6265752 1.667683254e-06 3.419e-06
327.6265773 -2.788709694e-06 3.775e-06
327.6265757 -1.054334304e-05 3.73e-06
327.6265765 1.303587639e-06 4.018e-06
327.6265725 -5.1033495e-06 3.683e-06
327.6265741 -2.569471275e-06 3.422e-06
327.6265738 -9.787014836e-06 3.344e-06
327.6293504 -1.222407416e-05 3.188e-06
327.629353 -7.572466668e-06 3.601e-06
327.6293528 -9.352311111e-06 4.64e-06
327.6293496 -9.557624894e-06 3.216e-06
327.6293515 -1.057671888e-05 3.986e-06
327.6293507 -1.636115829e-05 3.682e-06
327.6293533 4.347928605e-07 4.793e-06
327.6293536 -1.390258186e-05 4.921e-06
327.6293523 -1.089353419e-05 4.117e-06
327.6293494 -1.014738448e-05 3.664e-06
327.629352 -1.600482228e-05 4.146e-06
327.6293509 -1.401691871e-05 3.604e-06
327.6293525 -1.275045605e-05 3.645e-06
327.6293536 -1.11930866e-05 4.66e-06
327.629353 -1.317751414e-05 4.108e-06
327.6293533 -8.747402417e-06 3.6e-06
327.6293517 -1.744345014e-05 3.865e-06
327.6293528 -1.295494181e-05 4.042e-06
327.6293512 -7.901771083e-06 3.822e-06
327.6293491 -1.112335342e-05 3.583e-06
327.6293536 -1.642202866e-05 3.797e-06
327.6293533 -8.817097095e-06 4.248e-06
327.629353 -1.130220575e-05 3.522e-06
327.6293523 -8.502731005e-06 4.475e-06
327.6293525 -6.976238005e-06 3.983e-06
327.6293515 -1.226013652e-05 3.92e-06
327.6293536 -1.057872965e-05 3.201e-06
327.629352 -1.182897619e-05 3.389e-06
327.6293528 -8.113772488e-06 4.05e-06
327.6293488 -2.135548036e-05 3.648e-06
327.6293504 -1.101869439e-05 4.005e-06
327.6293502 -1.629527289e-05 3.816e-06
327.63213 -1.940994627e-05 3.518e-06
327.6321326 -1.449085597e-05 4.721e-06
327.6321323 -2.572547268e-05 3.452e-06
327.6321292 -1.877936704e-05 3.277e-06
327.632131 -1.644767985e-05 3.871e-06
327.6321329 -1.5168439e-05 4.568e-06
327.6321302 -2.373734879e-05 3.995e-06
327.6321331 -2.197700016e-05 5.715e-06
327.6321318 -1.449891365e-05 4.578e-06
327.6321289 -2.113014862e-05 4.186e-06
327.6321316 -1.928505055e-05 3.522e-06
327.6321305 -2.147624342e-05 3.909e-06
327.6321321 -2.104184873e-05 4.239e-06
327.6321331 -1.115091178e-05 5.719e-06
327.6321326 -2.052172647e-05 3.286e-06
327.6321329 -1.851059762e-05 4.825e-06
327.6321313 -2.617830937e-05 3.955e-06
327.6321323 -2.258076067e-05 3.938e-06
327.6321308 -2.066758508e-05 4.001e-06
327.6321287 -2.259012025e-05 3.461e-06
327.6321329 -1.545432192e-05 5.766e-06
327.6321326 -1.787999638e-05 3.169e-06
327.6321318 -1.888541983e-05 4.48e-06
327.6321321 -1.795302364e-05 4.699e-06
327.632131 -1.817096103e-05 3.402e-06
327.6321331 -2.331091574e-05 3.201e-06
327.6321316 -2.041599224e-05 3.459e-06
327.6321323 -1.320281859e-05 4.82e-06
327.6321284 -1.628304705e-05 4.151e-06
327.63213 -1.956163922e-05 3.828e-06
327.6321297 -1.608666755e-05 2.999e-06
327.6349063 -2.73926512e-05 3.549e-06
327.6349089 -2.963553396e-05 4.218e-06
327.6349086 -2.339751881e-05 4.479e-06
327.6349055 -2.065843445e-05 3.75e-06
327.6349073 -2.30340565e-05 3.902e-06
327.6349092 -2.382374314e-05 3.962e-06
327.6349065 -3.35332817e-05 3.21e-06
327.6349094 -2.25784369e-05 7.126e-06
327.6349081 -2.579011732e-05 4.547e-06
327.6349052 -2.93680414e-05 3.445e-06
327.6349078 -2.717473226e-05 3.034e-06
327.6349068 -2.917164431e-05 3.981e-06
327.6349084 -2.533086796e-05 3.388e-06
327.6349094 -3.018744208e-05 4.35e-06
327.6349089 -2.483844572e-05 5.543e-06
327.6349092 -2.696150569e-05 4.314e-06
327.6349076 -3.483798037e-05 3.442e-06
327.6349086 -2.53556644e-05 3.699e-06
327.6349071 -2.441939787e-05 3.18e-06
327.634905 -2.401534018e-05 3.869e-06
327.6349094 -2.413180904e-05 4.722e-06
327.6349092 -1.80985626e-05 5.801e-06
327.6349089 -1.78473499e-05 4.264e-06
327.6349081 -1.849006716e-05 3.893e-06
327.6349084 -2.890780045e-05 3.567e-06
327.6349073 -2.624828965e-05 3.965e-06
327.6349094 -2.575827382e-05 4.001e-06
327.6349078 -2.781168235e-05 3.993e-06
327.6349086 -3.059376531e-05 4.479e-06
327.6349047 -2.764907674e-05 3.637e-06
327.6349063 -2.790460672e-05 3.521e-06
327.634906 -2.346909893e-05 3.61e-06
327.6370237 -3.678608259e-05 5.013e-06
327.6370263 -3.550183947e-05 5.849e-06
327.6370261 -3.019018117e-05 5.055e-06
327.6370229 -2.905117153e-05 4.812e-06
327.6370247 -3.771618821e-05 4.54e-06
327.6370266 -2.494703055e-05 6.177e-06
327.637024 -4.188552244e-05 4.823e-06
327.6370268 -3.01098592e-05 1.3664e-05
327.6370255 -3.05614396e-05 5.355e-06
327.6370226 -3.201134458e-05 4.229e-06
327.6370253 -3.395309347e-05 4.779e-06
327.6370242 -3.947607628e-05 4.528e-06
327.6370258 -2.425386722e-05 3.896e-06
327.6370268 -3.330749149e-05 6.924e-06
327.6370263 -3.539311199e-05 7.305e-06
327.6370266 -3.994988738e-05 6.754e-06
327.637025 -3.337933236e-05 4.749e-06
327.6370261 -3.206895515e-05 4.387e-06
327.6370245 -3.316325745e-05 5.101e-06
327.6370224 -3.284894141e-05 5.52e-06
327.6370268 -3.496021066e-05 6.485e-06
327.6370266 -3.573961527e-05 6.55e-06
327.6370263 -2.670965623e-05 4.61e-06
327.6370255 -2.654773714e-05 5.039e-06
327.6370258 -3.263632582e-05 4.864e-06
327.6370247 -3.156786454e-05 4.747e-06
327.6370268 -2.484517618e-05 5.911e-06
327.6370253 -2.37535962e-05 6.144e-06
327.6370261 -3.875999512e-05 6.182e-06
327.6370221 -3.326613043e-05 5.611e-06
327.6370237 -3.289032208e-05 4.349e-06
327.6370234 -3.244810877e-05 4.281e-06
