592.5465922 0.0001040112856 6.298e-06
592.546592 0.0001131011351 3.624e-06
592.5465925 0.0001120949295 6.031e-06
592.5465928 0.0001114984981 8.651e-06
592.5465917 0.0001156678275 3.384e-06
592.5465928 0.0001209124296 6.838e-06
592.5465922 0.0001177396668 4.654e-06
592.5465925 0.0001034335114 8.135e-06
592.546592 0.0001102656359 4.554e-06
592.5465928 0.0001143478022 7.642e-06
592.5465925 0.0001111058946 5.212e-06
592.5465922 0.0001146814506 4.665e-06
592.5465917 0.0001182698728 3.047e-06
592.5465928 0.0001151960285 6.341e-06
592.546592 0.000110497556 4.406e-06
592.5493218 7.870953315e-05 2.085e-06
592.5493244 8.126796354e-05 5.385e-06
592.549321 8.364904373e-05 1.841e-06
592.5493241 8.184789675e-05 3.214e-06
592.5493228 8.035377491e-05 2.411e-06
592.549322 8.507787246e-05 2.493e-06
592.5493246 8.296567342e-05 5.516e-06
592.5493249 8.4519254e-05 5.093e-06
592.5493236 8.636466787e-05 2.85e-06
592.5493207 7.983994176e-05 2.12e-06
592.5493233 8.357988328e-05 3.279e-06
592.5493223 8.369189463e-05 2.405e-06
592.5493239 8.306334377e-05 3.258e-06
592.5493249 7.599380468e-05 6.963e-06
592.5493244 7.827917786e-05 4.104e-06
592.5493246 7.718508383e-05 4.763e-06
592.5493231 7.851055601e-05 3.081e-06
592.5493241 9.286814248e-05 4.432e-06
592.5493225 8.049879423e-05 2.099e-06
592.5493204 8.133776826e-05 2.183e-06
592.5493249 8.749147122e-05 6.236e-06
592.5493246 7.879039406e-05 5.052e-06
592.5493244 7.959607225e-05 4.484e-06
592.5493236 9.176786193e-05 3.894e-06
592.5493239 8.898323177e-05 4.136e-06
592.5493228 8.197258528e-05 2.172e-06
592.5493249 8.490462664e-05 5.215e-06
592.5493233 8.649809893e-05 3.527e-06
592.5493241 8.14622173e-05 3.313e-06
592.5493202 7.934154716e-05 1.9e-06
592.5493218 7.932625199e-05 2.049e-06
592.5493215 8.324737744e-05 2.013e-06
592.5520978 4.751304691e-05 1.781e-06
592.5521005 4.801564783e-05 5.7e-06
592.552097 4.415834233e-05 1.985e-06
592.5520989 4.55288694e-05 2.592e-06
592.5520981 4.429307567e-05 2.491e-06
592.5521007 4.366290988e-05 4.4e-06
592.552101 4.671775197e-05 5.101e-06
592.5520997 4.587056536e-05 3.407e-06
592.5520968 4.429664872e-05 2.237e-06
592.5520994 4.870120717e-05 3.04e-06
592.5520984 4.798629793e-05 2.547e-06
592.5520999 4.826557895e-05 3.378e-06
592.552101 5.095424495e-05 6.522e-06
592.5521005 5.493336035e-05 4.645e-06
592.5521007 4.892868183e-05 2.876e-06
592.5520991 5.254740342e-05 2.627e-06
592.5521002 4.384055363e-05 3.978e-06
592.5520986 5.015225876e-05 2.284e-06
592.5520965 4.774321717e-05 1.943e-06
592.552101 4.53242051e-05 4.809e-06
592.5521007 4.950009435e-05 6.937e-06
592.5521005 4.633424659e-05 4.151e-06
592.5520997 4.62062932e-05 3.395e-06
592.5520999 4.112537792e-05 3.305e-06
592.5520989 5.145443488e-05 2.748e-06
592.552101 4.85090167e-05 5.534e-06
592.5520994 4.104360498e-05 2.711e-06
592.5521002 5.042560699e-05 3.431e-06
592.5520963 4.486750921e-05 1.875e-06
592.5520978 4.669797099e-05 1.913e-06
592.5520976 4.1819745e-05 2.061e-06
592.554876 1.666129426e-05 2.824e-06
592.5548752 1.753575353e-05 2.395e-06
592.5548784 1.615026616e-05 5.234e-06
592.5548771 2.140134075e-05 3.064e-06
592.5548763 1.836361363e-05 2.991e-06
592.5548789 1.52315709e-05 3.461e-06
592.5548779 2.216993604e-05 4.262e-06
592.554875 1.359002185e-05 1.802e-06
592.5548776 1.968970067e-05 3.553e-06
592.5548765 1.636557547e-05 2.758e-06
592.5548781 1.715269637e-05 4.474e-06
592.5548792 9.847530443e-06 6.594e-06
592.5548787 2.03627692e-05 3.387e-06
592.5548789 1.927638643e-05 5.195e-06
592.5548784 1.64645696e-05 3.768e-06
592.5548768 2.090137793e-05 2.912e-06
592.5548747 1.590127301e-05 2.224e-06
592.5548792 2.599456444e-05 4.382e-06
592.5548789 1.349983246e-05 5.333e-06
592.5548787 1.634895437e-05 3.634e-06
592.5548779 1.578227098e-05 4.345e-06
592.5548781 1.733532386e-05 3.185e-06
592.5548771 1.889397284e-05 3.014e-06
592.5548792 1.997368854e-05 6.819e-06
592.5548776 1.679282969e-05 3.21e-06
592.5548784 2.106248542e-05 4.061e-06
592.5548744 1.233230118e-05 1.873e-06
592.554876 1.842004283e-05 2.252e-06
592.5548758 1.798022912e-05 2.361e-06
592.5576558 -2.269614451e-05 3.82e-06
592.5576532 -1.466924962e-05 2.006e-06
592.5576524 -2.031009327e-05 2.023e-06
592.5576556 -1.516862919e-05 3.569e-06
592.5576542 -1.666042676e-05 2.978e-06
592.5576535 -2.139236487e-05 2.081e-06
592.5576563 -1.561973425e-05 8.606e-06
592.5576561 -1.652659836e-05 4.181e-06
592.557655 -1.929542636e-05 4.263e-06
592.5576521 -2.015020159e-05 1.996e-06
592.5576548 -2.227448956e-05 4.029e-06
592.5576537 -2.328983574e-05 2.243e-06
592.5576553 -1.716144943e-05 3.365e-06
592.5576563 -1.662175182e-05 5.462e-06
592.5576558 -2.570864392e-05 3.358e-06
592.5576561 -1.856348146e-05 4.106e-06
592.5576545 -2.257223743e-05 2.688e-06
592.5576556 -2.078563733e-05 2.997e-06
592.557654 -1.605734633e-05 2.614e-06
592.5576519 -2.064137802e-05 1.914e-06
592.5576563 -1.64974206e-05 4.949e-06
592.5576561 -2.188634849e-05 5.581e-06
592.5576558 -1.432328108e-05 3.679e-06
592.557655 -1.855465793e-05 3.778e-06
592.5576553 -2.068877207e-05 2.913e-06
592.5576542 -1.517520607e-05 3.07e-06
592.5576563 -2.204781201e-05 5.112e-06
592.5576548 -2.017835741e-05 3.029e-06
592.5576556 -2.000496007e-05 3.4e-06
592.5576516 -1.984282802e-05 1.741e-06
592.5576532 -1.789633497e-05 2.331e-06
592.5576529 -2.389546587e-05 2.216e-06
592.5604296 -5.022092136e-05 2.398e-06
592.5604323 -4.081599511e-05 3.998e-06
592.560432 -5.302294532e-05 4.375e-06
592.5604288 -4.668132143e-05 1.906e-06
592.5604307 -4.669611041e-05 2.524e-06
592.5604328 -5.230308601e-05 9.148e-06
592.5604299 -5.003214233e-05 2.211e-06
592.5604325 -4.824490428e-05 3.573e-06
592.5604315 -5.144327106e-05 3.767e-06
592.5604286 -4.992503532e-05 2.107e-06
592.5604312 -4.826092399e-05 2.779e-06
592.5604302 -4.461411677e-05 2.546e-06
592.5604317 -4.515244976e-05 2.624e-06
592.5604328 -4.67668284e-05 4.058e-06
592.5604323 -4.570900152e-05 4.089e-06
592.5604325 -4.147587685e-05 4.762e-06
592.5604309 -4.476597848e-05 3.064e-06
592.560432 -4.311288804e-05 4.29e-06
592.5604304 -4.871832382e-05 2.276e-06
592.5604283 -5.269004142e-05 1.803e-06
592.5604328 -5.172124317e-05 4.757e-06
592.5604325 -4.887065397e-05 5.381e-06
592.5604323 -4.585300378e-05 3.409e-06
592.5604315 -4.563497549e-05 3.254e-06
592.5604317 -4.707544789e-05 2.669e-06
592.5604307 -4.83068477e-05 2.823e-06
592.5604328 -3.68926945e-05 5.224e-06
592.5604312 -4.939390547e-05 3.003e-06
592.560432 -4.923436566e-05 2.969e-06
592.5604281 -5.153410317e-05 2.052e-06
592.5604296 -5.115770352e-05 2.084e-06
592.5604294 -4.97725595e-05 1.951e-06
592.5632098 -8.084664278e-05 2.161e-06
592.5632125 -8.175151776e-05 5.343e-06
592.5632122 -7.661240838e-05 4.616e-06
592.563209 -7.902573506e-05 1.85e-06
592.5632109 -7.159616561e-05 3.579e-06
592.563213 -7.339755321e-05 7.534e-06
592.5632127 -8.020166262e-05 5.23e-06
592.5632101 -7.768177399e-05 2.083e-06
592.5632117 -7.48184023e-05 2.666e-06
592.5632088 -7.536192876e-05 2.19e-06
592.5632114 -7.785979634e-05 2.713e-06
592.5632104 -7.86374023e-05 2.799e-06
592.5632119 -7.373899129e-05 2.874e-06
592.563213 -6.606462268e-05 4.551e-06
592.5632125 -7.224932489e-05 5.259e-06
592.5632127 -8.113582127e-05 7.075e-06
592.5632112 -7.568163735e-05 2.496e-06
592.5632122 -7.927608093e-05 3.845e-06
592.5632106 -7.653598424e-05 2.205e-06
592.5632085 -7.519861083e-05 1.808e-06
592.563213 -8.414283451e-05 5.407e-06
592.5632125 -7.305634951e-05 4.592e-06
592.5632117 -7.500081197e-05 3.547e-06
592.5632119 -7.611676584e-05 4.191e-06
592.5632109 -7.104433032e-05 2.451e-06
592.563213 -7.816047262e-05 4.989e-06
592.5632114 -7.911271121e-05 2.567e-06
592.5632122 -7.967222315e-05 3.958e-06
592.5632083 -7.897092332e-05 1.866e-06
592.5632098 -7.882816024e-05 2.003e-06
592.5632096 -7.317349612e-05 1.942e-06
592.5652951 -9.803991629e-05 7.771e-06
592.5652925 -9.120642728e-05 3.23e-06
592.5652949 -9.267750412e-05 6.054e-06
592.5652917 -9.261497387e-05 2.655e-06
592.5652935 -9.040068075e-05 4.62e-06
592.5652954 -8.861524907e-05 6.17e-06
592.5652928 -9.688793636e-05 2.538e-06
592.5652943 -8.979442329e-05 3.752e-06
592.5652914 -9.372581921e-05 3.054e-06
592.5652941 -9.729052529e-05 4.501e-06
592.565293 -8.819329137e-05 4.26e-06
592.5652946 -8.364322433e-05 5.132e-06
592.5652956 -0.0001004253628 7.146e-06
592.5652951 -8.446929709e-05 6.572e-06
592.5652954 -0.0001051556987 9.236e-06
592.5652938 -9.43154764e-05 3.828e-06
592.5652949 -9.279912281e-05 6.432e-06
592.5652933 -9.557875836e-05 3.939e-06
592.5652912 -9.406613967e-05 2.68e-06
592.5652956 -7.817129116e-05 1.141e-05
592.5652954 -9.52256551e-05 1.0057e-05
592.5652951 -9.547394613e-05 5.039e-06
592.5652943 -8.761204348e-05 5.456e-06
592.5652946 -8.68126811e-05 7.024e-06
592.5652935 -8.974774813e-05 3.899e-06
592.5652956 -8.741676902e-05 6.089e-06
592.5652941 -9.819375903e-05 4.846e-06
592.5652949 -8.524586496e-05 5.836e-06
592.5652909 -9.906670031e-05 2.551e-06
592.5652925 -8.871785113e-05 2.732e-06
592.5652922 -9.066733386e-05 2.859e-06
592.5674692 -0.0001053806949 6.282e-06
592.5674666 -0.000114282342 1.831e-06
592.567469 -0.000102599296 4.981e-06
592.5674658 -0.0001087492073 2.114e-06
592.5674676 -0.000111152484 2.67e-06
592.5674697 -0.0001174364675 1.3831e-05
592.5674695 -0.0001131173584 4.744e-06
592.5674669 -0.0001132124416 2.045e-06
592.5674684 -0.0001056773494 2.798e-06
592.5674655 -0.0001134443196 1.839e-06
592.5674682 -0.0001146672405 2.91e-06
592.5674671 -0.0001121816156 2.484e-06
592.5674687 -0.0001068252085 4.562e-06
592.5674697 -0.0001199218986 6.498e-06
592.5674692 -0.0001110653659 3.031e-06
592.5674695 -0.0001066660492 5.797e-06
592.5674679 -0.0001091558821 2.71e-06
592.567469 -0.0001091055844 4.698e-06
592.5674674 -0.0001091620817 2.098e-06
592.5674653 -0.0001141570352 1.912e-06
592.5674697 -0.0001057010064 5.528e-06
592.5674695 -9.914218369e-05 5.638e-06
592.5674692 -0.0001155447933 4.197e-06
592.5674684 -0.0001068555641 3.402e-06
592.5674687 -0.0001108838449 3.586e-06
592.5674676 -0.0001122354832 2.413e-06
592.5674697 -0.0001123682398 4.767e-06
592.5674682 -0.0001129208045 2.515e-06
592.567469 -0.0001120071991 3.567e-06
592.567465 -0.0001090481602 1.878e-06
592.5674666 -0.0001087097801 2.304e-06
592.5674663 -0.0001117258286 1.972e-06
592.5702483 -0.0001298641722 6.219e-06
592.5702456 -0.000130653402 2.05e-06
592.570248 -0.0001426280937 6.198e-06
592.5702449 -0.0001308308072 2.213e-06
592.5702467 -0.0001276250413 2.225e-06
592.5702488 -0.0001256164161 1.068e-05
592.5702485 -0.0001294387793 3.983e-06
592.5702459 -0.0001286670496 1.821e-06
592.5702475 -0.0001215079159 3.885e-06
592.5702446 -0.0001316831953 1.84e-06
592.5702472 -0.000129269777 3.249e-06
592.5702462 -0.0001355573295 2.652e-06
592.5702477 -0.0001266931027 3.81e-06
592.5702488 -0.0001229891229 6.357e-06
592.5702483 -0.0001289340373 3.319e-06
592.5702485 -0.0001264548524 4.331e-06
592.570247 -0.0001353797458 2.046e-06
592.570248 -0.0001259169977 4.461e-06
592.5702464 -0.0001272371896 2.857e-06
592.5702443 -0.0001289779594 2.023e-06
592.5702488 -0.0001279623344 6.059e-06
592.5702485 -0.0001260361689 7.953e-06
592.5702483 -0.0001334169926 3.939e-06
592.5702475 -0.0001288239735 3.233e-06
592.5702477 -0.0001335278125 3.699e-06
592.5702467 -0.0001253712766 2.738e-06
592.5702488 -0.0001255681892 4.868e-06
592.5702472 -0.0001303553439 2.716e-06
592.570248 -0.0001283523046 3.336e-06
592.5702441 -0.0001329370597 2.073e-06
592.5702456 -0.0001288748417 2.25e-06
592.5702454 -0.0001301145555 1.83e-06
592.5730273 -0.000140359671 7.886e-06
592.5730247 -0.0001430679861 2.348e-06
592.5730271 -0.0001391340277 3.388e-06
592.5730239 -0.0001454428933 1.536e-06
592.5730258 -0.0001482285227 2.585e-06
592.5730279 -0.0001331262435 1.3376e-05
592.5730276 -0.0001422714548 3.311e-06
592.573025 -0.0001449204506 2.302e-06
592.5730265 -0.0001413327254 2.819e-06
592.5730237 -0.0001510026295 1.988e-06
592.5730263 -0.0001430269001 2.839e-06
592.5730252 -0.0001443937859 2.582e-06
592.5730268 -0.0001484422186 3.618e-06
592.5730279 -0.0001421742885 6.164e-06
592.5730273 -0.0001367312984 3.211e-06
592.5730276 -0.0001477279915 4.497e-06
592.573026 -0.0001406412706 2.591e-06
592.5730271 -0.0001400344392 4.603e-06
592.5730255 -0.0001438731145 2.499e-06
592.5730234 -0.0001480136825 1.913e-06
592.5730279 -0.0001494150593 6.009e-06
592.5730276 -0.0001377349905 4.931e-06
592.5730273 -0.0001436621014 3.447e-06
592.5730265 -0.0001366881259 3.891e-06
592.5730268 -0.0001499060401 3.137e-06
592.5730258 -0.0001504244084 2.484e-06
592.5730279 -0.0001414016734 3.635e-06
592.5730263 -0.0001468939692 2.994e-06
592.5730271 -0.0001442974928 3.454e-06
592.5730231 -0.0001472776102 1.781e-06
592.5730247 -0.0001484827428 2.398e-06
592.5730244 -0.0001471084423 2.086e-06
592.5758036 -0.0001541592035 5.198e-06
592.5758009 -0.0001567052856 2.136e-06
592.5758033 -0.0001588780519 2.92e-06
592.5758002 -0.0001547366407 1.848e-06
592.575802 -0.0001552368014 2.195e-06
592.5758038 -0.0001604320072 4.033e-06
592.5758012 -0.0001579284212 2.238e-06
592.5758028 -0.0001606413586 3.659e-06
592.5757999 -0.0001590455235 1.823e-06
592.5758025 -0.0001545137591 2.991e-06
592.5758015 -0.0001573803225 2.248e-06
592.575803 -0.0001573900076 3.696e-06
592.5758041 -0.0001563793119 6.034e-06
592.5758036 -0.0001540077434 4.692e-06
592.5758038 -0.0001611877711 6.307e-06
592.5758023 -0.0001609062365 2.69e-06
592.5758033 -0.0001602866607 5.81e-06
592.5758017 -0.0001560868007 2.442e-06
592.5757996 -0.0001589674917 1.796e-06
592.5758041 -0.0001580312398 3.882e-06
592.5758038 -0.0001436586562 7.604e-06
592.5758036 -0.0001582016188 4.377e-06
592.5758028 -0.0001569003272 3.382e-06
592.575803 -0.0001575955385 3.272e-06
592.575802 -0.0001542924038 2.692e-06
592.5758041 -0.0001562951333 3.439e-06
592.5758025 -0.000154477507 2.124e-06
592.5758033 -0.0001582909524 3.025e-06
592.5757994 -0.0001583990302 1.707e-06
592.5758009 -0.0001577191152 2.109e-06
592.5758007 -0.0001604092571 1.746e-06
592.5785789 -0.0001598463931 4.659e-06
592.5785763 -0.00016270601 2.181e-06
592.5785786 -0.0001601804551 5.24e-06
592.5785755 -0.0001628865615 1.854e-06
592.5785773 -0.0001631513227 2.259e-06
592.5785791 -0.0001654449377 3.223e-06
592.5785794 -0.0001550359805 8.945e-06
592.5785765 -0.00015882701 2.461e-06
592.5785781 -0.0001608419511 3.352e-06
592.5785752 -0.0001660838843 1.571e-06
592.5785778 -0.0001640214271 2.699e-06
592.5785768 -0.0001648202625 2.794e-06
592.5785784 -0.0001670861678 3.09e-06
592.5785794 -0.0001643399113 4.458e-06
592.5785789 -0.0001693626217 6.091e-06
592.5785791 -0.000151073202 5.34e-06
592.5785776 -0.0001636716614 2.761e-06
592.5785786 -0.000164133005 4.527e-06
592.578577 -0.0001617015461 2.658e-06
592.5785749 -0.0001674150163 1.657e-06
592.5785794 -0.0001661252411 3.709e-06
592.5785791 -0.0001589134757 5.932e-06
592.5785789 -0.0001617288084 4.454e-06
592.5785781 -0.0001638362419 2.941e-06
592.5785784 -0.0001632595834 2.594e-06
592.5785773 -0.0001601561102 2.711e-06
592.5785794 -0.0001708781325 4.014e-06
592.5785778 -0.0001636748685 2.042e-06
592.5785786 -0.0001650504021 3.471e-06
592.5785747 -0.0001659880609 1.787e-06
592.5785763 -0.0001648640131 2.048e-06
592.578576 -0.000162221324 1.884e-06
592.5813586 -0.0001677467815 5.102e-06
592.581356 -0.0001664228926 2.179e-06
592.5813552 -0.0001665488522 1.754e-06
592.581357 -0.0001625781506 2.636e-06
592.5813588 -0.0001742888501 3.269e-06
592.5813591 -0.0001662066879 6.728e-06
592.5813562 -0.0001668476769 2.325e-06
592.5813578 -0.0001694372793 2.305e-06
592.5813549 -0.0001675084299 1.797e-06
592.5813575 -0.0001644371859 3.071e-06
592.5813565 -0.000159987837 2.779e-06
592.5813581 -0.0001734723254 3.162e-06
592.5813591 -0.000167366511 3.682e-06
592.5813586 -0.0001508686661 8.511e-06
592.5813588 -0.0001500210482 5.609e-06
592.5813573 -0.0001626062386 2.749e-06
592.5813583 -0.0001702083072 5.419e-06
592.5813567 -0.0001675377499 2.626e-06
592.5813546 -0.0001686360538 1.828e-06
592.5813591 -0.0001633020605 5e-06
592.5813588 -0.0001544680099 6.251e-06
592.5813586 -0.0001686414583 3.925e-06
592.5813578 -0.0001636811768 2.468e-06
592.5813581 -0.0001712820263 3.055e-06
592.581357 -0.0001667676469 2.285e-06
592.5813591 -0.000156248185 4.069e-06
592.5813575 -0.000165629269 2.436e-06
592.5813583 -0.0001652900425 3.826e-06
592.5813544 -0.000169327694 1.734e-06
592.581356 -0.000166629971 2.006e-06
592.5813557 -0.0001674577827 1.793e-06
592.5841404 -0.0001625716745 4.604e-06
592.5841377 -0.0001670496676 1.948e-06
592.5841401 -0.0001612684804 5.987e-06
592.584137 -0.0001660058182 1.704e-06
592.5841388 -0.0001658430021 2.988e-06
592.5841409 -0.0001662246067 3.561e-06
592.5841406 -0.0001677559127 3.581e-06
592.584138 -0.0001691197424 2.011e-06
592.5841396 -0.0001650865047 2.121e-06
592.5841367 -0.0001675557327 1.846e-06
592.5841393 -0.0001666465444 3.101e-06
592.5841383 -0.0001684542151 2.452e-06
592.5841398 -0.0001687181803 3.398e-06
592.5841409 -0.0001630757394 5.195e-06
592.5841404 -0.0001597804305 5.278e-06
592.5841406 -0.0001493186478 4.886e-06
592.5841391 -0.0001640460188 2.366e-06
592.5841401 -0.0001612349916 3.552e-06
592.5841385 -0.000164291139 2.377e-06
592.5841364 -0.0001673722507 1.867e-06
592.5841409 -0.0001609545783 4.537e-06
592.5841406 -0.000162367291 6.858e-06
592.5841404 -0.0001638030786 2.926e-06
592.5841396 -0.0001684206357 3.003e-06
592.5841398 -0.00016755529 2.41e-06
592.5841388 -0.0001662777418 2.984e-06
592.5841409 -0.0001615914796 5.028e-06
592.5841393 -0.0001642328941 2.866e-06
592.5841401 -0.0001637592471 3.77e-06
592.5841362 -0.0001697778831 1.791e-06
592.5841377 -0.0001664096939 1.761e-06
592.5841375 -0.0001662429816 2.031e-06
592.5869133 -0.0001571654094 4.821e-06
592.5869106 -0.0001603661083 2.13e-06
592.586913 -0.0001559048744 4.614e-06
592.5869099 -0.0001651276708 1.746e-06
592.5869117 -0.0001626335299 2.279e-06
592.5869138 -0.00016449023 3.243e-06
592.5869135 -0.0001534931553 4.495e-06
592.5869109 -0.0001603402051 2.508e-06
592.5869125 -0.0001594130908 2.771e-06
592.5869096 -0.0001636115901 1.721e-06
592.5869122 -0.0001605107653 3.62e-06
592.5869112 -0.0001590430653 1.933e-06
592.5869127 -0.0001592448595 3.307e-06
592.5869138 -0.0001628087669 5.135e-06
592.5869133 -0.0001569027288 3.493e-06
592.5869135 -0.0001536535287 5.023e-06
592.586912 -0.0001594760411 2.132e-06
592.586913 -0.0001624248837 3.934e-06
592.5869114 -0.0001557474784 2.272e-06
592.5869093 -0.000163218814 2.1e-06
592.5869138 -0.0001583588652 4.527e-06
592.5869135 -0.0001539853358 7.715e-06
592.5869133 -0.0001581642102 4.175e-06
592.5869125 -0.0001598097231 3.245e-06
592.5869127 -0.0001624640027 3.163e-06
592.5869117 -0.0001601339164 3.128e-06
592.5869138 -0.0001624391707 3.798e-06
592.5869122 -0.0001597156572 2.931e-06
592.586913 -0.0001546781099 3.638e-06
592.5869091 -0.0001639272222 1.694e-06
592.5869106 -0.0001639450165 1.947e-06
592.5869104 -0.0001584098475 2.102e-06
592.5896936 -0.000148674835 4.411e-06
592.589691 -0.0001558966693 1.701e-06
592.5896934 -0.000143074862 4.805e-06
592.5896902 -0.000151188359 1.706e-06
592.589692 -0.000152418126 2.243e-06
592.5896941 -0.0001493573347 3.704e-06
592.5896939 -0.0001511735944 4.728e-06
592.5896913 -0.0001540035221 1.87e-06
592.5896928 -0.0001478618082 2.272e-06
592.5896899 -0.0001543839596 1.745e-06
592.5896926 -0.0001577636355 2.718e-06
592.5896915 -0.0001586225257 2.23e-06
592.5896931 -0.000152070167 2.283e-06
592.5896941 -0.0001494175488 6.722e-06
592.5896936 -0.0001469068141 5.071e-06
592.5896939 -0.0001556530927 3.142e-06
592.5896923 -0.0001526864048 2.133e-06
592.5896934 -0.000153367478 3.063e-06
592.5896918 -0.0001491042394 2.509e-06
592.5896897 -0.0001534759045 2.019e-06
592.5896941 -0.0001553443357 5.122e-06
592.5896939 -0.0001549234577 6.838e-06
592.5896936 -0.0001464211076 3.704e-06
592.5896928 -0.0001530239378 2.365e-06
592.5896931 -0.0001512686436 2.506e-06
592.589692 -0.000154262029 2.271e-06
592.5896941 -0.0001528005976 4.711e-06
592.5896926 -0.0001548398726 2.662e-06
592.5896934 -0.0001493626264 3.649e-06
592.5896894 -0.000158338691 1.695e-06
592.589691 -0.0001530469451 2.181e-06
592.5896907 -0.0001508324428 2.05e-06
592.5924605 -0.0001420699369 4.351e-06
592.5924578 -0.0001417474856 1.887e-06
592.5924602 -0.0001357792263 5.848e-06
592.5924571 -0.0001409431001 1.981e-06
592.5924589 -0.0001395691616 2.121e-06
592.592461 -0.0001495671531 6.756e-06
592.5924607 -0.0001408968976 4.181e-06
592.5924581 -0.0001427689725 2.272e-06
592.5924597 -0.0001388762792 2.659e-06
592.5924568 -0.0001419580364 1.817e-06
592.5924594 -0.0001391329858 2.296e-06
592.5924584 -0.0001445963923 2.181e-06
592.5924599 -0.000136956581 2.85e-06
592.592461 -0.0001427640183 7.234e-06
592.5924605 -0.0001414635345 5.01e-06
592.5924607 -0.0001400275364 4.095e-06
592.5924592 -0.0001422138948 2.375e-06
592.5924602 -0.000137575394 3.729e-06
592.5924586 -0.0001387941765 2.578e-06
592.5924565 -0.0001423292532 1.826e-06
592.592461 -0.0001363316676 3.805e-06
592.5924607 -0.0001255580495 8.402e-06
592.5924605 -0.0001426391688 3.594e-06
592.5924597 -0.0001385979607 2.918e-06
592.5924599 -0.0001391465724 3.554e-06
592.5924589 -0.0001421655717 2.12e-06
592.592461 -0.000139955644 4.893e-06
592.5924594 -0.0001376765755 2.718e-06
592.5924602 -0.0001423860638 3.281e-06
592.5924563 -0.0001439386259 1.915e-06
592.5924578 -0.000140828666 1.877e-06
592.5924576 -0.0001391269034 1.851e-06
592.5952475 -0.0001207975056 5.974e-06
592.5952449 -0.0001243166741 1.784e-06
592.5952472 -0.0001251946361 3.781e-06
592.5952441 -0.0001244735462 2.001e-06
592.5952459 -0.0001223987822 2.579e-06
592.595248 -0.000124068821 8.651e-06
592.5952477 -0.0001254780263 3.651e-06
592.5952451 -0.0001294633094 2.129e-06
592.5952467 -0.0001254305511 3.461e-06
592.5952438 -0.0001278504193 1.875e-06
592.5952464 -0.0001237543305 2.279e-06
592.5952454 -0.0001257262113 2.413e-06
592.595247 -0.0001195715095 2.252e-06
592.595248 -0.0001255183502 4.448e-06
592.5952475 -0.0001245366704 3.009e-06
592.5952477 -0.0001233819069 4.841e-06
592.5952462 -0.0001238595825 2.379e-06
592.5952472 -0.0001184959005 3.381e-06
592.5952456 -0.0001235696975 2.168e-06
592.5952435 -0.0001272542656 1.554e-06
592.595248 -0.0001245541476 4.8e-06
592.5952477 -0.0001198930846 3.924e-06
592.5952475 -0.0001196717322 4.87e-06
592.5952467 -0.0001231541236 3.293e-06
592.595247 -0.0001278991609 3.183e-06
592.5952459 -0.0001281154996 2.221e-06
592.595248 -0.0001224589498 3.895e-06
592.5952464 -0.0001166123503 2.84e-06
592.5952472 -0.0001225846234 2.785e-06
592.5952433 -0.0001270072567 1.867e-06
592.5952449 -0.0001271048448 1.861e-06
592.5952446 -0.000124279992 1.958e-06
592.5980285 -0.0001038291785 6.009e-06
592.5980258 -0.0001041073375 1.839e-06
592.5980282 -0.0001035753796 4.132e-06
592.598025 -0.0001033476862 1.732e-06
592.5980269 -0.0001099156086 2.577e-06
592.598029 -0.0001000934723 3.171e-06
592.5980287 -0.0001015723702 4.889e-06
592.5980261 -0.0001068971667 2.125e-06
592.5980277 -9.852256192e-05 3.299e-06
592.5980248 -0.0001079565194 1.907e-06
592.5980274 -0.0001064347216 2.746e-06
592.5980264 -0.000108449472 2.172e-06
592.5980279 -0.0001062460726 2.859e-06
592.598029 -0.0001094504054 4.614e-06
592.5980285 -0.0001047705538 3.368e-06
592.5980287 -0.0001028660318 3.022e-06
592.5980271 -0.0001051867545 2.673e-06
592.5980282 -0.0001055889708 2.86e-06
592.5980266 -0.0001059401273 2.252e-06
592.5980245 -0.0001065285029 1.844e-06
592.598029 -0.0001069140668 5.413e-06
592.5980287 -0.0001056370232 4.385e-06
592.5980285 -0.0001058854617 3.587e-06
592.5980277 -0.0001042694053 2.662e-06
592.5980279 -0.0001031507444 2.41e-06
592.5980269 -0.0001066344622 2.418e-06
592.598029 -0.0001049787957 5.462e-06
592.5980274 -0.0001048968858 2.992e-06
592.5980282 -0.0001045090765 3.18e-06
592.5980243 -0.000108211411 1.819e-06
592.5980258 -0.0001078080334 1.539e-06
592.5980256 -0.0001117201766 1.804e-06
592.6008021 -8.42546303e-05 4.424e-06
592.6007995 -8.449315372e-05 2.363e-06
592.6008019 -8.305508161e-05 3.375e-06
592.6007987 -8.489309418e-05 1.897e-06
592.6008006 -8.499354696e-05 2.63e-06
592.6008027 -8.106286517e-05 4.209e-06
592.6008024 -7.463591879e-05 4.741e-06
592.6007998 -8.493139051e-05 2.193e-06
592.6008013 -7.614887884e-05 2.68e-06
592.6007985 -8.513249599e-05 1.722e-06
592.6008011 -8.208102491e-05 3.45e-06
592.6008 -8.555354745e-05 2.07e-06
592.6008016 -8.28210237e-05 3.723e-06
592.6008027 -7.309975088e-05 4.766e-06
592.6008021 -8.093825261e-05 4.121e-06
592.6008024 -8.558128555e-05 5.52e-06
592.6008008 -8.623994005e-05 3.007e-06
592.6008019 -8.025493973e-05 2.79e-06
592.6008003 -8.539072254e-05 2.319e-06
592.6007982 -8.622713966e-05 1.973e-06
592.6008027 -8.004452012e-05 5.319e-06
592.6008024 -8.217431326e-05 4.157e-06
592.6008021 -8.316626633e-05 3.014e-06
592.6008013 -8.296220951e-05 3.058e-06
592.6008016 -8.717018026e-05 2.241e-06
592.6008006 -8.050128136e-05 2.501e-06
592.6008027 -8.596081001e-05 4.352e-06
592.6008011 -8.013984291e-05 3.056e-06
592.6008019 -8.408632491e-05 2.869e-06
592.6007979 -8.831399201e-05 1.976e-06
592.6007995 -8.44234419e-05 1.868e-06
592.6007992 -8.585879212e-05 1.69e-06
592.6035814 -6.274364789e-05 4.293e-06
592.6035788 -5.988248554e-05 2.017e-06
592.6035811 -5.450618687e-05 3.703e-06
592.603578 -6.260944959e-05 1.782e-06
592.6035798 -5.564877064e-05 2.345e-06
592.6035817 -6.005595161e-05 4.572e-06
592.603579 -6.15811413e-05 2.47e-06
592.6035806 -5.918362691e-05 2.573e-06
592.6035777 -5.99321906e-05 1.67e-06
592.6035804 -5.831127609e-05 2.215e-06
592.6035793 -5.975015303e-05 2.183e-06
592.6035809 -5.313609661e-05 4.028e-06
592.6035819 -5.943783082e-05 3.886e-06
592.6035814 -5.672989931e-05 3.766e-06
592.6035817 -6.082544121e-05 5.129e-06
592.6035801 -5.837944519e-05 2.583e-06
592.6035811 -5.380977728e-05 3.698e-06
592.6035796 -5.58118178e-05 2.201e-06
592.6035775 -6.223450516e-05 1.976e-06
592.6035819 -5.544606521e-05 4.966e-06
592.6035817 -5.723193094e-05 5.187e-06
592.6035814 -5.607832033e-05 3.455e-06
592.6035806 -5.624814371e-05 3.829e-06
592.6035809 -6.473125512e-05 2.725e-06
592.6035798 -5.391112417e-05 2.51e-06
592.6035819 -5.768483159e-05 4.763e-06
592.6035804 -5.809234309e-05 2.524e-06
592.6035811 -5.366791606e-05 3.529e-06
592.6035772 -6.175087219e-05 1.689e-06
592.6035788 -5.869140391e-05 1.931e-06
592.6035785 -6.138860239e-05 1.855e-06
592.6063569 -2.779585745e-05 3.779e-06
592.6063542 -2.774803952e-05 1.904e-06
592.6063535 -3.140544834e-05 1.797e-06
592.6063566 -2.792144344e-05 2.338e-06
592.6063553 -2.987082792e-05 2.057e-06
592.6063574 -3.113558778e-05 8.642e-06
592.6063545 -2.831669194e-05 2.014e-06
592.6063571 -2.969443498e-05 4.529e-06
592.6063561 -2.370227031e-05 2.941e-06
592.6063532 -3.310480365e-05 1.903e-06
592.6063558 -2.788419103e-05 3.391e-06
592.6063548 -3.323175675e-05 2.17e-06
592.6063563 -2.398741797e-05 3e-06
592.6063574 -3.471873953e-05 5.679e-06
592.6063569 -2.046652972e-05 5.275e-06
592.6063571 -2.407425019e-05 3.431e-06
592.6063556 -2.682327099e-05 2.333e-06
592.6063566 -2.895607817e-05 3.163e-06
592.606355 -2.600754063e-05 2.329e-06
592.6063529 -3.1349363e-05 1.628e-06
592.6063574 -2.326806603e-05 5.151e-06
592.6063571 -3.68315723e-05 4.214e-06
592.6063569 -2.925846865e-05 3.877e-06
592.6063561 -2.286565913e-05 3.417e-06
592.6063563 -2.816801777e-05 2.82e-06
592.6063553 -2.979714472e-05 1.836e-06
592.6063574 -2.808111288e-05 4.863e-06
592.6063558 -3.228031427e-05 2.502e-06
592.6063566 -3.169310149e-05 3.441e-06
592.6063527 -3.458537022e-05 1.762e-06
592.6063542 -2.490970145e-05 2.538e-06
592.606354 -3.332305564e-05 1.937e-06
592.6091357 4.830539897e-07 4.539e-06
592.609133 -3.939531336e-06 2.316e-06
592.6091322 -2.365276549e-06 1.757e-06
592.6091354 -2.900576552e-06 4.278e-06
592.6091341 6.24098731e-07 2.679e-06
592.6091333 -1.667008545e-06 1.788e-06
592.6091362 1.273225207e-05 7.142e-06
592.6091359 -1.543605319e-06 4.086e-06
592.6091349 -1.210798167e-07 2.826e-06
592.609132 -5.81141401e-07 1.68e-06
592.6091346 -6.10053658e-06 3.215e-06
592.6091336 -2.78955597e-06 2.168e-06
592.6091351 -1.734735861e-06 3.149e-06
592.6091362 -7.175297723e-06 5.19e-06
592.6091357 -6.768054755e-06 3.881e-06
592.6091359 1.483814192e-07 3.311e-06
592.6091343 2.010233611e-06 2.857e-06
592.6091354 1.567594674e-06 3.059e-06
592.6091338 -1.357592354e-06 2.393e-06
592.6091317 -7.293918648e-07 2.087e-06
592.6091362 2.759291905e-06 3.841e-06
592.6091359 -5.939946785e-06 5.406e-06
592.6091357 -7.56370601e-06 4.308e-06
592.6091349 -2.331836216e-06 2.861e-06
592.6091351 -1.047135987e-06 2.779e-06
592.6091341 4.193535776e-07 1.847e-06
592.6091362 3.349891047e-06 4.291e-06
592.6091346 1.684997358e-06 2.748e-06
592.6091354 4.614828512e-06 3.704e-06
592.6091315 -3.376991096e-06 1.792e-06
592.609133 1.077924987e-07 1.913e-06
592.6091328 -3.007085735e-06 1.907e-06
592.6119094 2.533076179e-05 2.042e-06
592.611912 3.195498601e-05 5.87e-06
592.6119086 3.296291855e-05 1.838e-06
592.6119117 3.308623906e-05 3.227e-06
592.6119104 2.992556288e-05 2.471e-06
592.6119096 2.835378943e-05 2.415e-06
592.6119123 2.612207695e-05 4.224e-06
592.6119125 3.805782993e-05 7.087e-06
592.6119112 2.959119273e-05 2.913e-06
592.6119083 2.924818425e-05 1.961e-06
592.611911 3.082447397e-05 2.564e-06
592.6119099 3.195989356e-05 2.498e-06
592.6119115 2.927030556e-05 3.737e-06
592.6119125 2.523715919e-05 6.445e-06
592.611912 4.032511367e-05 4.469e-06
592.6119123 2.60039155e-05 4.82e-06
592.6119107 3.180265271e-05 2.713e-06
592.6119117 3.094061118e-05 2.749e-06
592.6119102 3.258151859e-05 2.142e-06
592.6119081 2.674477726e-05 1.938e-06
592.6119125 3.19692927e-05 4.483e-06
592.6119123 2.575132622e-05 4.649e-06
592.611912 2.234278197e-05 4.303e-06
592.6119112 2.820517414e-05 2.955e-06
592.6119115 3.015298698e-05 2.937e-06
592.6119104 2.726646956e-05 2.075e-06
592.6119125 2.683126458e-05 3.796e-06
592.611911 2.877889958e-05 2.931e-06
592.6119117 2.571357806e-05 3.11e-06
592.6119078 2.469891946e-05 1.838e-06
592.6119094 2.64810714e-05 2.044e-06
592.6119091 3.15736841e-05 1.831e-06
592.614688 5.826077632e-05 1.878e-06
592.6146907 5.250327422e-05 3.675e-06
592.6146872 5.626343302e-05 1.759e-06
592.6146904 6.217945672e-05 3.986e-06
592.6146891 6.47252584e-05 2.489e-06
592.6146883 5.886097278e-05 2.181e-06
592.6146912 5.48196749e-05 6.757e-06
592.6146909 5.514532826e-05 5.39e-06
592.6146899 5.896267148e-05 2.73e-06
592.614687 6.032727352e-05 1.95e-06
592.6146896 6.289271169e-05 2.506e-06
592.6146886 6.547465268e-05 2.313e-06
592.6146901 6.159386012e-05 2.659e-06
592.6146912 6.67215619e-05 6.096e-06
592.6146907 5.9014545e-05 3.953e-06
592.6146909 6.296719967e-05 4.942e-06
592.6146894 6.409715723e-05 2.639e-06
592.6146904 6.248846514e-05 2.485e-06
592.6146888 6.43805515e-05 2.553e-06
592.6146867 5.503088865e-05 1.735e-06
592.6146912 5.898070175e-05 4.633e-06
592.6146909 5.896635387e-05 5.154e-06
592.6146907 5.899766767e-05 2.442e-06
592.6146899 6.810864609e-05 3.312e-06
592.6146901 5.372411811e-05 3.215e-06
592.6146891 6.488881501e-05 2.066e-06
592.6146912 6.222114745e-05 4.495e-06
592.6146896 6.344076438e-05 2.228e-06
592.6146904 6.120425436e-05 3.665e-06
592.6146865 5.792209433e-05 1.93e-06
592.6146878 6.104917931e-05 1.784e-06
592.6174672 8.793061328e-05 1.856e-06
592.6174698 9.030167217e-05 4.303e-06
592.6174664 8.816449399e-05 1.865e-06
592.6174695 8.781374349e-05 4.216e-06
592.6174682 8.69430767e-05 2.687e-06
592.6174674 9.123971586e-05 1.709e-06
592.6174703 8.806615119e-05 6.735e-06
592.6174701 9.033446876e-05 4.063e-06
592.617469 8.665657663e-05 3.551e-06
592.6174661 8.716207914e-05 1.662e-06
592.6174687 9.256031813e-05 2.735e-06
592.6174677 8.667084674e-05 2.609e-06
592.6174693 9.017057516e-05 2.427e-06
592.6174703 9.489294477e-05 5.881e-06
592.6174698 9.748497732e-05 4.543e-06
592.6174701 8.799658876e-05 3.498e-06
592.6174685 9.398951447e-05 3.72e-06
592.6174695 9.266285038e-05 3.491e-06
592.617468 9.014184163e-05 2.511e-06
592.6174659 9.109892271e-05 1.661e-06
592.6174703 9.043103028e-05 5.865e-06
592.6174701 9.553272346e-05 4.488e-06
592.6174698 9.194677883e-05 2.82e-06
592.617469 9.761761417e-05 3.176e-06
592.6174693 8.754061344e-05 2.848e-06
592.6174682 9.314735682e-05 2.923e-06
592.6174703 9.24452274e-05 4.099e-06
592.6174695 8.895046864e-05 3.907e-06
592.6174656 9.0218822e-05 1.901e-06
592.6174672 9.233270095e-05 1.973e-06
592.6174669 9.097576932e-05 2.186e-06
592.6202423 0.0001192484199 1.929e-06
592.6202449 0.0001207448655 5.212e-06
592.6202415 0.0001216227122 2.019e-06
592.6202447 0.0001242587842 6.014e-06
592.6202434 0.0001259942928 2.962e-06
592.6202426 0.0001213002803 2.561e-06
592.6202455 0.0001273401013 9.098e-06
592.6202452 0.0001254750611 3.026e-06
592.6202441 0.0001218125983 2.686e-06
592.6202412 0.0001184934016 1.959e-06
592.6202439 0.0001270363062 3.079e-06
592.6202428 0.0001239472246 2.614e-06
592.6202444 0.0001172180247 3.157e-06
592.6202455 0.0001292708411 6.801e-06
592.6202449 0.0001218071712 5.44e-06
592.6202452 0.0001276432322 4.739e-06
592.6202436 0.0001240827162 2.803e-06
592.6202447 0.0001203601866 4.033e-06
592.6202431 0.0001224219138 2.528e-06
592.620241 0.0001198191216 1.688e-06
592.6202455 0.0001146899826 4.977e-06
592.6202452 0.0001241415806 5.423e-06
592.6202449 0.0001117516179 4.171e-06
592.6202441 0.0001243964277 2.598e-06
592.6202444 0.0001203512591 3.086e-06
592.6202434 0.0001255384492 2.777e-06
592.6202455 0.0001122076905 7.491e-06
592.6202439 0.0001231453774 2.51e-06
592.6202447 0.0001246333367 2.385e-06
592.6202407 0.0001170790314 1.867e-06
592.6202423 0.0001216966622 1.749e-06
592.620242 0.0001231074673 2.222e-06
592.6230239 0.0001497308144 1.95e-06
592.6230265 0.0001482276041 3.282e-06
592.6230231 0.0001476770414 1.729e-06
592.6230263 0.0001435465302 4.518e-06
592.623025 0.0001528697822 2.946e-06
592.6230242 0.0001443979111 2.326e-06
592.6230268 0.00014437776 3.015e-06
592.6230257 0.0001438925063 2.933e-06
592.6230229 0.0001492309675 1.626e-06
592.6230255 0.0001476565104 3.091e-06
592.6230244 0.0001455535414 2.37e-06
592.623026 0.0001469731296 3.609e-06
592.6230271 0.0001470771781 5.63e-06
592.6230265 0.0001488732359 3.573e-06
592.6230268 0.0001499305002 3.887e-06
592.6230252 0.0001483785404 2.512e-06
592.6230263 0.000147406519 3.757e-06
592.6230247 0.0001455568591 2.663e-06
592.6230226 0.0001441522238 1.924e-06
592.6230271 0.0001475605584 3.331e-06
592.6230268 0.0001455331495 4.919e-06
592.6230265 0.0001448098961 4.907e-06
592.6230257 0.0001469160876 2.433e-06
592.623026 0.0001514827376 2.63e-06
592.623025 0.0001435052065 2.43e-06
592.6230271 0.0001538138321 3.455e-06
592.6230255 0.0001493152169 3.06e-06
592.6230263 0.0001481282157 2.659e-06
592.6230223 0.0001507175617 1.717e-06
592.6230239 0.0001447626693 1.971e-06
592.6230236 0.0001506421461 2.483e-06
592.6257985 0.0001773749839 2.115e-06
592.6258012 0.0001785194888 3.831e-06
592.6257977 0.000168563399 1.721e-06
592.6258009 0.0001779960476 3.655e-06
592.6257996 0.0001723556723 2.485e-06
592.6257988 0.0001728834151 1.926e-06
592.6258017 0.0001677672498 1.1507e-05
592.6258014 0.0001862918649 4.919e-06
592.6258004 0.0001768687 3.031e-06
592.6257975 0.0001725829421 1.829e-06
592.6258001 0.0001732446602 2.237e-06
592.6257991 0.0001777905723 2.267e-06
592.6258006 0.0001774729765 4.558e-06
592.6258017 0.0001801569103 5.513e-06
592.6258012 0.0001721369735 4.068e-06
592.6258014 0.0001735391014 4.037e-06
592.6257998 0.0001726904984 2.532e-06
592.6258009 0.0001743496846 3.502e-06
592.6257993 0.0001703360384 2.371e-06
592.6257972 0.0001743791562 1.631e-06
592.6258017 0.0001706177918 4.706e-06
592.6258014 0.0001823747081 5.012e-06
592.6258012 0.0001773016833 4.849e-06
592.6258004 0.0001798495788 2.913e-06
592.6258006 0.0001725812071 2.866e-06
592.6257996 0.0001718447521 2.528e-06
592.6258017 0.0001725593497 3.588e-06
592.6258001 0.0001733581299 2.666e-06
592.6258009 0.0001744858482 3.749e-06
592.625797 0.0001736588601 1.831e-06
592.6257985 0.0001718625044 2.353e-06
592.6257983 0.0001725814231 2.087e-06
592.6285772 0.0001882197276 1.969e-06
592.6285798 0.0001909537414 4.951e-06
592.6285764 0.0001896158159 1.898e-06
592.6285795 0.0001891037173 4.579e-06
592.6285774 0.000194045445 2.138e-06
592.6285803 0.0001945977615 8.543e-06
592.62858 0.0001942353147 5.655e-06
592.628579 0.0001879872385 3.267e-06
592.6285761 0.0001867396266 1.795e-06
592.6285787 0.0001924547972 2.847e-06
592.6285777 0.0001875656394 2.185e-06
592.6285793 0.000189033284 3.002e-06
592.6285803 0.0001979444822 4.426e-06
592.6285798 0.0001939039706 3.594e-06
592.62858 0.0001927790589 3.807e-06
592.6285785 0.000190485094 2.347e-06
592.6285795 0.0001913480502 4.053e-06
592.6285779 0.0001943593904 2.252e-06
592.6285758 0.0001886628662 1.624e-06
592.6285803 0.000194987507 3.655e-06
592.62858 0.0001849531784 4.888e-06
592.6285798 0.0001959873149 4.596e-06
592.628579 0.0001900267328 2.611e-06
592.6285793 0.0001907983312 3.206e-06
592.6285782 0.0001878037997 2.422e-06
592.6285803 0.0001908413635 3.527e-06
592.6285787 0.0001915385427 3.196e-06
592.6285795 0.0001959820656 3.372e-06
592.6285772 0.0001892899178 2.048e-06
592.6285769 0.0001837268197 1.996e-06
592.6313563 0.0002011021477 2.968e-06
592.6313528 0.0001988688828 2.009e-06
592.631356 0.0002020060762 4.278e-06
592.6313547 0.0001986970645 2.278e-06
592.6313539 0.0002018293789 2.204e-06
592.6313568 0.0002004726728 4.895e-06
592.6313565 0.0002076892877 6.938e-06
592.6313555 0.0002030121288 2.645e-06
592.6313526 0.0002009174313 1.86e-06
592.6313552 0.0002029118801 3.73e-06
592.6313542 0.0002016995218 2.026e-06
592.6313557 0.0002036507163 2.676e-06
592.6313568 0.0002091559959 5.082e-06
592.6313563 0.0002014096929 3.375e-06
592.6313565 0.000195449724 5.211e-06
592.6313549 0.000195275605 2.481e-06
592.631356 0.0002027355379 3.79e-06
592.6313544 0.0002035184801 2.655e-06
592.6313523 0.0002026724441 1.919e-06
592.6313568 0.0002087549299 3.933e-06
592.6313565 0.0001986278956 6.663e-06
592.6313563 0.0001968167519 4.721e-06
592.6313555 0.0002039295518 3.187e-06
592.6313557 0.0001999951289 2.886e-06
592.6313547 0.0002015293628 2.096e-06
592.6313568 0.0002006032952 2.924e-06
592.6313552 0.000204367124 2.614e-06
592.631356 0.0002037685587 2.878e-06
592.6313521 0.0001976187453 1.618e-06
592.6313536 0.0002009503432 1.602e-06
592.6313534 0.0002030859528 2.025e-06
592.6341315 0.0002037639448 2.112e-06
592.6341342 0.0002056177025 3.213e-06
592.6341308 0.0002054707227 2.061e-06
592.6341339 0.0002153189195 3.19e-06
592.6341326 0.0002057830329 2.233e-06
592.6341318 0.0002077854829 2.186e-06
592.6341347 0.0002163711204 8.34e-06
592.6341344 0.0002085932901 4.892e-06
592.6341334 0.0002117213054 4.057e-06
592.6341305 0.0002037006494 1.935e-06
592.6341331 0.0002051398601 3.373e-06
592.6341321 0.0002030806666 1.973e-06
592.6341336 0.0002119790545 3.161e-06
592.6341347 0.0002132163284 4.74e-06
592.6341342 0.0002029669903 3.284e-06
592.6341344 0.0002051922839 3.625e-06
592.6341329 0.0002055962089 2.117e-06
592.6341339 0.0002033224924 4.509e-06
592.6341323 0.000207972371 2.491e-06
592.6341302 0.0002045276222 1.708e-06
592.6341347 0.0002047086003 6.782e-06
592.6341344 0.000207924863 6.571e-06
592.6341342 0.0002032705421 4.233e-06
592.6341334 0.0002058765541 2.503e-06
592.6341336 0.0002021801582 2.884e-06
592.6341326 0.0002069822157 2.876e-06
592.6341331 0.0002054452516 2.906e-06
592.6341347 0.0002104595265 3.439e-06
592.6341339 0.0002043524221 2.94e-06
592.63413 0.0002041851465 1.577e-06
592.6341315 0.0002055769768 1.849e-06
592.6341313 0.0002088704153 1.939e-06
592.6369103 0.0002036780571 1.747e-06
592.6369129 0.0002116587955 5.92e-06
592.6369095 0.0002024575963 2.27e-06
592.6369126 0.0002066926058 2.095e-06
592.6369113 0.000203876601 2.336e-06
592.6369105 0.0002031095707 2.198e-06
592.6369132 0.000202165327 5.038e-06
592.6369134 0.0002049043696 1.0136e-05
592.6369121 0.0002032952281 3.156e-06
592.6369092 0.0002014623258 1.582e-06
592.6369118 0.0002029491777 3.101e-06
592.6369108 0.0002009399797 1.913e-06
592.6369124 0.0002066692654 3.02e-06
592.6369134 0.0002057218273 6.347e-06
592.6369129 0.0002046641053 4.331e-06
592.6369132 0.0002046357907 3.521e-06
592.6369116 0.000206003355 2.925e-06
592.6369126 0.0002100185484 4.912e-06
592.636911 0.0002031603962 2.311e-06
592.6369089 0.000200869427 1.725e-06
592.6369134 0.0002058607276 5.679e-06
592.6369132 0.0002031256711 6.308e-06
592.6369129 0.0002046966074 4.04e-06
592.6369121 0.0002017354355 2.5e-06
592.6369124 0.0002090830038 3.579e-06
592.6369113 0.0002045300152 3.08e-06
592.6369134 0.0002051607067 2.834e-06
592.6369118 0.0002059853614 2.43e-06
592.6369126 0.0001978278203 2.79e-06
592.6369087 0.000201380454 1.907e-06
592.6369103 0.0002044482947 1.949e-06
592.63691 0.0002020496698 1.567e-06
592.639687 0.0001915446914 1.815e-06
592.6396897 0.0001998180132 4.607e-06
592.6396862 0.0001945544489 2.069e-06
592.6396894 0.000194273446 3.089e-06
592.6396881 0.0001924210754 2.795e-06
592.6396873 0.0001937692754 2.177e-06
592.6396902 0.0001935486933 9.799e-06
592.6396899 0.0001988018533 4.018e-06
592.6396889 0.000196049334 3.777e-06
592.639686 0.0001917847154 1.836e-06
592.6396886 0.000198436852 2.572e-06
592.6396876 0.0001909004108 2.753e-06
592.6396891 0.0001894082572 3.698e-06
592.6396902 0.0001993739563 6.626e-06
592.6396897 0.0001895630116 3.191e-06
592.6396899 0.0001882429702 4.093e-06
592.6396883 0.0001934062744 2.955e-06
592.6396894 0.0001910819245 4.589e-06
592.6396878 0.0001919134848 2.489e-06
592.6396857 0.0001912198999 1.9e-06
592.6396902 0.0001976908027 5.81e-06
592.6396899 0.0002037531888 5.139e-06
592.6396897 0.0002006588234 5.067e-06
592.6396889 0.0001924640851 2.451e-06
592.6396891 0.0001886493203 3.618e-06
592.6396881 0.0001977995618 2.671e-06
592.6396902 0.0001888132332 2.631e-06
592.6396886 0.0001967129153 2.429e-06
592.6396894 0.0001954512549 2.676e-06
592.6396854 0.0001915055683 2.205e-06
592.639687 0.0001950511333 2.048e-06
592.6396868 0.000194537775 2.015e-06
592.6424649 0.0001795962527 1.906e-06
592.6424675 0.0001748988736 3.962e-06
592.6424641 0.0001732470759 1.509e-06
592.6424673 0.0001744904029 4.403e-06
592.6424659 0.0001737998397 2.572e-06
592.6424652 0.0001728058821 2.391e-06
592.642468 0.0001827086418 6.987e-06
592.6424678 0.0001745777122 3.195e-06
592.6424667 0.0001729384915 2.198e-06
592.6424638 0.0001781229581 2.262e-06
592.6424665 0.0001770608944 2.692e-06
592.6424654 0.0001759985017 2.139e-06
592.642467 0.0001780428295 2.887e-06
592.642468 0.0001834734787 5.676e-06
592.6424675 0.0001753337328 4.417e-06
592.6424678 0.0001725208714 2.802e-06
592.6424662 0.000181346997 3.068e-06
592.6424673 0.0001795722442 3.989e-06
592.6424657 0.0001788383876 2.704e-06
592.6424636 0.0001724134246 1.99e-06
592.642468 0.0001792953961 5.191e-06
592.6424678 0.0001747611014 4.625e-06
592.6424675 0.0001732587983 5.26e-06
592.6424667 0.0001750698533 2.892e-06
592.642467 0.0001751549109 2.768e-06
592.6424659 0.0001756499843 2.831e-06
592.642468 0.0001756564407 3.183e-06
592.6424665 0.0001781961895 2.68e-06
592.6424673 0.000174323574 2.84e-06
592.6424633 0.0001721711544 1.615e-06
592.6424649 0.0001718626301 1.955e-06
592.6424646 0.0001732208797 1.649e-06
592.6452419 0.0001524384719 2.325e-06
592.6452445 0.0001556519479 4.194e-06
592.6452411 0.0001477044388 1.946e-06
592.6452443 0.0001528340093 3.134e-06
592.645243 0.0001514721796 1.925e-06
592.6452422 0.0001516774084 1.985e-06
592.6452451 0.0001571027636 4.833e-06
592.6452448 0.0001519516798 2.77e-06
592.6452438 0.0001544340409 2.609e-06
592.6452409 0.000150532729 2.143e-06
592.6452435 0.0001506947449 2.664e-06
592.6452424 0.0001515760786 2.041e-06
592.645244 0.0001527022393 2.692e-06
592.6452451 0.0001537470464 4.355e-06
592.6452445 0.0001523183139 3.681e-06
592.6452448 0.0001530840541 2.607e-06
592.6452432 0.0001535902052 2.132e-06
592.6452443 0.0001623763792 4.536e-06
592.6452427 0.0001537413375 2.235e-06
592.6452406 0.0001550071328 1.838e-06
592.6452451 0.0001593291735 7.558e-06
592.6452448 0.0001574841197 4.255e-06
592.6452445 0.0001426443652 4.578e-06
592.6452438 0.0001520785061 2.564e-06
592.645244 0.0001528010001 3.265e-06
592.645243 0.0001517019056 2.589e-06
592.6452451 0.0001511249802 2.7e-06
592.6452435 0.0001534637251 3.008e-06
592.6452443 0.0001557824151 2.936e-06
592.6452403 0.0001511703032 1.836e-06
592.6452419 0.000152796096 2.209e-06
592.6452417 0.0001539752054 1.906e-06
592.6480159 0.0001191039852 1.86e-06
592.6480186 0.0001134901403 4.987e-06
592.6480151 0.0001203152713 1.897e-06
592.6480183 0.000128742916 3.281e-06
592.648017 0.0001207341485 2.055e-06
592.6480162 0.0001211638831 2.112e-06
592.6480191 0.0001202652669 6.352e-06
592.6480188 0.000131171812 3.813e-06
592.6480178 0.0001237675023 3.297e-06
592.6480149 0.0001228403518 1.98e-06
592.6480175 0.0001199621874 2.09e-06
592.6480164 0.0001247760193 2.074e-06
592.648018 0.0001243267556 3.352e-06
592.6480191 0.0001304293691 5.537e-06
592.6480186 0.0001191841724 4.935e-06
592.6480188 0.0001244556639 4.069e-06
592.6480172 0.0001248074781 2.466e-06
592.6480183 0.0001267002181 3.995e-06
592.6480167 0.0001211456583 2.013e-06
592.6480146 0.0001223224446 2.263e-06
592.6480191 0.0001232230225 5.127e-06
592.6480188 0.0001139151705 5.731e-06
592.6480186 0.0001235493311 4.549e-06
592.6480178 0.0001231193238 3.04e-06
592.648018 0.000129598996 3.462e-06
592.648017 0.0001238376135 3.226e-06
592.6480191 0.0001248132533 2.896e-06
592.6480175 0.000128163041 2.573e-06
592.6480183 0.0001238038141 3.872e-06
592.6480143 0.0001178317679 1.562e-06
592.6480159 0.0001211365598 2.18e-06
592.6480157 0.0001218083822 1.866e-06
592.650815 9.002517316e-05 1.906e-06
592.6508176 8.808937632e-05 5.712e-06
592.6508142 9.087731533e-05 1.789e-06
592.6508173 9.407038735e-05 4.237e-06
592.650816 8.956530751e-05 2.635e-06
592.6508181 9.188474581e-05 5.446e-06
592.6508152 8.950257504e-05 2.322e-06
592.6508179 8.696678218e-05 4.88e-06
592.6508168 8.915560338e-05 2.927e-06
592.6508139 9.357764201e-05 1.857e-06
592.6508165 8.918594113e-05 2.572e-06
592.6508155 9.00710685e-05 2.145e-06
592.6508171 9.422115373e-05 3.205e-06
592.6508181 0.0001004192917 3.549e-06
592.6508176 9.031160424e-05 5.025e-06
592.6508179 8.886563195e-05 5.193e-06
592.6508163 9.265477695e-05 2.923e-06
592.6508173 8.374437579e-05 4.044e-06
592.6508158 8.636607397e-05 2.263e-06
592.6508137 9.026517323e-05 1.622e-06
592.6508181 9.244927701e-05 4.63e-06
592.6508179 9.479903889e-05 4.385e-06
592.6508176 8.765125103e-05 4.85e-06
592.6508168 9.551026062e-05 2.894e-06
592.6508171 9.67707483e-05 3.44e-06
592.650816 9.475347133e-05 2.667e-06
592.6508181 8.705953805e-05 4.432e-06
592.6508165 8.996339869e-05 2.309e-06
592.6508173 9.126215156e-05 3.478e-06
592.6508134 8.933178586e-05 1.852e-06
592.650815 8.922071637e-05 2.061e-06
592.6508147 9.386937422e-05 2.33e-06
592.6535728 5.981482517e-05 2.176e-06
592.6535754 6.158517927e-05 4.43e-06
592.653572 5.765889788e-05 1.994e-06
592.6535751 5.843205692e-05 3.893e-06
592.6535738 5.606178146e-05 2.464e-06
592.6535759 5.986745547e-05 7.294e-06
592.653573 5.575247075e-05 2.027e-06
592.6535757 5.728861511e-05 4.41e-06
592.6535746 5.579985996e-05 3.199e-06
592.6535717 5.784250726e-05 1.907e-06
592.6535744 6.206745329e-05 2.893e-06
592.6535733 5.910560269e-05 2.27e-06
592.6535749 5.923727641e-05 2.466e-06
592.6535759 6.312483187e-05 5.147e-06
592.6535754 6.178771044e-05 3.93e-06
592.6535757 5.494753888e-05 5.632e-06
592.6535741 6.060365814e-05 2.835e-06
592.6535751 6.523771779e-05 2.946e-06
592.6535736 6.133201009e-05 2.295e-06
592.6535715 5.544699853e-05 1.569e-06
592.6535759 6.686797622e-05 7.177e-06
592.6535757 5.74236359e-05 6.25e-06
592.6535754 5.761863703e-05 4.365e-06
592.6535746 5.901458179e-05 2.056e-06
592.6535749 5.668845242e-05 2.652e-06
592.6535738 6.034869074e-05 2.546e-06
592.6535759 6.372997047e-05 5.101e-06
592.6535744 5.660862496e-05 3.078e-06
592.6535751 6.311758473e-05 3.982e-06
592.6535712 5.273090061e-05 1.754e-06
592.6535728 5.686554227e-05 1.704e-06
592.6535725 5.729837824e-05 2.111e-06
592.6563545 3.227609327e-05 2.607e-06
592.6563572 3.241567032e-05 7.571e-06
592.6563537 2.649710779e-05 2.044e-06
592.6563569 2.834730123e-05 4.166e-06
592.6563556 2.489588571e-05 2.682e-06
592.6563548 2.559783652e-05 2.466e-06
592.6563574 3.376540875e-05 3.456e-06
592.6563564 2.604843883e-05 3.864e-06
592.6563535 2.38455778e-05 1.979e-06
592.6563561 3.308287226e-05 3.618e-06
592.6563551 2.865734678e-05 2.384e-06
592.6563566 2.655206883e-05 3.693e-06
592.6563577 2.706161091e-05 4.134e-06
592.6563572 3.353347753e-05 4.64e-06
592.6563574 2.731300303e-05 3.662e-06
592.6563558 3.025017246e-05 2.936e-06
592.6563569 2.833348976e-05 2.83e-06
592.6563553 2.841047254e-05 2.562e-06
592.6563532 2.233188244e-05 1.768e-06
592.6563577 2.25145723e-05 6.022e-06
592.6563574 2.543740716e-05 7.398e-06
592.6563572 2.549060594e-05 5.014e-06
592.6563564 2.35903066e-05 2.792e-06
592.6563566 2.736970704e-05 2.846e-06
592.6563556 2.782943881e-05 2.858e-06
592.6563577 3.313343438e-05 5.552e-06
592.6563561 2.639045465e-05 2.178e-06
592.6563569 2.393684281e-05 4.151e-06
592.656353 2.473273749e-05 2.083e-06
592.6563545 2.668767193e-05 2.185e-06
592.6563543 2.89761123e-05 2.141e-06
592.6591311 -1.246976321e-05 2.032e-06
592.6591337 -4.751957039e-06 3.916e-06
592.6591303 -9.607237066e-06 2.079e-06
592.6591334 -8.629891297e-06 3.936e-06
592.6591321 -6.62297257e-06 2.606e-06
592.6591342 -4.55057205e-06 9.265e-06
592.6591313 -1.19332354e-05 2.008e-06
592.6591339 -1.052436187e-05 2.784e-06
592.6591329 -6.585969835e-06 3.992e-06
592.65913 -1.11595944e-05 1.998e-06
592.6591326 -1.135025496e-05 2.664e-06
592.6591316 -1.345491615e-05 2.022e-06
592.6591332 -9.349284386e-06 3.878e-06
592.6591342 -9.805387226e-06 6.986e-06
592.6591337 -4.375911452e-06 3.814e-06
592.6591339 -5.139388954e-06 3.982e-06
592.6591324 -7.868179363e-06 2.344e-06
592.6591334 -9.701237484e-06 3.2e-06
592.6591318 -1.121607631e-05 2.315e-06
592.6591297 -9.965066e-06 1.751e-06
592.6591342 -7.048128783e-06 2.878e-06
592.6591339 -8.543445769e-06 6.759e-06
592.6591337 -4.613510869e-06 2.922e-06
592.6591329 -7.157252134e-06 2.734e-06
592.6591332 -1.258174146e-05 2.624e-06
592.6591321 -1.194501479e-05 2.68e-06
592.6591342 -1.555934537e-05 4.58e-06
592.6591326 -9.49182243e-06 2.453e-06
592.6591334 -3.370778716e-06 3.617e-06
592.6591295 -1.297542845e-05 1.898e-06
592.6591311 -1.176863016e-05 1.971e-06
592.6591308 -1.002456854e-05 2.112e-06
592.6619037 -3.791119289e-05 2.012e-06
592.6619063 -3.535726366e-05 3.209e-06
592.6619029 -4.029460554e-05 2.006e-06
592.661906 -3.047543697e-05 3.21e-06
592.6619047 -4.282978454e-05 2.666e-06
592.6619068 -2.441057304e-05 7.127e-06
592.6619039 -4.156772083e-05 1.897e-06
592.6619066 -3.685100378e-05 3.388e-06
592.6619055 -3.824231483e-05 2.701e-06
592.6619026 -4.206155768e-05 1.843e-06
592.6619053 -4.061849704e-05 3.369e-06
592.6619042 -3.694276068e-05 2.38e-06
592.6619058 -3.62151832e-05 3.602e-06
592.6619068 -3.184892584e-05 3.754e-06
592.6619063 -3.740452229e-05 4.978e-06
592.6619066 -4.160440189e-05 6.179e-06
592.661905 -3.797658451e-05 2.605e-06
592.661906 -4.276420804e-05 3.201e-06
592.6619045 -3.702418326e-05 2.432e-06
592.6619024 -4.038393079e-05 1.88e-06
592.6619068 -3.231038801e-05 6.862e-06
592.6619066 -3.968455958e-05 5.141e-06
592.6619063 -4.331234331e-05 5.456e-06
592.6619055 -3.551867498e-05 3.288e-06
592.6619058 -4.172202629e-05 3.338e-06
592.6619047 -3.538437102e-05 2.302e-06
592.6619068 -3.396741488e-05 5.537e-06
592.6619053 -3.802043144e-05 2.968e-06
592.661906 -3.804335498e-05 3.237e-06
592.6619021 -4.121897602e-05 1.862e-06
592.6619037 -3.775276678e-05 1.714e-06
592.6619034 -3.696168565e-05 2.303e-06
592.6646911 -6.890414608e-05 4.401e-06
592.6646885 -6.764187096e-05 2.292e-06
592.6646908 -6.934892014e-05 3.606e-06
592.6646877 -6.625684976e-05 1.974e-06
592.6646895 -6.904424764e-05 2.584e-06
592.6646916 -7.948566507e-05 7.614e-06
592.6646914 -6.827112923e-05 4.629e-06
592.6646887 -6.732243702e-05 2.348e-06
592.6646903 -6.922264712e-05 2.605e-06
592.6646874 -6.835944254e-05 1.85e-06
592.66469 -6.936524177e-05 2.586e-06
592.664689 -7.244098341e-05 1.929e-06
592.6646906 -6.710309928e-05 2.793e-06
592.6646916 -6.581684601e-05 2.703e-06
592.6646911 -6.739210996e-05 4.858e-06
592.6646914 -6.399756977e-05 4.815e-06
592.6646898 -7.066028195e-05 2.6e-06
592.6646908 -6.920643744e-05 4.843e-06
592.6646893 -7.029075808e-05 2.415e-06
592.6646872 -7.002782565e-05 1.8e-06
592.6646916 -6.415864227e-05 5.405e-06
592.6646914 -6.329406149e-05 4.412e-06
592.6646911 -7.117557806e-05 4.151e-06
592.6646903 -7.142099521e-05 3.276e-06
592.6646906 -6.329107334e-05 3.939e-06
592.6646916 -6.894931569e-05 3.337e-06
592.66469 -6.44145828e-05 3.328e-06
592.6646908 -6.630580933e-05 3.12e-06
592.6646869 -7.197287702e-05 1.725e-06
592.6646885 -6.957183554e-05 2.077e-06
592.6646882 -6.838690445e-05 1.947e-06
592.6674658 -9.340225536e-05 6.335e-06
592.6674631 -9.186052741e-05 2.537e-06
592.6674655 -9.579709674e-05 3.524e-06
592.6674623 -9.411721375e-05 1.876e-06
592.6674642 -9.472516629e-05 2.533e-06
592.6674663 -9.866183945e-05 5.049e-06
592.667466 -8.526129142e-05 3.897e-06
592.6674634 -9.224203432e-05 2.024e-06
592.667465 -9.561864937e-05 2.277e-06
592.6674621 -9.364769512e-05 1.614e-06
592.6674647 -9.06246663e-05 2.583e-06
592.6674637 -9.506238816e-05 1.96e-06
592.6674652 -8.936819846e-05 2.962e-06
592.6674663 -8.928341377e-05 3.381e-06
592.6674658 -8.937687557e-05 5.704e-06
592.667466 -9.779073533e-05 5.484e-06
592.6674644 -9.384240436e-05 2.724e-06
592.6674655 -8.734401425e-05 4.256e-06
592.6674639 -9.119592145e-05 2.446e-06
592.6674618 -9.268068008e-05 2.056e-06
592.6674663 -9.76606387e-05 7.063e-06
592.667466 -8.933949535e-05 4.455e-06
592.6674658 -9.580697983e-05 2.932e-06
592.667465 -9.461468462e-05 2.204e-06
592.6674652 -9.199496831e-05 3.738e-06
592.6674642 -9.462719604e-05 2.709e-06
592.6674663 -8.853497011e-05 2.581e-06
592.6674647 -9.252418356e-05 2.855e-06
592.6674655 -8.862131297e-05 3.378e-06
592.6674616 -9.818771849e-05 1.736e-06
592.6674631 -9.098002367e-05 2.137e-06
592.6674629 -8.94272062e-05 2.268e-06
592.6695493 -0.0001128056853 1.1663e-05
592.6695466 -0.0001075918983 3.277e-06
592.669549 -0.0001114250879 4.379e-06
592.6695459 -0.0001119410854 2.589e-06
592.6695477 -0.0001083218281 3.817e-06
592.6695498 -0.0001044576533 7.424e-06
592.6695495 -0.000111953713 4.352e-06
592.6695469 -0.000108967925 3.469e-06
592.6695485 -0.0001090741238 3.12e-06
592.6695456 -0.0001101687918 2.344e-06
592.6695482 -0.00010658892 4.421e-06
592.6695472 -0.0001149456555 2.794e-06
592.6695487 -0.0001127805986 5.198e-06
592.6695498 -0.0001069925176 6.949e-06
592.6695493 -0.0001095594743 5.374e-06
592.6695495 -0.0001123861726 8.014e-06
592.669548 -0.0001102976578 4.441e-06
592.669549 -9.639036106e-05 6.94e-06
592.6695474 -0.000109119578 3.303e-06
592.6695453 -0.000110295637 2.695e-06
592.6695498 -0.0001048719913 8.543e-06
592.6695495 -0.0001158839351 6.225e-06
592.6695493 -0.0001081395449 5.701e-06
592.6695485 -0.0001014016525 4.395e-06
592.6695487 -0.0001093132435 3.89e-06
592.6695477 -0.0001117068683 2.847e-06
592.6695498 -0.0001130868804 5.042e-06
592.6695482 -0.0001131418493 4.431e-06
592.669549 -0.000109311319 4.663e-06
592.6695451 -0.0001159106046 2.528e-06
592.6695466 -0.0001128056769 2.942e-06
592.6695464 -0.0001107973038 2.628e-06
